time,value_H
0.0,0.0
0.01,0.0
0.02,0.002126082156352
0.03,0.01587574414219406
0.04,0.04084028889708607
0.05,0.07642980926616816
0.06,0.1220724214632834
0.07,0.17724446169407354
0.08,0.24147273706765657
0.09,0.31433063323431465
0.1,0.3954330838206169
0.11,0.48443173189920036
0.12,0.5810106186158903
0.13,0.6848824368660377
0.14,0.7957853001634574
0.15,0.9134799568421195
0.16,1.0377473817754375
0.17,1.1683866862335341
0.18,1.305213295880171
0.19,1.4480573554493597
0.2,1.596762325882563
0.21,1.7511837456700774
0.22,1.9111881329916713
0.23,2.076652009184748
0.24,2.2474610272594537
0.25,2.4235091917773306
0.26,2.6046981585330773
0.27,2.7909366042230284
0.28,2.982139657724223
0.29,3.1782283858036773
0.3,3.3791293270753955
0.31,3.58477406885975
0.32,3.7950988623054376
0.33,4.010044271731774
0.34,4.229554854657379
0.35,4.4535788694155105
0.36,4.682068007628703
0.37,4.914977149135977
0.38,5.152264137242878
0.39,5.3938895724047855
0.4,5.639816622662767
0.41,5.890010849333505
0.42,6.14444004661423
0.43,6.403074093903488
0.44,6.665884819761575
0.45,6.932845876543001
0.46,7.203932624829192
0.47,7.479122026874632
0.48,7.758392548355028
0.49,8.04172406777318
0.5,8.329097792938022
0.51,8.620496183985713
0.52,8.915902882459399
0.53,9.21530264600708
0.54,9.518681288295463
0.55,9.826025623772166
0.56,10.137323416939799
0.57,10.452563335833466
0.58,10.771734909418557
0.59,11.094828488648632
0.6,11.4218352109439
0.61,11.75274696786965
0.62,12.08755637581104
0.63,12.42625674945619
0.64,12.768842077913652
0.65,13.115307003303226
0.66,13.46564680167083
0.67,13.819857366088893
0.68,14.17793519181355
0.69,14.539877363378942
0.7,14.90568154351715
0.71,15.275345963799916
0.72,15.64886941690522
0.73,16.026251250418255
0.74,16.407491362082233
0.75,16.792590196419894
0.76,17.181548742651696
0.77,17.574368533841273
0.78,17.971051647203126
0.79,18.37160070551152
0.8,18.776018879553288
0.81,19.184309891570738
0.82,19.596478019644103
0.83,20.012528102965994
0.84,20.432465547963194
0.85,20.85629633522373
0.86,21.284027027189723
0.87,21.71566477657882
0.88,22.151217335499233
0.89,22.590693065225523
0.9,23.034100946604237
0.91,23.48145059106033
0.92,23.93275225217718
0.93,24.388016837824587
0.94,24.847255922810827
0.95,25.31048176203637
0.96,25.77770730412828
0.97,26.24894620553581
0.98,26.724212845068976
0.99,27.20352233886328
1.0,27.68689055575489
1.01,28.174334133051918
1.02,28.66587049268854
1.03,29.161517857749804
1.04,29.66129526935613
1.05,30.165222603897575
1.06,30.673320590608864
1.07,31.18561082947735
1.08,31.702115809476936
1.09,32.222858927121976
1.1,32.74786450533615
1.11,33.2771578126322
1.12,33.81076508259922
1.13,34.348713533695346
1.14,34.8910313893442
1.15,35.437747898334536
1.16,35.98889335552337
1.17,36.54449912284353
1.18,37.10459765061754
1.19,37.66922249918054
1.2,38.23840836081558
1.21,38.81219108200565
1.22,39.3906076860073
1.23,39.97369639575184
1.24,40.56149665708036
1.25,41.15404916232014
1.26,41.75139587421023
1.27,42.353580050185144
1.28,42.96064626702602
1.29,43.57264044588963
1.3,44.18960987772599
1.31,44.81160324909645
1.32,45.438670668404484
1.33,46.07086369255243
1.34,46.708235354037896
1.35,47.350840188504456
1.36,47.998734262761815
1.37,48.6519752032915
1.38,49.31062222525468
1.39,49.97473616201959
1.4,50.64437949522658
1.41,51.319616385409795
1.42,52.00051270319485
1.43,52.68713606109296
1.44,53.37955584591244
1.45,54.077843251809455
1.46,54.78207131400036
1.47,55.49231494315908
1.48,56.20865096052337
1.49,56.93115813373488
1.5,57.65991721343847
1.51,58.395010970667144
1.52,59.13652423503977
1.53,59.88454393379947
1.54,60.63915913172145
1.55,61.40046107191982
1.56,62.16854321758391
1.57,62.9435012946752
1.58,63.72543333561716
1.59,64.51443972401096
1.6,65.31062324041096
1.61,66.11408910919494
1.62,66.92494504656464
1.63,67.74330130971371
1.64,68.56927074720042
1.65,69.40296885056412
1.66,70.2445138072251
1.67,71.09402655470865
1.68,71.95163083623513
1.69,72.81745325771914
1.7,73.69162334622172
1.71,74.57427360990084
1.72,75.46553959950657
1.73,76.36555997146849
1.74,77.27447655262415
1.75,78.19243440663877
1.76,79.11958190216721
1.77,80.05607078281133
1.78,81.00205623892634
1.79,81.95769698133188
1.8,82.92315531698442
1.81,83.8985972266695
1.82,84.88419244477326
1.83,85.880114541195
1.84,86.8865410054631
1.85,87.90365333311928
1.86,88.93163711443694
1.87,89.97068212554142
1.88,91.02098242200182
1.89,92.08273643496544
1.9,93.15614706990786
1.91,94.24142180807374
1.92,95.33877281068472
1.93,96.44841702599342
1.94,97.57057629926382
1.95,98.70547748576078
1.96,99.85335256683325
1.97,101.01443876917777
1.98,102.18897868737113
1.99,103.37722040976305
2.0,104.5794176478219
2.01,105.79582986902882
2.02,107.02672243341776
2.03,108.2723667338612
2.04,109.53304034020368
2.05,110.80902714734752
2.06,112.10061752739756
2.07,113.40810848597408
2.08,114.73180382280533
2.09,116.07201429671375
2.1,117.42905779511213
2.11,118.80325950812855
2.12,120.19495210748127
2.13,121.60447593022717
2.14,123.03217916750978
2.15,124.4784180584353
2.16,125.94355708920732
2.17,127.42796919765338
2.18,128.93203598327878
2.19,130.45614792298505
2.2,132.0007045925932
2.21,133.56611489431316
2.22,135.1527972903038
2.23,136.7611800424688
2.24,138.39170145863648
2.25,140.04481014527235
2.26,141.72096526687545
2.27,143.42063681221057
2.28,145.1443058675295
2.29,146.89246489693565
2.3,148.66561803004697
2.31,150.4642813571127
2.32,152.28898323173934
2.33,154.14026458138162
2.34,156.01867922575326
2.35,157.92479420331193
2.36,159.859190105971
2.37,161.82246142218978
2.38,163.81521688859058
2.39,165.83807985024973
2.4,167.8916886298045
2.41,169.97669690551575
2.42,172.09377409842028
2.43,174.24360576870163
2.44,176.4268940214023
2.45,178.64435792159315
2.46,180.89673391910733
2.47,183.18477628293726
2.48,185.50925754538358
2.49,187.87096895603253
2.5,190.270720945627
2.51,192.70934359988118
2.52,195.1876871432743
2.53,197.70662243284178
2.54,200.26704146196292
2.55,202.8698578741243
2.56,205.51600748661582
2.57,208.20644882409098
2.58,210.94216366189755
2.59,213.72415757905458
2.6,216.55346052072127
2.61,219.43112736996838
2.62,222.35823852862603
2.63,225.33590050694207
2.64,228.3652465217416
2.65,231.44743710273212
2.66,234.58366070654836
2.67,237.77513433807692
2.68,241.02310417854343
2.69,244.32884621978212
2.7,247.69366690404163
2.71,251.11890376860947
2.72,254.60592609446127
2.73,258.1561355580596
2.74,261.7709668853403
2.75,265.4518885068319
2.76,269.2004032127548
2.77,273.01804880684244
2.78,276.9063987575158
2.79,280.86706284492345
2.8,284.9016878022361
2.81,289.0119579494501
2.82,293.199595817817
2.83,297.4663627628663
2.84,301.8140595638349
2.85,306.244527007151
2.86,310.75964645145024
2.87,315.3613403714183
2.88,320.0515728775672
2.89,324.8323502088524
2.9,329.7057211948306
2.91,334.6737776838428
2.92,339.73865493348086
2.93,344.90253195936185
2.94,350.167631837992
2.95,355.53622195925016
2.96,361.010614223761
2.97,366.59316518016124
2.98,372.2862760969858
2.99,378.09239296362074
3.0,384.0140064144808
3.01,390.0536515702755
3.02,396.21390778993236
3.03,402.49739832644167
3.04,408.9067898795882
3.05,415.4447920382286
3.06,422.1141566044736
3.07,428.91767679183215
3.08,435.85818628908504
3.09,442.9385581813631
3.1,450.1617037196329
3.11,457.530570929526
3.12,465.0481430501997
3.13,472.71743679368757
3.14,480.5415004149904
3.15,488.5234115829775
3.16,496.6662750420161
3.17,504.97322005413326
3.18,513.4473976114342
3.19,522.0919774084715
3.2,530.9101445642755
3.21,539.905096083826
3.22,549.0800370488814
3.23,558.4381765282731
3.24,567.9827231980497
3.25,577.7168806621994
3.26,587.64384246511
3.27,597.7667867874529
3.28,608.0888708177912
3.29,618.6132247929343
3.3,629.3429457008912
3.31,640.2810906412137
3.32,651.4306698385825
3.33,662.7946393066704
3.34,674.3758931606276
3.35,686.1772555779727
3.36,698.2014724092439
3.37,710.4512024414719
3.38,722.9290083193732
3.39,735.6373471311388
3.4,748.5785606677908
3.41,761.7548653673182
3.42,775.1683419571472
3.43,788.8209248109764
3.44,802.7143910385751
3.45,816.8503493298145
3.46,831.230228576952
3.47,845.8552663020056
3.48,860.7264969189293
3.49,875.8447398631963
3.5,891.210587624312
3.51,906.8243937196811
3.52,922.6862606511133
3.53,938.7960278880558
3.54,955.1532599243494
3.55,971.7572344578969
3.56,988.6069307450705
3.57,1005.7010181839439
3.58,1023.0378451824794
3.59,1040.615428369602
3.6,1058.4314422086193
3.61,1076.483209073663
3.62,1094.767689850716
3.63,1113.2814751253102
3.64,1132.0207770191184
3.65,1150.981421737387
3.66,1170.1588428884554
3.67,1189.5480756354568
3.68,1209.1437517386937
3.69,1228.9400955451028
3.7,1248.9309209786893
3.71,1269.1096295827967
3.72,1289.4692096616131
3.73,1310.0022365643874
3.74,1330.7008741514762
3.75,1351.5568774765732
3.76,1372.5615967143099
3.77,1393.7059823569064
3.78,1414.9805916977102
3.79,1436.3755966133374
3.8,1457.8807926497677
3.81,1479.485609411186
3.82,1501.1791222436484
3.83,1522.9500651988503
3.84,1544.7868452564144
3.85,1566.6775577762714
3.86,1588.6100031459164
3.87,1610.5717045806452
3.88,1632.5499270283642
3.89,1654.5316971242623
3.9,1676.5038241346044
3.91,1698.452921823175
3.92,1720.3654311685332
3.93,1742.2276438552597
3.94,1764.025726457843
3.95,1785.7457452317674
3.96,1807.3736914227961
3.97,1828.8955070023849
3.98,1850.297110734658
3.99,1871.564424478429
4.0,1892.683399626384
4.01,1913.6400435827572
4.02,1934.4204461806312
4.03,1955.010805940385
4.04,1975.3974560717793
4.05,1995.5668901237148
4.06,2015.5057871877862
4.07,2035.2010365644023
4.08,2054.639761803379
4.09,2073.809344034558
4.1,2092.6974445080964
4.11,2111.2920262685893
4.12,2129.5813748920946
4.13,2147.5541182203897
4.14,2165.199245032336
4.15,2182.5061225980676
4.16,2199.4645130677427
4.17,2216.0645886528227
4.18,2232.296945564165
4.19,2248.1526166776403
4.2,2263.6230829044175
4.21,2278.7002832494927
4.22,2293.376623548402
4.23,2307.644983878325
4.24,2321.4987246458963
4.25,2334.931691359994
4.26,2347.9382181034725
4.27,2360.5131297232824
4.28,2372.6517427636054
4.29,2384.3498651714913
4.3,2395.603794809045
4.31,2406.4103168103934
4.32,2416.766699825484
4.33,2426.670691196234
4.34,2436.12051111359
4.35,2445.1148458067446
4.36,2453.6528398180385
4.37,2461.7340874189617
4.38,2469.358623224183
4.39,2476.5269120616654
4.4,2483.2398381577045
4.41,2489.4986936961304
4.42,2495.3051668110093
4.43,2500.6613290719374
4.44,2505.569622520485
4.45,2510.032846315536
4.46,2514.054143044187
4.47,2517.6369847535675
4.48,2520.7851587574078
4.49,2523.5027532694726
4.5,2525.794142914082
4.51,2527.6639741619138
4.52,2529.117150737117
4.53,2530.1588190395028
4.54,2530.79435362324
4.55,2531.0293427710576
4.56,2530.8695742005143
4.57,2530.3210209364092
4.58,2529.389827380916
4.59,2528.0822956105353
4.6,2526.4048719264974
4.61,2524.36413368281
4.62,2521.966776413759
4.63,2519.219601280335
4.64,2516.12950285279
4.65,2512.7034572443285
4.66,2508.9485106088246
4.67,2504.871768013421
4.68,2500.480382694924
4.69,2495.7815457070656
4.7,2490.782475963942
4.71,2485.4904106833023
4.72,2479.91259623179
4.73,2474.056279372803
4.74,2467.9286989162833
4.75,2461.537077768482
4.76,2454.888615378617
4.77,2447.9904805782535
4.78,2440.849804808291
4.79,2433.4736757275623
4.8,2425.869131196257
4.81,2418.0431536266915
4.82,2410.0026646933125
4.83,2401.754520393291
4.84,2393.305506448586
4.85,2384.6623340399574
4.86,2375.831635863074
4.87,2366.8199624965923
4.88,2357.633779071862
4.89,2348.2794622337587
4.9,2338.7632973820278
4.91,2329.0914761824642
4.92,2319.270094337231
4.93,2309.305149603635
4.94,2299.2025400507328
4.95,2288.968062543228
4.96,2278.607411442234
4.97,2268.1261775126236
4.98,2257.5298470268417
4.99,2246.8238010552595
5.0,2236.0133149333374
5.01,2225.1035578960955
5.02,2214.0995928706197
5.03,2203.0063764175793
5.04,2191.8287588129824
5.05,2180.5714842616667
5.06,2169.2391912342814
5.07,2157.8364129198
5.08,2146.36757778587
5.09,2134.837010239591
5.1,2123.248931381588
5.11,2111.6074598465216
5.12,2099.916612723458
5.13,2088.180306549797
5.14,2076.4023583727167
5.15,2064.5864868723716
5.16,2052.7363135413375
5.17,2040.855363915057
5.18,2028.947068848284
5.19,2017.0147658327814
5.2,2005.0617003517602
5.21,1993.091027266781
5.22,1981.105812233068
5.23,1969.1090331394025
5.24,1957.10358156898
5.25,1945.0922642778137
5.26,1933.0778046874746
5.27,1921.0628443891385
5.28,1909.0499446561066
5.29,1897.0415879621337
5.3,1885.0401795030718
5.31,1873.0480487195023
5.32,1861.06745081818
5.33,1849.1005682902685
5.34,1837.149512424483
5.35,1825.216324813399
5.36,1813.3029788513093
5.37,1801.4113812221383
5.38,1789.543373376045
5.39,1777.7007329934472
5.4,1765.8851754353157
5.41,1754.098355178685
5.42,1742.3418672364212
5.43,1730.617248560376
5.44,1718.925979427152
5.45,1707.2694848057688
5.46,1695.6491357066113
5.47,1684.0662505111027
5.48,1672.5220962816177
5.49,1661.0178900512137
5.5,1649.554800092817
5.51,1638.1339471675558
5.52,1626.756405751989
5.53,1615.4232052440234
5.54,1604.1353311473606
5.55,1592.8937262343582
5.56,1581.6992916872268
5.57,1570.5528882175274
5.58,1559.4553371639593
5.59,1548.4074215684702
5.6,1537.4098872307438
5.61,1526.4634437411476
5.62,1515.5687654922524
5.63,1504.7264926690555
5.64,1493.9372322180604
5.65,1483.2015587953888
5.66,1472.5200156941125
5.67,1461.8931157510158
5.68,1451.3213422330077
5.69,1440.8051497034219
5.7,1430.344964868448
5.71,1419.941187403954
5.72,1409.5941907629674
5.73,1399.3043229640875
5.74,1389.0719073611142
5.75,1378.8972433941808
5.76,1368.7806073226857
5.77,1358.7222529403205
5.78,1348.722412272499
5.79,1338.7812962564904
5.8,1328.8990954045655
5.81,1319.0759804504662
5.82,1309.3121029795066
5.83,1299.6075960426188
5.84,1289.9625747546522
5.85,1280.3771368772404
5.86,1270.8513633865402
5.87,1261.3853190261555
5.88,1251.9790528455505
5.89,1242.6325987242576
5.9,1233.3459758821812
5.91,1224.1191893762984
5.92,1214.9522305840535
5.93,1205.8450776737382
5.94,1196.7976960621504
5.95,1187.8100388598168
5.96,1178.8820473040635
5.97,1170.0136511802143
5.98,1161.204769231192
5.99,1152.4553095557933
6.0,1143.7651699959079
6.01,1135.1342385129408
6.02,1126.5623935537012
6.03,1118.049504406008
6.04,1109.595431544267
6.05,1101.2000269652613
6.06,1092.8631345143983
6.07,1084.584590202652
6.08,1076.3642225144272
6.09,1068.2018527065807
6.1,1060.097295098817
6.11,1052.0503573556816
6.12,1044.0608407603618
6.13,1036.1285404805105
6.14,1028.2532458262945
6.15,1020.4347405008697
6.16,1012.6728028434804
6.17,1004.9672060653756
6.18,997.3177184787291
6.19,989.7241037187496
6.2,982.1861209591591
6.21,974.7035251212169
6.22,967.2760670764594
6.23,959.9034938433252
6.24,952.5855487778284
6.25,945.3219717584404
6.26,938.1124993653368
6.27,930.9568650541609
6.28,923.8547993244541
6.29,916.8060298828975
6.3,909.8102818015059
6.31,902.8672776709133
6.32,895.9767377488844
6.33,889.138380104183
6.34,882.3519207559265
6.35,875.6170738085488
6.36,868.9335515824974
6.37,862.3010647407795
6.38,855.7193224114739
6.39,849.1880323063232
6.4,842.7069008355123
6.41,836.2756332187439
6.42,829.8939335927117
6.43,823.5615051150756
6.44,817.2780500650352
6.45,811.0432699405995
6.46,804.8568655526451
6.47,798.7185371158546
6.48,792.6279843366239
6.49,786.5849064980246
6.5,780.5890025419055
6.51,774.6399711482148
6.52,768.7375108116227
6.53,762.8813199155218
6.54,757.0710968034809
6.55,751.3065398482253
6.56,745.5873475182138
6.57,739.9132184418844
6.58,734.283851469633
6.59,728.6989457335931
6.6,723.1582007052795
6.61,717.6613162511575
6.62,712.2079926861993
6.63,706.7979308254847
6.64,701.4308320339047
6.65,696.1063982740222
6.66,690.8243321521451
6.67,685.5843369626629
6.68,680.3861167306992
6.69,675.2293762531285
6.7,670.1138211380061
6.71,665.0391578424578
6.72,660.0050937090758
6.73,655.0113370008636
6.74,650.0575969347738
6.75,645.1435837138811
6.76,640.2690085582304
6.77,635.4335837343998
6.78,630.6370225838165
6.79,625.8790395498644
6.8,621.1593502038178
6.81,616.4776712696379
6.82,611.8337206476652
6.83,607.2272174372428
6.84,602.6578819583002
6.85,598.125435771933
6.86,593.6296017000045
6.87,589.1701038438031
6.88,584.7466676017812
6.89,580.3590196864056
6.9,576.006888140146
6.91,571.6900023506269
6.92,567.4080930649715
6.93,563.1608924033592
6.94,558.9481338718236
6.95,554.7695523743131
6.96,550.6248842240373
6.97,546.5138671541221
6.98,542.4362403275945
6.99,538.391744346718
7.0,534.3801212616994
7.01,530.4011145787864
7.02,526.4544692677763
7.03,522.5399317689528
7.04,518.6572499994704
7.05,514.8061733592037
7.06,510.98645273607855
7.07,507.1978405109018
7.08,503.44009056170614
7.09,499.7129582676248
7.1,496.0162005123129
7.11,492.3495756869286
7.12,488.71284369268966
7.13,485.10576594301904
7.14,481.52810536529256
7.15,477.9796264022028
7.16,474.4600950127514
7.17,470.9692786728822
7.18,467.50694637576737
7.19,464.0728686317589
7.2,460.66681746801567
7.21,457.28856642781784
7.22,453.93789056957974
7.23,450.61456646557065
7.24,447.3183722003545
7.25,444.04908736895777
7.26,440.8064930747757
7.27,437.5903719272253
7.28,434.40050803915506
7.29,431.2366870240193
7.3,428.0986959928266
7.31,424.9863235508694
7.32,421.8993597942436
7.33,418.83759630616606
7.34,415.8008261530967
7.35,412.7888438806734
7.36,409.80144550946636
7.37,406.83842853055893
7.38,403.8995919009616
7.39,400.98473603886583
7.4,398.09366281874395
7.41,395.22617556630087
7.42,392.3820790532845
7.43,389.5611794921594
7.44,386.7632845306508
7.45,383.98820324616287
7.46,381.2357461400775
7.47,378.5057251319387
7.48,375.79795355352735
7.49,373.1122461428309
7.5,370.44841903791325
7.51,367.8062897706892
7.52,365.1856772606074
7.53,362.5864018082471
7.54,360.0082850888317
7.55,357.45115014566414
7.56,354.9148213834872
7.57,352.39912456177336
7.58,349.90388678794716
7.59,347.42893651054396
7.6,344.9741035123089
7.61,342.5392189032385
7.62,340.1241151135696
7.63,337.7286258867168
7.64,335.352586272164
7.65,332.9958326183104
7.66,330.65820256527593
7.67,328.3395350376679
7.68,326.0396702373114
7.69,323.75844963594704
7.7,321.49571596789747
7.71,319.251313222706
7.72,317.0250866377494
7.73,314.81688269082684
7.74,312.6265490927281
7.75,310.4539347797824
7.76,308.29888990639023
7.77,306.16126583754044
7.78,304.04091514131443
7.79,301.9376915813792
7.8,299.85145010947133
7.81,297.7820468578735
7.82,295.7293391318859
7.83,293.6931854022929
7.84,291.6734452978282
7.85,289.6699795976391
7.86,287.6826502237513
7.87,285.7113202335364
7.88,283.755853812183
7.89,281.81611626517287
7.9,279.8919740107639
7.91,277.98329457248036
7.92,276.0899465716127
7.93,274.2117997197272
7.94,272.34872481118714
7.95,270.50059371568676
7.96,268.66727937079844
7.97,266.84865577453485
7.98,265.0445979779268
7.99,263.25498207761757
8.0,261.4796852084751
8.01,259.7185855362226
8.02,257.97156225008865
8.03,256.2384955554776
8.04,254.51926666666097
8.05,252.81375779949084
8.06,251.12185216413582
8.07,249.44343395784045
8.08,247.77838835770868
8.09,246.12660151351207
8.1,244.48796054052346
8.11,242.86235351237667
8.12,241.24966945395283
8.13,239.6497983342939
8.14,238.06263105954406
8.15,236.48805946591932
8.16,234.92597631270596
8.17,233.37627527528835
8.18,231.8388509382065
8.19,230.31359878824375
8.2,228.80041520754537
8.21,227.29919746676788
8.22,225.8098437182601
8.23,224.33225298927593
8.24,222.86632517521926
8.25,221.4119610329215
8.26,219.96906217395193
8.27,218.53753105796116
8.28,217.1172709860581
8.29,215.7081860942205
8.3,214.31018134673977
8.31,212.92316252969965
8.32,211.54703624448965
8.33,210.18170990135297
8.34,208.82709171296943
8.35,207.4830906880734
8.36,206.14961662510694
8.37,204.82658010590862
8.38,203.51389248943755
8.39,202.2114659055335
8.4,200.9192132487125
8.41,199.63704817199897
8.42,198.3648850807933
8.43,197.10263912677618
8.44,195.8502262018489
8.45,194.60756293211023
8.46,193.37456667186964
8.47,192.1511554976971
8.48,190.93724820250938
8.49,189.7327642896932
8.5,188.53762396726472
8.51,187.35174814206607
8.52,186.17505841399833
8.53,185.00747707029143
8.54,183.84892707981078
8.55,182.69933208740065
8.56,181.55861640826421
8.57,180.4267050223805
8.58,179.30352356895796
8.59,178.18899834092477
8.6,177.0830562794558
8.61,175.98562496853629
8.62,174.896632629562
8.63,173.81600811597602
8.64,172.74368090794215
8.65,171.67958110705445
8.66,170.6236394310835
8.67,169.57578720875875
8.68,168.53595637458724
8.69,167.50407946370845
8.7,166.4800896067852
8.71,165.46392052493073
8.72,164.4555065246713
8.73,163.45478249294518
8.74,162.4616838921369
8.75,161.47614675514734
8.76,160.49810768049926
8.77,159.5275038274784
8.78,158.56427291130967
8.79,157.60835319836872
8.8,156.65968350142842
8.81,155.71820317494047
8.82,154.78385211035175
8.83,153.85657073145532
8.84,152.9362999897762
8.85,152.02298135999126
8.86,151.11655683538388
8.87,150.21696892333233
8.88,149.32416064083256
8.89,148.43807551005463
8.9,147.55865755393307
8.91,146.68585129179078
8.92,145.81960173499638
8.93,144.95985438265492
8.94,144.10655521733176
8.95,143.25965070080946
8.96,142.4190877698775
8.97,141.58481383215482
8.98,140.7567767619447
8.99,139.93492489612228
9.0,139.11920703005413
9.01,138.30957241355003
9.02,137.50597074684654
9.03,136.7083521766224
9.04,135.91666729204556
9.05,135.13086712085138
9.06,134.35090312545245
9.07,133.57672719907924
9.08,132.80829166195173
9.09,132.0455492574818
9.1,131.28845314850622
9.11,130.53695691354997
9.12,129.79101454311993
9.13,129.05058043602847
9.14,128.31560939574712
9.15,127.58605662678978
9.16,126.86187773112559
9.17,126.1430287046211
9.18,125.42946593351175
9.19,124.72114619090225
9.2,124.01802663329583
9.21,123.32006479715228
9.22,122.62721859547435
9.23,121.93944631442247
9.24,121.25670660995777
9.25,120.57895850451291
9.26,119.90616138369074
9.27,119.23827499299065
9.28,118.57525943456227
9.29,117.91707516398648
9.3,117.26368298708351
9.31,116.61504405674793
9.32,115.9711198698104
9.33,115.33187226392592
9.34,114.69726341448859
9.35,114.06725583157241
9.36,113.44181235689827
9.37,112.82089616082665
9.38,112.20447073937615
9.39,111.59249991126738
9.4,110.98494781499228
9.41,110.38177890590859
9.42,109.78295795335923
9.43,109.18845003781657
9.44,108.59822054805129
9.45,108.01223517832571
9.46,107.43045992561142
9.47,106.85286108683101
9.48,106.2794052561238
9.49,105.7100593221352
9.5,105.14479046532988
9.51,104.5835661553282
9.52,104.026354148266
9.53,103.47312248417742
9.54,102.92383948440073
9.55,102.37847374900677
9.56,101.83699415425018
9.57,101.29936985004285
9.58,100.7655702574498
9.59,100.23556506620696
9.6,99.70932423226111
9.61,99.18681797533134
9.62,98.66801677649225
9.63,98.15289137577858
9.64,97.64141276981101
9.65,97.1335522094432
9.66,96.62928119742963
9.67,96.12857148611437
9.68,95.63139507514033
9.69,95.13772420917914
9.7,94.64753137568117
9.71,94.16078930264578
9.72,93.67747095641161
9.73,93.19754953946658
9.74,92.72099848827767
9.75,92.24779147114023
9.76,91.77790238604655
9.77,91.31130535857375
9.78,90.84797473979073
9.79,90.38788510418395
9.8,89.93101124760209
9.81,89.47732818521919
9.82,89.02681114951639
9.83,88.57943558828181
9.84,88.13517716262879
9.85,87.694011745032
9.86,87.25591541738146
9.87,86.82086446905436
9.88,86.3888353950043
9.89,85.95980489386818
9.9,85.53374986609015
9.91,85.11064741206289
9.92,84.69047483028585
9.93,84.27320961554032
9.94,83.85882945708126
9.95,83.4473122368457
9.96,83.03863602767767
9.97,82.6327790915693
9.98,82.22971987791827
9.99,81.82943702180114
10.0,81.43190934226273
10.01,81.03711584062114
10.02,80.64503569878855
10.03,80.2556482776074
10.04,79.86893311520207
10.05,79.48486992534568
10.06,79.10343859584209
10.07,78.72461918692291
10.08,78.34839192965927
10.09,77.97473722438843
10.1,77.60363563915494
10.11,77.23506790816626
10.12,76.86901493026281
10.13,76.50545776740218
10.14,76.14437764315748
10.15,75.78575594122974
10.16,75.42957420397403
10.17,75.07581413093943
10.18,74.72445757742267
10.19,74.3754865530351
10.2,74.02888322028329
10.21,73.68462989316266
10.22,73.34270903576449
10.23,73.00310326089573
10.24,72.66579532871198
10.25,72.33076814536312
10.26,71.99800476165169
10.27,71.66748837170383
10.28,71.33920231165276
10.29,71.01313005833454
10.3,70.68925522799617
10.31,70.36756157501573
10.32,70.04803299063465
10.33,69.73065350170191
10.34,69.41540726942995
10.35,69.10227858816245
10.36,68.7912518841536
10.37,68.48231171435896
10.38,68.17544276523769
10.39,67.87062985156604
10.4,67.56785791526212
10.41,67.26711202422176
10.42,66.96837737116526
10.43,66.67163927249518
10.44,66.37688316716486
10.45,66.08409461555765
10.46,65.79325929837671
10.47,65.50436301554542
10.48,65.21739168511809
10.49,64.93233134220102
10.5,64.64916813788389
10.51,64.36788833818106
10.52,64.08847832298314
10.53,63.81092458501831
10.54,63.5352137288237
10.55,63.26133246972629
10.56,62.98926763283371
10.57,62.71900615203445
10.58,62.450535069007714
10.59,62.18384153224254
10.6,61.91891279606636
10.61,61.65573621968271
10.62,61.394299266218155
10.63,61.13458950177823
10.64,60.87659459451238
10.65,60.620302313687816
10.66,60.36570052877212
10.67,60.1127772085247
10.68,59.861520420096745
10.69,59.61191832813989
10.7,59.36395919392328
10.71,59.11763137445908
10.72,58.872923321636314
10.73,58.629823581362956
10.74,58.38832079271619
10.75,58.14840368710079
10.76,57.91006108741548
10.77,57.673281907227306
10.78,57.43805514995384
10.79,57.20436990805317
10.8,56.97221536222165
10.81,56.741580780599286
10.82,56.512455517982715
10.83,56.28482901504566
10.84,56.05869079756686
10.85,55.834030475665365
10.86,55.61083774304308
10.87,55.389102376234604
10.88,55.16881423386418
10.89,54.94996325590977
10.9,54.73253946297412
10.91,54.516532955562795
10.92,54.301933913369155
10.93,54.088732594566046
10.94,53.87691933510437
10.95,53.66648454801826
10.96,53.45741872273695
10.97,53.249712424403185
10.98,53.04335629319811
10.99,52.838341043672656
11.0,52.63465746408529
11.01,52.432296415746045
11.02,52.23124883236689
11.03,52.031505719418185
11.04,51.833058153491415
11.05,51.63589728166788
11.06,51.44001432089349
11.07,51.24540055735947
11.08,51.05204734588902
11.09,50.8599461093298
11.1,50.66908833795218
11.11,50.479465588853316
11.12,50.29106948536679
11.13,50.10389171647798
11.14,49.917924036244955
11.15,49.73315826322487
11.16,49.5495862799059
11.17,49.36720003214451
11.18,49.185991528608106
11.19,49.00595284022303
11.2,48.82707609962779
11.21,48.649353500631456
11.22,48.4727772976773
11.23,48.29733980531144
11.24,48.123033397656634
11.25,47.949850507891014
11.26,47.7777836277318
11.27,47.60682530692393
11.28,47.436968152733556
11.29,47.26820482944633
11.3,47.10052805787049
11.31,46.93393061484464
11.32,46.76840533275021
11.33,46.603945099028586
11.34,46.440542855702745
11.35,46.27819159890351
11.36,46.11688437840026
11.37,45.95661429713607
11.38,45.79737451076734
11.39,45.63915822720768
11.4,45.48195870617621
11.41,45.32576925875007
11.42,45.170583246921254
11.43,45.01639408315752
11.44,44.86319522996758
11.45,44.710980199470306
11.46,44.55974255296808
11.47,44.409475900524136
11.48,44.2601739005439
11.49,44.111830259360325
11.5,43.96443873082309
11.51,43.81799311589172
11.52,43.6724872622325
11.53,43.52791506381925
11.54,43.38427046053781
11.55,43.2415474377943
11.56,43.09974002612704
11.57,42.9588423008221
11.58,42.81884838153257
11.59,42.6797524319013
11.6,42.54154865918724
11.61,42.40423131389531
11.62,42.267794689409705
11.63,42.132233121630684
11.64,41.99754098861474
11.65,41.86371271021816
11.66,41.73074274774396
11.67,41.59862560359206
11.68,41.46735582091279
11.69,41.33692798326365
11.7,41.20733671426923
11.71,41.07857667728438
11.72,40.95064257506047
11.73,40.8235291494148
11.74,40.697231180903124
11.75,40.57174348849516
11.76,40.447060929253205
11.77,40.32317839801371
11.78,40.200090827071826
11.79,40.077793185868885
11.8,39.95628048068283
11.81,39.83554775432146
11.82,39.7155900858186
11.83,39.596402590133025
11.84,39.47798041785027
11.85,39.3603187548871
11.86,39.24341282219885
11.87,39.127257875489335
11.88,39.01184920492358
11.89,38.897182134843135
11.9,38.78325202348407
11.91,38.67005426269752
11.92,38.55758427767289
11.93,38.44583752666355
11.94,38.33480950071513
11.95,38.224495723396245
11.96,38.114891750531775
11.97,38.00599316993856
11.98,37.897795601163565
11.99,37.7902946952244
12.0,37.683486134352286
12.01,37.577365631737365
12.02,37.471928931276324
12.03,37.36717180732238
12.04,37.263090064437506
12.05,37.159679537147
12.06,37.05693608969622
12.07,36.95485561580962
12.08,36.85343403845193
12.09,36.752667309591565
12.1,36.652551409966186
12.11,36.55308234885037
12.12,36.45425616382543
12.13,36.35606892055134
12.14,36.25851671254071
12.15,36.16159566093484
12.16,36.06530191428179
12.17,35.969631648316486
12.18,35.87458106574283
12.19,35.78014639601775
12.2,35.686323895137235
12.21,35.59310984542434
12.22,35.50050055531902
12.23,35.408492359169976
12.24,35.31708161702828
12.25,35.22626471444294
12.26,35.13603806225828
12.27,35.046398096413135
12.28,34.957341277741875
12.29,34.86886409177722
12.3,34.7809630485548
12.31,34.69363468241953
12.32,34.606875551833646
12.33,34.52068223918655
12.34,34.435051350606265
12.35,34.34997951577267
12.36,34.26546338773233
12.37,34.181499642715075
12.38,34.09808497995208
12.39,34.0152161214957
12.4,33.932889812040855
12.41,33.851102818748004
12.42,33.769851931067706
12.43,33.68913396056673
12.44,33.60894574075573
12.45,33.529284126918434
12.46,33.450145995942364
12.47,33.37152824615102
12.48,33.29342779713762
12.49,33.21584158960022
12.5,33.13876658517836
12.51,33.06219976629114
12.52,32.986138135976695
12.53,32.91057871773314
12.54,32.835518555360835
12.55,32.760954712806125
12.56,32.68688427400639
12.57,32.613304342736484
12.58,32.54021204245654
12.59,32.46760451616104
12.6,32.395478926229295
12.61,32.323832454277174
12.62,32.252662301010126
12.63,32.18196568607755
12.64,32.11173984792834
12.65,32.041982043667794
12.66,31.972689548915657
12.67,31.903859657665496
12.68,31.835489682145248
12.69,31.76757695267898
12.7,31.700118817549857
12.71,31.63311264286431
12.72,31.566555812417356
12.73,31.500445727559082
12.74,31.434779807062316
12.75,31.369555486991395
12.76,31.304770220572102
12.77,31.2404214780627
12.78,31.17650674662608
12.79,31.113023530203026
12.8,31.04996934938653
12.81,30.987341741297225
12.82,30.92513825945987
12.83,30.86335647368088
12.84,30.801993969926926
12.85,30.741048350204547
12.86,30.680517232440817
12.87,30.620398250365003
12.88,30.560689053391254
12.89,30.50138730650227
12.9,30.442490690133965
12.91,30.383996900061117
12.92,30.32590364728398
12.93,30.268208657915853
12.94,30.210909673071615
12.95,30.154004448757185
12.96,30.097490755759928
12.97,30.041366379539976
12.98,29.98562912012248
12.99,29.930276791990746
13.0,29.875307223980297
13.01,29.8207182591738
13.02,29.76650775479689
13.03,29.712673582114867
13.04,29.659213626330242
13.05,29.60612578648116
13.06,29.553407975340676
13.07,29.501058119316827
13.08,29.449074158353604
13.09,29.397454045832692
13.1,29.346195748476063
13.11,29.295297246249355
13.12,29.244756532266074
13.13,29.19457161269257
13.14,29.14474050665382
13.15,29.09526124613998
13.16,29.046131875913694
13.17,28.99735045341821
13.18,28.94891504868621
13.19,28.90082374424942
13.2,28.853074635048948
13.21,28.805665828346374
13.22,28.758595443635546
13.23,28.711861612555126
13.24,28.665462478801842
13.25,28.619396198044445
13.26,28.57366093783837
13.27,28.52825487754111
13.28,28.483176208228258
13.29,28.43842313261025
13.3,28.393993864949778
13.31,28.349886630979867
13.32,28.30609966782264
13.33,28.262631223908723
13.34,28.219479558897312
13.35,28.17664294359687
13.36,28.134119659886505
13.37,28.091908000637932
13.38,28.050006269638104
13.39,28.00841278151245
13.4,27.967125861648743
13.41,27.926143846121548
13.42,27.885465081617323
13.43,27.845087925360087
13.44,27.805010745037706
13.45,27.765231918728745
13.46,27.725749834829926
13.47,27.68656289198416
13.48,27.647669499009147
13.49,27.609068074826556
13.5,27.57075704839176
13.51,27.532734858624124
13.52,27.49499995433788
13.53,27.457550794173503
13.54,27.420385846529665
13.55,27.383503589495717
13.56,27.346902510784705
13.57,27.31058110766692
13.58,27.274537886903968
13.59,27.238771364683355
13.6,27.203280066553603
13.61,27.16806252735986
13.62,27.133117291180028
13.63,27.098442911261383
13.64,27.064037949957697
13.65,27.02990097866686
13.66,26.99603057776897
13.67,26.962425336564934
13.68,26.929083853215527
13.69,26.896004734680925
13.7,26.863186596660736
13.71,26.830628063534466
13.72,26.798327768302467
13.73,26.766284352527336
13.74,26.734496466275775
13.75,26.702962768060893
13.76,26.671681924784956
13.77,26.640652611682597
13.78,26.609873512264443
13.79,26.579343318261177
13.8,26.549060729568055
13.81,26.51902445418982
13.82,26.489233208186075
13.83,26.459685715617024
13.84,26.430380708489693
13.85,26.401316926704514
13.86,26.372493118002335
13.87,26.343908037911852
13.88,26.315560449697404
13.89,26.28744912430721
13.9,26.259572840321965
13.91,26.231930383903865
13.92,26.204520548745972
13.93,26.177342136022013
13.94,26.150393954336526
13.95,26.1236748196754
13.96,26.09718355535679
13.97,26.070918991982396
13.98,26.044879967389118
13.99,26.019065326601073
14.0,25.993473921781973
14.01,25.968104612187872
14.02,25.942956264120248
14.03,25.918027750879464
14.04,25.89331795271856
14.05,25.868825756797406
14.06,25.84455005713718
14.07,25.82048975457521
14.08,25.79664375672014
14.09,25.773010977907433
14.1,25.749590339155215
14.11,25.726380768120436
14.12,25.703381199055364
14.13,25.680590572764416
14.14,25.658007836561286
14.15,25.635631944226404
14.16,25.61346185596472
14.17,25.59149653836379
14.18,25.56973496435217
14.19,25.548176113158135
14.2,25.52681897026869
14.21,25.50566252738888
14.22,25.48470578240141
14.23,25.463947739326567
14.24,25.44338740828243
14.25,25.423023805445368
14.26,25.402855953010846
14.27,25.3828828791545
14.28,25.363103617993513
14.29,25.343517209548256
14.3,25.324122699704247
14.31,25.304919140174338
14.32,25.285905588461222
14.33,25.267081107820193
14.34,25.24844476722218
14.35,25.229995641317053
14.36,25.21173281039721
14.37,25.193655360361394
14.38,25.175762382678815
14.39,25.15805297435351
14.4,25.140526237888956
14.41,25.12318128125296
14.42,25.106017217842794
14.43,25.089033166450573
14.44,25.072228251228903
14.45,25.055601601656765
14.46,25.039152352505646
14.47,25.02287964380592
14.48,25.006782620813464
14.49,24.990860433976525
14.5,24.975112238902817
14.51,24.959537196326856
14.52,24.944134472077536
14.53,24.92890323704593
14.54,24.913842667153332
14.55,24.898951943319517
14.56,24.884230251431234
14.57,24.869676782310925
14.58,24.855290731685674
14.59,24.841071300156358
14.6,24.827017693167047
14.61,24.813129120974594
14.62,24.799404798618465
14.63,24.78584394589077
14.64,24.77244578730651
14.65,24.759209552074044
14.66,24.74613447406575
14.67,24.733219791788915
14.68,24.72046474835681
14.69,24.707868591459988
14.7,24.695430573337777
14.71,24.68314995074997
14.72,24.671025984948734
14.73,24.65905794165069
14.74,24.647245091009218
14.75,24.63558670758694
14.76,24.624082070328395
14.77,24.612730462532937
14.78,24.60153117182777
14.79,24.590483490141228
14.8,24.579586713676203
14.81,24.56884014288379
14.82,24.558243082437087
14.83,24.54779484120521
14.84,24.53749473222746
14.85,24.527342072687702
14.86,24.51733618388889
14.87,24.5074763912278
14.88,24.497762024169926
14.89,24.488192416224546
14.9,24.478766904919983
14.91,24.46948483177901
14.92,24.460345542294448
14.93,24.451348385904932
14.94,24.442492715970836
14.95,24.433777889750367
14.96,24.425203268375842
14.97,24.416768216830107
14.98,24.40847210392313
14.99,24.40031430226877
15.0,24.39229418826168
15.01,24.384411142054383
15.02,24.376664547534524
15.03,24.369053792302246
15.04,24.36157826764775
15.05,24.354237368529006
15.06,24.347030493549592
15.07,24.339957044936735
15.08,24.33301642851945
15.09,24.32620805370687
15.1,24.31953133346671
15.11,24.31298568430387
15.12,24.306570526239213
15.13,24.30028528278845
15.14,24.29412938094122
15.15,24.28810225114026
15.16,24.282203327260753
15.17,24.276432046589814
15.18,24.270787849806112
15.19,24.265270180959625
15.2,24.259878487451545
15.21,24.254612220014316
15.22,24.24947083269181
15.23,24.244453782819633
15.24,24.23956053100558
15.25,24.234790541110208
15.26,24.230143280227544
15.27,24.225618218665947
15.28,24.221214829929057
15.29,24.216932590696924
15.3,24.212770980807232
15.31,24.208729483236652
15.32,24.204807584082346
15.33,24.20100477254357
15.34,24.197320540903426
15.35,24.193754384510715
15.36,24.190305801761934
15.37,24.18697429408338
15.38,24.18375936591339
15.39,24.18066052468468
15.4,24.17767728080683
15.41,24.174809147648876
15.42,24.172055641522014
15.43,24.16941628166243
15.44,24.166890590214237
15.45,24.164478092212548
15.46,24.16217831556664
15.47,24.15999079104324
15.48,24.157915052249933
15.49,24.15595063561868
15.5,24.15409708038943
15.51,24.15235392859386
15.52,24.15072072503923
15.53,24.14919701729232
15.54,24.147782355663516
15.55,24.14647629319096
15.56,24.145278385624845
15.57,24.144188191411786
15.58,24.14320527167931
15.59,24.142329190220465
15.6,24.141559513478498
15.61,24.140895810531667
15.62,24.14033765307815
15.63,24.13988461542103
15.64,24.139536274453416
15.65,24.139292209643656
15.66,24.139152003020627
15.67,24.139115239159143
15.68,24.139181505165467
15.69,24.1393503906629
15.7,24.139621487777493
15.71,24.13999439112382
15.72,24.140468697790887
15.73,24.141044007328098
15.74,24.14171992173135
15.75,24.14249604542919
15.76,24.143371985269088
15.77,24.144347350503786
15.78,24.145421752777754
15.79,24.146594806113722
15.8,24.147866126899313
15.81,24.14923533387376
15.82,24.15070204811472
15.83,24.152265893025152
15.84,24.153926494320327
15.85,24.15568348001488
15.86,24.157536480409973
15.87,24.159485128080547
15.88,24.161529057862637
15.89,24.1636679068408
15.9,24.165901314335606
15.91,24.168228921891227
15.92,24.17065037326309
15.93,24.17316531440564
15.94,24.17577339346016
15.95,24.178474260742696
15.96,24.181267568732025
15.97,24.184152972057753
15.98,24.18713012748846
15.99,24.19019869391992
16.0,24.193358332363434
16.01,24.196608705934203
16.02,24.199949479839795
16.03,24.203380321368698
16.04,24.206900899878935
16.05,24.21051088678676
16.06,24.21420995555544
16.07,24.217997781684083
16.08,24.221874042696584
16.09,24.225838418130603
16.1,24.229890589526644
16.11,24.234030240417194
16.12,24.238257056315945
16.13,24.242570724707075
16.14,24.246970935034614
16.15,24.25145737869187
16.16,24.25602974901093
16.17,24.260687741252244
16.18,24.265431052594245
16.19,24.270259382123083
16.2,24.275172430822394
16.21,24.280169901563145
16.22,24.28525149909356
16.23,24.290416930029103
16.24,24.29566590284252
16.25,24.300998127853962
16.26,24.306413317221182
16.27,24.311911184929762
16.28,24.31749144678345
16.29,24.323153820394523
16.3,24.328898025174244
16.31,24.334723782323366
16.32,24.34063081482271
16.33,24.34661884742379
16.34,24.35268760663953
16.35,24.358836820735007
16.36,24.365066219718283
16.37,24.371375535331293
16.38,24.377764501040787
16.39,24.38423285202934
16.4,24.390780325186416
16.41,24.397406659099502
16.42,24.404111594045293
16.43,24.41089487198094
16.44,24.41775623653535
16.45,24.424695433000565
16.46,24.431712208323166
16.47,24.43880631109577
16.48,24.445977491548565
16.49,24.453225501540896
16.5,24.46055009455292
16.51,24.467951025677333
16.52,24.475428051611107
16.53,24.482980930647326
16.54,24.49060942266706
16.55,24.498313289131296
16.56,24.506092293072918
16.57,24.51394619908875
16.58,24.521874773331653
16.59,24.529877783502666
16.6,24.53795499884321
16.61,24.546106190127347
16.62,24.554331129654067
16.63,24.562629591239666
16.64,24.571001350210153
16.65,24.5794461833937
16.66,24.587963869113167
16.67,24.59655418717867
16.68,24.605216918880174
16.69,24.61395184698019
16.7,24.622758755706464
16.71,24.631637430744753
16.72,24.640587659231638
16.73,24.649609229747394
16.74,24.65870193230889
16.75,24.667865558362568
16.76,24.67709990077743
16.77,24.686404753838122
16.78,24.695779913238017
16.79,24.705225176072375
16.8,24.71474034083155
16.81,24.724325207394227
16.82,24.73397957702072
16.83,24.743703252346307
16.84,24.753496037374624
16.85,24.76335773747109
16.86,24.77328815935638
16.87,24.783287111099956
16.88,24.793354402113625
16.89,24.803489843145158
16.9,24.813693246271942
16.91,24.823964424894676
16.92,24.83430319373112
16.93,24.844709368809884
16.94,24.85518276746425
16.95,24.86572320832605
16.96,24.876330511319587
16.97,24.887004497655585
16.98,24.8977449898252
16.99,24.90855181159405
17.0,24.919424787996324
17.01,24.930363745328876
17.02,24.94136851114542
17.03,24.952438914250724
17.04,24.96357478469487
17.05,24.974775953767537
17.06,24.986042253992334
17.07,24.997373519121172
17.08,25.008769584128675
17.09,25.020230285206637
17.1,25.031755459758493
17.11,25.043344946393873
17.12,25.054998584923155
17.13,25.066716216352074
17.14,25.078497682876367
17.15,25.09034282787647
17.16,25.10225149591222
17.17,25.11422353271763
17.18,25.12625878519568
17.19,25.13835710141316
17.2,25.15051833059553
17.21,25.162742323121844
17.22,25.175028930519684
17.23,25.18737800546015
17.24,25.199789401752884
17.25,25.212262974341115
17.26,25.224798579296756
17.27,25.23739607381554
17.28,25.25005531621217
17.29,25.26277616591553
17.3,25.275558483463904
17.31,25.288402130500266
17.32,25.30130696976757
17.33,25.314272865104087
17.34,25.32729968143879
17.35,25.340387284786758
17.36,25.353535542244604
17.37,25.366744321985973
17.38,25.380013493257035
17.39,25.393342926372043
17.4,25.40673249270889
17.41,25.420182064704736
17.42,25.433691515851645
17.43,25.44726072069226
17.44,25.460889554815513
17.45,25.474577894852363
17.46,25.48832561847157
17.47,25.50213260437551
17.48,25.515998732295998
17.49,25.529923882990165
17.5,25.543907938236362
17.51,25.55795078083009
17.52,25.572052294579958
17.53,25.586212364303687
17.54,25.600430875824138
17.55,25.614707715965356
17.56,25.62904277254867
17.57,25.643435934388805
17.58,25.65788709129004
17.59,25.672396134042376
17.6,25.686962954417755
17.61,25.70158744516629
17.62,25.71626950001254
17.63,25.73100901365181
17.64,25.745805881746477
17.65,25.760660000922343
17.66,25.77557126876503
17.67,25.790539583816393
17.68,25.805564845570963
17.69,25.82064695447242
17.7,25.8357858119101
17.71,25.850981320215524
17.72,25.866233382658958
17.73,25.881541903445996
17.74,25.89690678771418
17.75,25.91232794152964
17.76,25.92780527188377
17.77,25.943338686689927
17.78,25.958928094780156
17.79,25.97457340590194
17.8,25.990274530714988
17.81,26.006031380788045
17.82,26.021843868595717
17.83,26.037711907515348
17.84,26.053635411823898
17.85,26.069614296694862
17.86,26.085648478195225
17.87,26.10173787328241
17.88,26.117882399801292
17.89,26.13408197648121
17.9,26.150336522933017
17.91,26.166645959646157
17.92,26.183010207985763
17.93,26.19942919018978
17.94,26.21590282936612
17.95,26.232431049489836
17.96,26.249013775400332
17.97,26.26565093279858
17.98,26.28234244824437
17.99,26.299088249153613
18.0,26.315888263795607
18.01,26.332742421290394
18.02,26.3496506516061
18.03,26.36661288555632
18.04,26.383629054797506
18.05,26.400699091826407
18.06,26.41782292997751
18.07,26.435000503420525
18.08,26.452231747157875
18.09,26.469516597022224
18.1,26.486854989674022
18.11,26.50424686259908
18.12,26.521692154106155
18.13,26.539190803324583
18.14,26.55674275020191
18.15,26.574347935501564
18.16,26.592006300800538
18.17,26.609717788487107
18.18,26.62748234175856
18.19,26.645299904618973
18.2,26.663170421876966
18.21,26.68109383914353
18.22,26.69907010282984
18.23,26.717099160145118
18.24,26.735180959094496
18.25,26.753315448476915
18.26,26.77150257788305
18.27,26.789742297693245
18.28,26.80803455907547
18.29,26.826379313983324
18.3,26.84477651515403
18.31,26.863226116106468
18.32,26.88172807113922
18.33,26.90028233532867
18.34,26.918888864527066
18.35,26.93754761536066
18.36,26.956258545227847
18.37,26.97502161229732
18.38,26.993836775506246
18.39,27.012703994558496
18.4,27.03162322992285
18.41,27.050594442831247
18.42,27.069617595277062
18.43,27.088692650013392
18.44,27.107819570551367
18.45,27.12699832115849
18.46,27.14622886685698
18.47,27.165511173422157
18.48,27.184845207380835
18.49,27.204230936009736
18.5,27.223668327333932
18.51,27.243157350125305
18.52,27.262697973901016
18.53,27.282290168922025
18.54,27.30193390619159
18.55,27.321629157453824
18.56,27.341375895192254
18.57,27.3611740926284
18.58,27.38102372372037
18.59,27.400924763161512
18.6,27.420877186379023
18.61,27.440880969532632
18.62,27.460936089513282
18.63,27.48104252394183
18.64,27.50120025116778
18.65,27.521409250268015
18.66,27.541669501045572
18.67,27.56198098402842
18.68,27.582343680468266
18.69,27.60275757233938
18.7,27.623222642337446
18.71,27.64373887387841
18.72,27.664306251097372
18.73,27.6849247588475
18.74,27.705594382698933
18.75,27.726315108937733
18.76,27.747086924564854
18.77,27.76790981729511
18.78,27.788783775556187
18.79,27.80970878848766
18.8,27.830684845940034
18.81,27.851711938473798
18.82,27.87279005735851
18.83,27.893919194571897
18.84,27.915099342798964
18.85,27.93633049543114
18.86,27.957612646565426
18.87,27.978945791003575
18.88,28.00032992425129
18.89,28.021765042517423
18.9,28.043251142713224
18.91,28.064788222451586
18.92,28.086376280046313
18.93,28.108015314511412
18.94,28.129705325560405
18.95,28.15144631360565
18.96,28.173238279757694
18.97,28.195081225824634
18.98,28.216975154311505
18.99,28.23892006841968
19.0,28.2609159720463
19.01,28.282962869783695
19.02,28.305060766918874
19.03,28.32720966943298
19.04,28.34940958400079
19.05,28.371660517990247
19.06,28.39396247946198
19.07,28.416315477168858
19.08,28.438719520555573
19.09,28.461174619758218
19.1,28.48368078560391
19.11,28.506238029610408
19.12,28.528846363985767
19.13,28.551505801627997
19.14,28.574216356124754
19.15,28.596978041753044
19.16,28.619790873478934
19.17,28.642654866957304
19.18,28.665570038531605
19.19,28.688536405233627
19.2,28.711553984783308
19.21,28.734622795588535
19.22,28.75774285674499
19.23,28.780914188035993
19.24,28.80413680993238
19.25,28.827410743592385
19.26,28.850736010861553
19.27,28.874112634272663
19.28,28.897540637045676
19.29,28.92102004308769
19.3,28.94455087699294
19.31,28.968133164042772
19.32,28.991766930205692
19.33,29.01545220213738
19.34,29.039189007180752
19.35,29.062977373366053
19.36,29.08681732941092
19.37,29.110708904720518
19.38,29.13465212938766
19.39,29.15864703419296
19.4,29.182693650605
19.41,29.206792010780518
19.42,29.230942147564612
19.43,29.255144094490962
19.44,29.27939788578208
19.45,29.303703556349557
19.46,29.32806114179436
19.47,29.35247067840713
19.48,29.376932203168476
19.49,29.401445753749343
19.5,29.426011368511347
19.51,29.450629086507156
19.52,29.475298947480884
19.53,29.500020991868492
19.54,29.524795260798232
19.55,29.549621796091092
19.56,29.574500640261263
19.57,29.599431836516622
19.58,29.624415428759246
19.59,29.649451461585933
19.6,29.67453998028875
19.61,29.699681030855583
19.62,29.72487465997074
19.63,29.750120915015536
19.64,29.775419844068917
19.65,29.800771495908105
19.66,29.82617592000925
19.67,29.85163316654811
19.68,29.87714328640075
19.69,29.902706331144255
19.7,29.928322353057474
19.71,29.953991405121762
19.72,29.979713541021766
19.73,30.00548881514621
19.74,30.031317282588716
19.75,30.057198999148625
19.76,30.083134021331865
19.77,30.109122406351812
19.78,30.135164212130185
19.79,30.161259497297955
19.8,30.18740832119628
19.81,30.213610743877446
19.82,30.23986682610585
19.83,30.26617662935898
19.84,30.292540215828435
19.85,30.318957648420938
19.86,30.345428990759405
19.87,30.371954307184
19.88,30.398533662753238
19.89,30.42516712324508
19.9,30.45185475515808
19.91,30.478596625712516
19.92,30.505392802851578
19.93,30.53224335524255
19.94,30.559148352278022
19.95,30.586107864077125
19.96,30.613121961486783
19.97,30.64019071608298
19.98,30.667314200172058
19.99,30.694492486792033
20.0,30.721725649713928
20.01,30.749013763443124
20.02,30.776356903220744
20.03,30.803755145025043
20.04,30.831208565572837
20.05,30.858717242320925
20.06,30.886281253467573
20.07,30.913900677953972
20.08,30.941575595465757
20.09,30.969306086434525
20.1,30.997092232039382
20.11,31.02493411420851
20.12,31.052831815620753
20.13,31.080785419707237
20.14,31.10879501065299
20.15,31.136860673398598
20.16,31.16498249364189
20.17,31.193160557839626
20.18,31.221394953209217
20.19,31.249685767730472
20.2,31.27803309014736
20.21,31.306437009969795
20.22,31.334897617475438
20.23,31.36341500371154
20.24,31.391989260496793
20.25,31.420620480423192
20.26,31.449308756857956
20.27,31.478054183945424
20.28,31.506856856609023
20.29,31.53571687055322
20.3,31.564634322265515
20.31,31.59360930901846
20.32,31.622641928871694
20.33,31.65173228067399
20.34,31.680880464065357
20.35,31.710086579479135
20.36,31.73935072814413
20.37,31.76867301208677
20.38,31.79805353413327
20.39,31.827492397911858
20.4,31.856989707854975
20.41,31.88654556920154
20.42,31.916160087999224
20.43,31.945833371106744
20.44,31.97556552619619
20.45,32.005356661755364
20.46,32.03520688709016
20.47,32.06511631232697
20.48,32.09508504841509
20.49,32.125113207129175
20.5,32.155200901071694
20.51,32.18534824367547
20.52,32.215555349206156
20.53,32.24582233276481
20.54,32.276149310290464
20.55,32.30653639856272
20.56,32.33698371520438
20.57,32.3674913786841
20.58,32.39805950831905
20.59,32.42868822427764
20.6,32.459377647582244
20.61,32.49012790011195
20.62,32.52093910460535
20.63,32.551811384663345
20.64,32.582744864752
20.65,32.61373967020539
20.66,32.644795927228486
20.67,32.67591376290009
20.68,32.707093305175775
20.69,32.73833468289087
20.7,32.76963802576345
20.71,32.80100346439735
20.72,32.83243113028525
20.73,32.86392115581177
20.74,32.895473674256536
20.75,32.927088819797376
20.76,32.95876672751346
20.77,32.990507533388524
20.78,33.02231137431406
20.79,33.05417838809261
20.8,33.08610871344106
20.81,33.11810248999391
20.82,33.15015985830669
20.83,33.18228095985926
20.84,33.2144659370593
20.85,33.24671493324567
20.86,33.27902809269192
20.87,33.31140556060978
20.88,33.34384748315269
20.89,33.376354007419366
20.9,33.40892528145736
20.91,33.44156145426671
20.92,33.47426267580361
20.93,33.507029096984034
20.94,33.539860869687516
20.95,33.57275814676086
20.96,33.60572108202194
20.97,33.638749830263485
20.98,33.67184454725697
20.99,33.70500538975645
21.0,33.7382325155025
21.01,33.77152608322614
21.02,33.80488625265283
21.03,33.838313184506454
21.04,33.8718070405134
21.05,33.90536798340661
21.06,33.93899617692971
21.07,33.97269178584114
21.08,34.00645497591835
21.09,34.040285913962016
21.1,34.074184767800276
21.11,34.10815170629303
21.12,34.14218689933627
21.13,34.176290517866406
21.14,34.210462733864695
21.15,34.244703720361656
21.16,34.279013651441524
21.17,34.31339270224677
21.18,34.34784104898264
21.19,34.3823588689217
21.2,34.4169463404085
21.21,34.45160364286419
21.22,34.48633095679122
21.23,34.521128463778055
21.24,34.55599634650395
21.25,34.59093478874377
21.26,34.6259439753728
21.27,34.66102409237163
21.28,34.69617532683112
21.29,34.73139786695729
21.3,34.76669190207638
21.31,34.802057622639865
21.32,34.83749522022951
21.33,34.87300488756256
21.34,34.908586818496815
21.35,34.944241208035905
21.36,34.979968252334494
21.37,35.015768148703586
21.38,35.05164109561583
21.39,35.08758729271091
21.4,35.123606940800954
21.41,35.15970024187599
21.42,35.19586739910943
21.43,35.23210861686364
21.44,35.2684241006955
21.45,35.30481405736203
21.46,35.3412786948261
21.47,35.37781822226212
21.48,35.4144328500618
21.49,35.45112278983998
21.5,35.48788825444046
21.51,35.524729457941945
21.52,35.56164661566392
21.53,35.59863994417271
21.54,35.635709661287486
21.55,35.67285598608636
21.56,35.71007913891253
21.57,35.74737934138045
21.58,35.78475681638205
21.59,35.82221178809305
21.6,35.85974448197926
21.61,35.89735512480298
21.62,35.935043944629385
21.63,35.97281117083306
21.64,36.0106570341045
21.65,36.04858176645667
21.66,36.086585601231675
21.67,36.12466877310741
21.68,36.1628315181043
21.69,36.20107407359209
21.7,36.239396678296686
21.71,36.277799572307046
21.72,36.316282997082105
21.73,36.3548471954578
21.74,36.39349241165411
21.75,36.43221889128215
21.76,36.47102688135136
21.77,36.5099166302767
21.78,36.54888838788594
21.79,36.58794240542697
21.8,36.627078935575206
21.81,36.666298232441015
21.82,36.70560055157722
21.83,36.74498614998667
21.84,36.784455286129855
21.85,36.82400821993256
21.86,36.86364521279362
21.87,36.90336652759272
21.88,36.943172428698226
21.89,36.98306318197512
21.9,37.02303905479296
21.91,37.06310031603394
21.92,37.10324723610098
21.93,37.14348008692586
21.94,37.18379914197751
21.95,37.22420467627023
21.96,37.26469696637209
21.97,37.30527629041332
21.98,37.3459429280948
21.99,37.38669716069663
22.0,37.427539271086694
22.01,37.46846954372939
22.02,37.50948826469436
22.03,37.55059572166528
22.04,37.591792203948785
22.05,37.63307800248339
22.06,37.67445340984851
22.07,37.71591872027357
22.08,37.75747422964716
22.09,37.79912023552624
22.1,37.840857037145476
22.11,37.8826849354266
22.12,37.92460423298786
22.13,37.96661523415352
22.14,38.00871824496348
22.15,38.05091357318294
22.16,38.093201528312115
22.17,38.135582421596084
22.18,38.17805656603468
22.19,38.22062427639243
22.2,38.263285869208644
22.21,38.306041662807516
22.22,38.34889197730833
22.23,38.39183713463573
22.24,38.434877458530124
22.25,38.47801327455808
22.26,38.521244910122874
22.27,38.564572694475096
22.28,38.607996958723334
22.29,38.65151803584494
22.3,38.69513626069688
22.31,38.7388519700267
22.32,38.78266550248353
22.33,38.82657719862919
22.34,38.87058740094938
22.35,38.91469645386501
22.36,38.958904703743514
22.37,39.00321249891033
22.38,39.04762018966047
22.39,39.09212812827014
22.4,39.13673666900847
22.41,39.18144616814935
22.42,39.226256983983326
22.43,39.27116947682962
22.44,39.316184009048236
22.45,39.361300945052136
22.46,39.40652065131956
22.47,39.4518434964064
22.48,39.497269850958666
22.49,39.54280008772512
22.5,39.588434581569906
22.51,39.63417370948536
22.52,39.680017850604884
22.53,39.725967386215935
22.54,39.772022699773096
22.55,39.81818417691129
22.56,39.864452205459045
22.57,39.91082717545192
22.58,39.95730947914598
22.59,40.00389951103141
22.6,40.05059766784627
22.61,40.09740434859026
22.62,40.1443199545387
22.63,40.19134488925656
22.64,40.23847955861262
22.65,40.285724370793716
22.66,40.33307973631916
22.67,40.38054606805522
22.68,40.42812378122971
22.69,40.47581329344674
22.7,40.52361502470156
22.71,40.571529397395516
22.72,40.619556836351116
22.73,40.66769776882727
22.74,40.715952624534566
22.75,40.764321835650755
22.76,40.8128058368363
22.77,40.861405065250054
22.78,40.91011996056512
22.79,40.95895096498476
22.8,41.00789852325847
22.81,41.05696308269819
22.82,41.10614509319465
22.83,41.1554450072338
22.84,41.20486327991344
22.85,41.254400368959914
22.86,41.30405673474499
22.87,41.353832840302864
22.88,41.403729151347285
22.89,41.453746136288835
22.9,41.50388426625234
22.91,41.55414401509442
22.92,41.604525859421194
22.93,41.655030278606105
22.94,41.70565775480793
22.95,41.75640877298888
22.96,41.80728382093289
22.97,41.85828338926405
22.98,41.90940797146518
22.99,41.960658063896524
23.0,42.01203416581468
23.01,42.06353677939161
23.02,42.1151664097338
23.03,42.16692356490165
23.04,42.218808755928954
23.05,42.27082249684255
23.06,42.32296530468217
23.07,42.37523769952042
23.08,42.4276402044829
23.09,42.480173345768556
23.1,42.53283765267014
23.11,42.585633657594876
23.12,42.63856189608526
23.13,42.69162290684007
23.14,42.74481723173552
23.15,42.7981454158466
23.16,42.8516080074686
23.17,42.9052055581388
23.18,42.958938622658344
23.19,43.01280775911428
23.2,43.06681352890183
23.21,43.12095649674678
23.22,43.175237230728094
23.23,43.22965630230074
23.24,43.28421428631864
23.25,43.33891176105786
23.26,43.39374930824
23.27,43.44872751305573
23.28,43.503846964188575
23.29,43.55910825383887
23.3,43.61451197774793
23.31,43.670058735222405
23.32,43.72574912915885
23.33,43.781583766068515
23.34,43.837563256102314
23.35,43.89368821307605
23.36,43.94995925449577
23.37,44.00637700158344
23.38,44.06294207930276
23.39,44.11965511638522
23.4,44.17651674535637
23.41,44.23352760256236
23.42,44.2906883281966
23.43,44.34799956632677
23.44,44.40546196492196
23.45,44.46307617588011
23.46,44.52084285505563
23.47,44.57876266228732
23.48,44.636836261426424
23.49,44.69506432036506
23.5,44.75344751106478
23.51,44.81198650958541
23.52,44.87068199611417
23.53,44.92953465499501
23.54,44.98854517475818
23.55,45.04771424815011
23.56,45.1070425721635
23.57,45.1665308480677
23.58,45.22617978143931
23.59,45.2859900821931
23.6,45.34596246461315
23.61,45.406097647384286
23.62,45.466396353623786
23.63,45.52685931091334
23.64,45.58748725133131
23.65,45.64828091148529
23.66,45.70924103254486
23.67,45.77036836027475
23.68,45.831663645068204
23.69,45.89312764198066
23.7,45.95476111076374
23.71,46.0165648158995
23.72,46.07853952663503
23.73,46.14068601701733
23.74,46.203005065928465
23.75,46.26549745712109
23.76,46.32816397925424
23.77,46.39100542592945
23.78,46.4540225957272
23.79,46.517216292243674
23.8,46.58058732412783
23.81,46.64413650511886
23.82,46.707864654083856
23.83,46.77177259505598
23.84,46.83586115727281
23.85,46.900131175215144
23.86,46.964583488646085
23.87,47.029218942650495
23.88,47.09403838767481
23.89,47.159042679567186
23.9,47.22423267961803
23.91,47.289609254600876
23.92,47.355173276813645
23.93,47.420925624120244
23.94,47.48686717999257
23.95,47.55299883355289
23.96,47.61932147961658
23.97,47.685836018735266
23.98,47.75254335724034
23.99,47.819444407286916
24.0,47.886540086898094
24.01,47.95383132000972
24.02,48.0213190365155
24.03,48.089004172312535
24.04,48.15688766934726
24.05,48.22497047566183
24.06,48.29325354544087
24.07,48.36173783905874
24.08,48.430424323127156
24.09,48.49931397054327
24.1,48.5684077605382
24.11,48.63770667872601
24.12,48.70721171715311
24.13,48.776923874348114
24.14,48.846844155372224
24.15,48.916973571869974
24.16,48.98731314212051
24.17,49.05786389108933
24.18,49.1286268504805
24.19,49.199603058789336
24.2,49.27079356135561
24.21,49.34219941041722
24.22,49.41382166516439
24.23,49.485661391794316
24.24,49.55771966356638
24.25,49.629997560857866
24.26,49.702496171220176
24.27,49.77521658943559
24.28,49.848159917574534
24.29,49.92132726505343
24.3,49.99471974869303
24.31,50.068338492777364
24.32,50.142184629113174
24.33,50.21625929708996
24.34,50.290563643740576
24.35,50.36509882380238
24.36,50.43986599977899
24.37,50.51486634200261
24.38,50.590101028696964
24.39,50.66557124604079
24.4,50.74127818823197
24.41,50.81722305755228
24.42,50.89340706443271
24.43,50.96983142751944
24.44,51.04649737374046
24.45,51.12340613837279
24.46,51.20055896511039
24.47,51.27795710613265
24.48,51.35560182217361
24.49,51.43349438259184
24.5,51.51163606544091
24.51,51.59002815754066
24.52,51.66867195454904
24.53,51.74756876103476
24.54,51.82671989055055
24.55,51.90612666570715
24.56,51.985790418248065
24.57,52.065712489125
24.58,52.145894228574036
24.59,52.22633699619257
24.6,52.307042161016966
24.61,52.38801110160101
24.62,52.46924520609508
24.63,52.55074587232617
24.64,52.63251450787858
24.65,52.714552530175546
24.66,52.79686136656152
24.67,52.87944245438539
24.68,52.96229724108443
24.69,53.04542718426911
24.7,53.12883375180877
24.71,53.21251842191811
24.72,53.29648268324453
24.73,53.38072803495635
24.74,53.465255986831934
24.75,53.55006805934965
24.76,53.635165783778746
24.77,53.72055070227116
24.78,53.806224367954194
24.79,53.89218834502417
24.8,53.978444208840955
24.81,54.064993546023544
24.82,54.151837954546465
24.83,54.238979043837254
24.84,54.326418434874896
24.85,54.4141577602892
24.86,54.502198664461254
24.87,54.59054280362484
24.88,54.67919184596892
24.89,54.7681474717411
24.9,54.857411373352214
24.91,54.94698525548191
24.92,55.03687083518536
24.93,55.12706984200102
24.94,55.21758401805951
24.95,55.3084151181936
24.96,55.399564910049314
24.97,55.49103517419819
24.98,55.58282770425067
24.99,55.67494430697069
25.0,55.76738680239139
25.01,55.86015702393209
25.02,55.95325681851638
25.03,56.04668804669154
25.04,56.14045258274911
25.05,56.23455231484674
25.06,56.32898914513128
25.07,56.423764989863216
25.08,56.51888177954231
25.09,56.61434145903462
25.1,56.71014598770078
25.11,56.80629733952569
25.12,56.90279750324953
25.13,56.999648482500106
25.14,57.09685229592665
25.15,57.194410977335
25.16,57.29232657582417
25.17,57.390601155924415
25.18,57.48923679773671
25.19,57.5882355970737
25.2,57.68759966560218
25.21,57.78733113098704
25.22,57.88743213703677
25.23,57.98790484385045
25.24,58.08875142796642
25.25,58.18997408251239
25.26,58.29157501735727
25.27,58.393556459264516
25.28,58.49592065204723
25.29,58.59866985672483
25.3,58.70180635168144
25.31,58.80533243282594
25.32,58.90925041375383
25.33,59.01356262591071
25.34,59.11827141875763
25.35,59.22337915993817
25.36,59.32888823544733
25.37,59.43480104980228
25.38,59.54112002621492
25.39,59.64784760676633
25.4,59.75498625258313
25.41,59.86253844401576
25.42,59.97050668081869
25.43,60.07889348233256
25.44,60.18770138766842
25.45,60.29693295589388
25.46,60.40659076622135
25.47,60.51667741819834
25.48,60.62719553189987
25.49,60.73814774812295
25.5,60.849536728583246
25.51,60.961365156113935
25.52,61.0736357348667
25.53,61.18635119051499
25.54,61.299514270459554
25.55,61.413127744036196
25.56,61.5271944027259
25.57,61.641717060367256
25.58,61.7566985533713
25.59,61.872141740938694
25.6,61.98804950527939
25.61,62.10442475183473
25.62,62.22127040950201
25.63,62.33858943086167
25.64,62.45638479240688
25.65,62.574659494775865
25.66,62.693416562986755
25.67,62.81265904667514
25.68,62.93239002033427
25.69,63.05261258355803
25.7,63.17332986128663
25.71,63.2945450040551
25.72,63.41626118824461
25.73,63.53848161633667
25.74,63.66120951717021
25.75,63.78444814620161
25.76,63.90820078576774
25.77,64.03247074535192
25.78,64.15726136185303
25.79,64.28257599985771
25.8,64.40841805191559
25.81,64.53479093881784
25.82,64.66169810987878
25.83,64.78914304322095
25.84,64.91712924606323
25.85,65.04566025501252
25.86,65.17473963635871
25.87,65.30437098637306
25.88,65.4345579316101
25.89,65.56530412921305
25.9,65.69661326722279
25.91,65.82848906489045
25.92,65.96093527299368
25.93,66.0939556741566
25.94,66.22755408317353
25.95,66.36173434733651
25.96,66.49650034676672
25.97,66.6318559947498
25.98,66.76780523807504
25.99,66.90435205737877
26.0,67.04150046749164
26.01,67.17925451779013
26.02,67.3176182925522
26.03,67.45659591131718
26.04,67.59619152924996
26.05,67.73640933750953
26.06,67.87725356362188
26.07,68.01872847185743
26.08,68.16083836361298
26.09,68.30358757779823
26.1,68.44698049122687
26.11,68.59102151901257
26.12,68.73571511496957
26.13,68.88106577201819
26.14,69.02707802259526
26.15,69.17375643906946
26.16,69.32110563416175
26.17,69.4691302613709
26.18,69.61783501540421
26.19,69.76722463261343
26.2,69.91730389143608
26.21,70.06807761284209
26.22,70.21955066078594
26.23,70.37172794266439
26.24,70.5246144097797
26.25,70.67821505780871
26.26,70.83253492727758
26.27,70.98757910404241
26.28,71.14335271977583
26.29,71.29986095245958
26.3,71.45710902688319
26.31,71.61510221514885
26.32,71.77384583718259
26.33,71.93334526125174
26.34,72.09360590448891
26.35,72.25463323342247
26.36,72.41643276451367
26.37,72.57901006470051
26.38,72.74237075194837
26.39,72.9065204958076
26.4,73.07146501797807
26.41,73.2372100928809
26.42,73.40376154823733
26.43,73.57112526565491
26.44,73.73930718122116
26.45,73.90831328610467
26.46,74.07814962716387
26.47,74.24882230756347
26.48,74.42033748739888
26.49,74.59270138432841
26.5,74.76592027421363
26.51,74.94000049176793
26.52,75.11494843121332
26.53,75.29077054694564
26.54,75.46747335420838
26.55,75.64506342977506
26.56,75.8235474126405
26.57,76.00293200472086
26.58,76.18322397156288
26.59,76.36443014306214
26.6,76.54655741419066
26.61,76.72961274573402
26.62,76.9136031650379
26.63,77.09853576676446
26.64,77.28441771365846
26.65,77.47125623732342
26.66,77.65905863900795
26.67,77.84783229040228
26.68,78.03758463444525
26.69,78.22832318614194
26.7,78.42005553339192
26.71,78.61278933782853
26.72,78.80653233566913
26.73,79.00129233857653
26.74,79.19707723453189
26.75,79.3938949887191
26.76,79.59175364442092
26.77,79.79066132392695
26.78,79.99062622945372
26.79,80.191656644077
26.8,80.39376093267647
26.81,80.5969475428931
26.82,80.80122500609929
26.83,81.00660193838186
26.84,81.21308704153844
26.85,81.42068910408702
26.86,81.62941700228919
26.87,81.8392797011871
26.88,82.05028625565438
26.89,82.2624458114613
26.9,82.47576760635424
26.91,82.69026097114983
26.92,82.90593533084389
26.93,83.12280020573542
26.94,83.34086521256586
26.95,83.56014006567389
26.96,83.78063457816587
26.97,84.00235866310238
26.98,84.22532233470086
26.99,84.44953570955477
27.0,84.67500900786942
27.01,84.90175255471482
27.02,85.12977678129563
27.03,85.3590922262387
27.04,85.5897095368983
27.05,85.8216394706793
27.06,86.05489289637877
27.07,86.289480795546
27.08,86.52541426386144
27.09,86.76270451253471
27.1,87.00136286972213
27.11,87.24140078196383
27.12,87.48282981564103
27.13,87.72566165845345
27.14,87.96990812091755
27.15,88.21558113788564
27.16,88.46269277008616
27.17,88.71125520568577
27.18,88.96128076187318
27.19,89.21278188646532
27.2,89.46577115953615
27.21,89.72026129506835
27.22,89.97626514262842
27.23,90.23379568906535
27.24,90.49286606023335
27.25,90.7534895227391
27.26,91.01567948571359
27.27,91.27944950260931
27.28,91.54481327302288
27.29,91.81178464454368
27.3,92.08037761462884
27.31,92.35060633250502
27.32,92.62248510109728
27.33,92.89602837898569
27.34,93.17125078238985
27.35,93.44816708718199
27.36,93.72679223092888
27.37,94.00714131496323
27.38,94.28922960648482
27.39,94.57307254069191
27.4,94.85868572294352
27.41,95.14608493095287
27.42,95.43528611701258
27.43,95.7263054102521
27.44,96.01915911892789
27.45,96.31386373274684
27.46,96.61043592522347
27.47,96.90889255607144
27.48,97.20925067362985
27.49,97.51152751732506
27.5,97.81574052016828
27.51,98.12190731128979
27.52,98.43004571851026
27.53,98.74017377094967
27.54,99.0523097016745
27.55,99.36647195038388
27.56,99.68267916613507
27.57,100.00095021010922
27.58,100.32130415841768
27.59,100.64376030494984
27.6,100.96833816426293
27.61,101.29505747451454
27.62,101.62393820043847
27.63,101.95500053636471
27.64,102.28826490928408
27.65,102.62375198195843
27.66,102.96148265607694
27.67,103.30147807545933
27.68,103.64375962930683
27.69,103.9883489555014
27.7,104.3352679439542
27.71,104.68453874000403
27.72,105.03618374786647
27.73,105.39022563413458
27.74,105.74668733133191
27.75,106.10559204151878
27.76,106.46696323995248
27.77,106.83082467880247
27.78,107.19720039092125
27.79,107.56611469367184
27.8,107.93759219281283
27.81,108.3116577864419
27.82,108.68833666899857
27.83,109.06765433532739
27.84,109.44963658480225
27.85,109.834309525513
27.86,110.22169957851521
27.87,110.61183348214409
27.88,111.0047382963937
27.89,111.40044140736228
27.9,111.79897053176494
27.91,112.2003537215146
27.92,112.6046193683724
27.93,113.01179620866853
27.94,113.42191332809472
27.95,113.83500016656937
27.96,114.25108652317662
27.97,114.67020256118037
27.98,115.0923788131145
27.99,115.51764618595041
28.0,115.94603596634335
28.01,116.3775798259582
28.02,116.8123098268766
28.03,117.2502584270863
28.04,117.69145848605392
28.05,118.13594327038287
28.06,118.58374645955723
28.07,119.03490215177325
28.08,119.48944486985968
28.09,119.94740956728837
28.1,120.40883163427645
28.11,120.87374690398157
28.12,121.34219165879152
28.13,121.81420263670988
28.14,122.28981703783886
28.15,122.76907253096108
28.16,123.25200726022165
28.17,123.73865985191206
28.18,124.22906942135754
28.19,124.72327557990927
28.2,125.2213184420432
28.21,125.72323863256688
28.22,126.22907729393613
28.23,126.73887609368296
28.24,127.2526772319566
28.25,127.77052344917908
28.26,128.29245803381735
28.27,128.81852483027333
28.28,129.34876824689385
28.29,129.88323326410213
28.3,130.42196544265246
28.31,130.96501093201022
28.32,131.51241647885854
28.33,132.06422943573378
28.34,132.62049776979163
28.35,133.18127007170543
28.36,133.7465955646989
28.37,134.31652411371505
28.38,134.8911062347229
28.39,135.47039310416454
28.4,136.05443656854368
28.41,136.64328915415834
28.42,137.23700407697925
28.43,137.83563525267604
28.44,138.4392373067931
28.45,139.04786558507735
28.46,139.66157616395964
28.47,140.28042586119207
28.48,140.90447224664302
28.49,141.5337736532521
28.5,142.16838918814696
28.51,142.80837874392412
28.52,143.45380301009575
28.53,144.10472348470458
28.54,144.7612024861089
28.55,145.42330316493997
28.56,146.0910895162333
28.57,146.7646263917368
28.58,147.44397951239702
28.59,148.12921548102597
28.6,148.82040179515053
28.61,149.51760686004639
28.62,150.22090000195865
28.63,150.93035148151122
28.64,151.64603250730667
28.65,152.36801524971904
28.66,153.0963728548811
28.67,153.83117945886846
28.68,154.57251020208204
28.69,155.32044124383128
28.7,156.07504977711957
28.71,156.83641404363402
28.72,157.60461334894123
28.73,158.37972807789095
28.74,159.1618397102294
28.75,159.9510308364238
28.76,160.7473851736998
28.77,161.55098758229363
28.78,162.36192408192017
28.79,163.18028186845865
28.8,164.0061493308573
28.81,164.83961606825844
28.82,165.6807729073449
28.83,166.5297119199095
28.84,167.38652644064825
28.85,168.2513110851785
28.86,169.12416176828276
28.87,170.0051757223794
28.88,170.89445151622033
28.89,171.79208907381687
28.9,172.69818969359372
28.91,173.61285606777173
28.92,174.53619230197953
28.93,175.46830393509404
28.94,176.40929795930973
28.95,177.35928284043638
28.96,178.31836853842503
28.97,179.28666652812112
28.98,180.26428982024436
28.99,181.25135298259417
29.0,182.24797216147937
29.01,183.25426510337076
29.02,184.27035117677485
29.03,185.29635139432673
29.04,186.33238843510009
29.05,187.3785866671315
29.06,188.4350721701567
29.07,189.50197275855544
29.08,190.57941800450158
29.09,191.66753926131491
29.1,192.7664696870104
29.11,193.87634426804067
29.12,194.99729984322667
29.13,196.12947512787173
29.14,197.27301073805293
29.15,198.4280492150842
29.16,199.5947350501444
29.17,200.7732147090635
29.18,201.9636366572595
29.19,203.16615138481814
29.2,204.38091143170664
29.21,205.608071413113
29.22,206.84778804490074
29.23,208.100220169169
29.24,209.36552877990735
29.25,210.64387704873357
29.26,211.93543035070238
29.27,213.24035629017212
29.28,214.55882472671587
29.29,215.89100780106256
29.3,217.2370799610529
29.31,218.59721798759412
29.32,219.97160102059667
29.33,221.36041058487507
29.34,222.76383061599432
29.35,224.1820474860422
29.36,225.61525002930668
29.37,227.06362956783713
29.38,228.52737993686608
29.39,230.00669751006822
29.4,231.50178122463117
29.41,233.01283260611228
29.42,234.54005579305368
29.43,236.08365756132724
29.44,237.64384734817907
29.45,239.22083727594253
29.46,240.81484217538693
29.47,242.42607960866755
29.48,244.05476989184146
29.49,245.7011361169118
29.5,247.36540417336184
29.51,249.04780276913792
29.52,250.74856345103964
29.53,252.4679206244731
29.54,254.2061115725213
29.55,255.96337647428464
29.56,257.7399584224413
29.57,259.53610343997707
29.58,261.3520604960301
29.59,263.1880815207961
29.6,265.0444214194354
29.61,266.92133808492304
29.62,268.8190924097791
29.63,270.73794829661534
29.64,272.6781726674316
29.65,274.6400354715925
29.66,276.62380969241326
29.67,278.62977135228084
29.68,280.6581995162335
29.69,282.7093762939195
29.7,284.78358683985385
29.71,286.88111935188766
29.72,289.00226506780353
29.73,291.14731825994653
29.74,293.31657622779807
29.75,295.5103392883962
29.76,297.72891076450475
29.77,299.972596970428
29.78,302.2417071953677
29.79,304.5365536842133
29.8,306.85745161565524
29.81,309.2047190775073
29.82,311.5786770391207
29.83,313.9796493207693
29.84,316.4079625598836
29.85,318.8639461740057
29.86,321.34793232033695
29.87,323.86025585174343
29.88,326.4012542690857
29.89,328.9712676697317
29.9,331.5706386921113
29.91,334.1997124561679
29.92,336.8588364995576
29.93,339.54836070944555
29.94,342.26863724974504
29.95,345.0200204836424
29.96,347.8028668912481
29.97,350.6175349822116
29.98,353.4643852031356
29.99,356.343779839621
30.0,359.2560829127751
30.01,362.2016600700097
30.02,365.180878469956
30.03,368.19410666132126
30.04,371.24171445550974
30.05,374.32407279282967
30.06,377.44155360210715
30.07,380.5945296535257
30.08,383.7833744045116
30.09,387.00846183848296
30.1,390.27016629628093
30.11,393.56886230010326
30.12,396.90492436975836
30.13,400.2787268310614
30.14,403.6906436161948
30.15,407.141048055856
30.16,410.6303126630204
30.17,414.15880890814697
30.18,417.7269069856603
30.19,421.3349755715445
30.2,424.98338157188914
30.21,428.6724898622344
30.22,432.4026630175641
30.23,436.1742610328062
30.24,439.9876410337025
30.25,443.84315697792107
30.26,447.74115934628975
30.27,451.68199482404
30.28,455.6660059719593
30.29,459.6935308873611
30.3,463.76490285479207
30.31,467.8804499864096
30.32,472.0404948519739
30.33,476.24535409841485
30.34,480.4953380589465
30.35,484.79075035171945
30.36,489.13188746801677
30.37,493.5190383500176
30.38,497.9524839581699
30.39,502.43249682823523
30.4,506.95934061808595
30.41,511.5332696443601
30.42,516.1545284090987
30.43,520.8233511165156
30.44,525.539961180073
30.45,530.3045707200623
30.46,535.1173800519156
30.47,539.9785771654997
30.48,544.8883371956751
30.49,549.8468218844283
30.5,554.8541790349184
30.51,559.910541957808
30.52,565.0160289102815
30.53,570.1707425281844
30.54,575.3747692517518
30.55,580.6281787454278
30.56,585.9310233123107
30.57,591.2833373037947
30.58,596.685136525014
30.59,602.1364176367293
30.6,607.6371575543361
30.61,613.1873128447048
30.62,618.7868191216047
30.63,624.4355904404949
30.64,630.1335186935056
30.65,635.8804730054643
30.66,641.6762991318618
30.67,647.5208188596836
30.68,653.4138294120685
30.69,659.3551028577901
30.7,665.3443855265884
30.71,671.3813974314096
30.72,677.4658316986452
30.73,683.5973540074879
30.74,689.7756020395502
30.75,696.0001849399173
30.76,702.2706827908298
30.77,708.5866460992149
30.78,714.9475952993018
30.79,721.3530202715781
30.8,727.8023798793554
30.81,734.2951015242284
30.82,740.8305807217185
30.83,747.4081806984019
30.84,754.0272320118228
30.85,760.687032194498
30.86,767.3868454233101
30.87,774.1259022155854
30.88,780.9033991531394
30.89,787.7184986355613
30.9,794.5703286639897
30.91,801.4579826566122
30.92,808.3805192970957
30.93,815.3369624171247
30.94,822.3263009141924
30.95,829.3474887057513
30.96,836.3994447207898
30.97,843.4810529298551
30.98,850.5911624144925
30.99,857.7285874770192
31.0,864.8921077914923
31.01,872.0804685966684
31.02,879.2923809316889
31.03,886.526521915153
31.04,893.7815350681722
31.05,901.0560306819177
31.06,908.3485862300995
31.07,915.6577468267269
31.08,922.9820257294201
31.09,930.3199048884497
31.1,937.6698355415929
31.11,945.0302388548005
31.12,952.399506608575
31.13,959.7760019298616
31.14,967.1580600691559
31.15,974.5439892224332
31.16,981.9320713974039
31.17,989.3205633234963
31.18,996.7076974048697
31.19,1004.0916827156569
31.2,1011.4707060365372
31.21,1018.8429329316369
31.22,1026.2065088646605
31.23,1033.5595603530526
31.24,1040.9001961589
31.25,1048.226508515185
31.26,1055.5365743859156
31.27,1062.8284567585617
31.28,1070.1002059671498
31.29,1077.3498610442803
31.3,1084.575451100256
31.31,1091.7749967274362
31.32,1098.9465114278598
31.33,1106.0880030621156
31.34,1113.1974753173774
31.35,1120.2729291924677
31.36,1127.3123644977575
31.37,1134.313781367673
31.38,1141.275181783534
31.39,1148.194571104415
31.4,1155.0699596036986
31.41,1161.8993640089614
31.42,1168.6808090428183
31.43,1175.4123289623471
31.44,1182.091969094702
31.45,1188.717787366536
31.46,1195.287855824853
31.47,1201.800262146935
31.48,1208.2531111369965
31.49,1214.64452620726
31.5,1220.972650841169
31.51,1227.2356500364965
31.52,1233.4317117261508
31.53,1239.5590481745312
31.54,1245.6158973473387
31.55,1251.6005242528065
31.56,1257.5112222523835
31.57,1263.3463143389672
31.58,1269.1041543808608
31.59,1274.7831283297062
31.6,1280.3816553907234
31.61,1285.8981891536748
31.62,1291.3312186830597
31.63,1296.6792695661356
31.64,1301.9409049174585
31.65,1307.1147263387256
31.66,1312.1993748328089
31.67,1317.193531670962
31.68,1322.0959192122868
31.69,1326.9053016746457
31.7,1331.6204858563133
31.71,1336.2403218077584
31.72,1340.763703453053
31.73,1345.1895691605093
31.74,1349.5169022622456
31.75,1353.7447315224842
31.76,1357.8721315544858
31.77,1361.898223186121
31.78,1365.8221737741808
31.79,1369.6431974676193
31.8,1373.3605554200162
31.81,1376.9735559516382
31.82,1380.481554661565
31.83,1383.8839544904329
31.84,1387.180205734425
31.85,1390.3698060112274
31.86,1393.452300178732
31.87,1396.4272802073513
31.88,1399.2943850068707
31.89,1402.053300208833
31.9,1404.7037579055086
31.91,1407.2455363465633
31.92,1409.6784595945874
31.93,1412.0023971407002
31.94,1414.2172634814888
31.95,1416.3230176585819
31.96,1418.3196627621935
31.97,1420.2072454000097
31.98,1421.9858551328152
31.99,1423.6556238782866
32.0,1425.2167252843976
32.01,1426.669374073898
32.02,1428.0138253613468
32.03,1429.2503739441836
32.04,1430.3793535693349
32.05,1431.4011361768496
32.06,1432.3161311220633
32.07,1433.1247843777799
32.08,1433.8275777179615
32.09,1434.4250278844004
32.1,1434.9176857378368
32.11,1435.3061353949724
32.12,1435.5909933528103
32.13,1435.7729076017288
32.14,1435.8525567286817
32.15,1435.8306490118835
32.16,1435.7079215083165
32.17,1435.4851391353695
32.18,1435.1630937478812
32.19,1434.7426032118353
32.2,1434.2245104759186
32.21,1433.609682642118
32.22,1432.8990100364977
32.23,1432.093405281259
32.24,1431.1938023691516
32.25,1430.201155741261
32.26,1429.1164393691622
32.27,1427.9406458423891
32.28,1426.674785462125
32.29,1425.3198853419874
32.3,1423.8769885167317
32.31,1422.347153059664
32.32,1420.7314512095077
32.33,1419.0309685074335
32.34,1417.2468029449178
32.35,1415.3800641230587
32.36,1413.4318724239356
32.37,1411.4033581945635
32.38,1409.2956609439516
32.39,1407.1099285537407
32.4,1404.8473165028547
32.41,1402.5089871065666
32.42,1400.0961087703445
32.43,1397.6098552588057
32.44,1395.051404980078
32.45,1392.4219402858275
32.46,1389.7226467871888
32.47,1386.9547126867933
32.48,1384.1193281270705
32.49,1381.2176845549589
32.5,1378.2509741031442
32.51,1375.2203889879077
32.52,1372.127120923647
32.53,1368.9723605541037
32.54,1365.75729690031
32.55,1362.4831168252429
32.56,1359.1510045151524
32.57,1355.7621409775109
32.58,1352.3177035555088
32.59,1348.818865459006
32.6,1345.2667953118275
32.61,1341.6626567152775
32.62,1338.0076078277289
32.63,1334.3028009601317
32.64,1330.5493821872699
32.65,1326.74849097458
32.66,1322.9012598203385
32.67,1319.0088139130098
32.68,1315.0722708035362
32.69,1311.0927400923447
32.7,1307.0713231308337
32.71,1303.009112737096
32.72,1298.9071929256297
32.73,1294.7666386507751
32.74,1290.5885155636206
32.75,1286.3738797821045
32.76,1282.123777674044
32.77,1277.839245652814
32.78,1273.521309985395
32.79,1269.1709866125116
32.8,1264.7892809805737
32.81,1260.377187885139
32.82,1255.9356913256051
32.83,1251.4657643708508
32.84,1246.9683690355325
32.85,1242.4444561667528
32.86,1237.894965340815
32.87,1233.3208247697748
32.88,1228.7229512175113
32.89,1224.1022499250278
32.9,1219.4596145447088
32.91,1214.7959270832523
32.92,1210.1120578530029
32.93,1205.408865431412
32.94,1200.6871966283613
32.95,1195.9478864610755
32.96,1191.1917581363693
32.97,1186.4196230399662
32.98,1181.632280732635
32.99,1176.8305189528955
33.0,1172.0151136260413
33.01,1167.1868288792446
33.02,1162.3464170624989
33.03,1157.4946187751698
33.04,1152.632162897923
33.05,1147.7597666298066
33.06,1142.8781355302656
33.07,1137.9879635658767
33.08,1133.0899331615915
33.09,1128.1847152562816
33.1,1123.2729693623878
33.11,1118.3553436294746
33.12,1113.432474911501
33.13,1108.5049888376204
33.14,1103.5734998863288
33.15,1098.6386114627837
33.16,1093.7009159791232
33.17,1088.7609949376167
33.18,1083.8194190164857
33.19,1078.8767481582363
33.2,1073.9335316603513
33.21,1068.9903082681913
33.22,1064.047606269962
33.23,1059.105943593608
33.24,1054.1658279054968
33.25,1049.2277567107635
33.26,1044.292217455187
33.27,1039.3596876284778
33.28,1034.4306348688574
33.29,1029.5055170688145
33.3,1024.584782481929
33.31,1019.6688698306561
33.32,1014.7582084149673
33.33,1009.8532182217507
33.34,1004.9543100348747
33.35,1000.0618855458224
33.36,995.1763374648098
33.37,990.2980496323013
33.38,985.4273971308436
33.39,980.5647463971364
33.4,975.710455334268
33.41,970.8648734240412
33.42,966.0283418393232
33.43,961.2011935563507
33.44,956.3837534669299
33.45,951.5763384904685
33.46,946.7792576857846
33.47,941.9928123626355
33.48,937.2172961929149
33.49,932.4529953214691
33.5,927.7001884764837
33.51,922.9591470793969
33.52,918.2301353542946
33.53,913.5134104367496
33.54,908.8092224820635
33.55,904.1178147728771
33.56,899.4394238261129
33.57,894.7742794992198
33.58,890.1226050956861
33.59,885.4846174697957
33.6,880.8605271305971
33.61,876.2505383450624
33.62,871.6548492404113
33.63,867.073651905578
33.64,862.5071324918014
33.65,857.9554713123179
33.66,853.4188429411406
33.67,848.8974163109083
33.68,844.3913548097875
33.69,839.9008163774164
33.7,835.4259535998763
33.71,830.9669138036795
33.72,826.5238391487641
33.73,822.0968667204852
33.74,817.6861286205958
33.75,813.2917520572089
33.76,808.9138594337353
33.77,804.5525684367918
33.78,800.2079921230751
33.79,795.8802390051972
33.8,791.569413136481
33.81,787.2756141947125
33.82,782.9989375648491
33.83,778.739474420683
33.84,774.4973118054597
33.85,770.2725327114529
33.86,766.0652161584957
33.87,761.8754372714717
33.88,757.7032673567663
33.89,753.5487739776834
33.9,749.412021028828
33.91,745.293068809462
33.92,741.1919740958344
33.93,737.1087902124923
33.94,733.0435671025767
33.95,728.9963513971105
33.96,724.9671864832815
33.97,720.9561125717294
33.98,716.9631667628415
33.99,712.9883831120651
34.0,709.0317926942414
34.01,705.0934236669715
34.02,701.1733013330187
34.03,697.2714482017574
34.04,693.3878840496745
34.05,689.5226259799333
34.06,685.6756884810065
34.07,681.8470834843882
34.08,678.0368204213922
34.09,674.2449062790467
34.1,670.4713456550932
34.11,666.7161408120991
34.12,662.9792917306935
34.13,659.2607961619342
34.14,655.560649678816
34.15,651.8788457269305
34.16,648.2153756742845
34.17,644.5702288602886
34.18,640.9433926439249
34.19,637.3348524511027
34.2,633.7445918212127
34.21,630.1725924528881
34.22,626.6188342489843
34.23,623.083295360784
34.24,619.5659522314398
34.25,616.0667796386631
34.26,612.5857507366675
34.27,609.1228370973789
34.28,605.67800875092
34.29,602.2512342253788
34.3,598.8424805858717
34.31,595.45171347291
34.32,592.0788971400788
34.33,588.7239944910383
34.34,585.3869671158575
34.35,582.0677753266876
34.36,578.7663781927865
34.37,575.4827335749021
34.38,572.2167981590243
34.39,568.9685274895148
34.4,565.7378760016231
34.41,562.5247970533977
34.42,559.3292429570023
34.43,556.1511650094446
34.44,552.9905135227276
34.45,549.8472378534304
34.46,546.7212864317288
34.47,543.6126067898632
34.48,540.5211455900625
34.49,537.4468486519321
34.5,534.3896609793147
34.51,531.3495267866314
34.52,528.3263895247118
34.53,525.3201919061207
34.54,522.3308759299898
34.55,519.3583829063612
34.56,516.4026534800514
34.57,513.4636276540436
34.58,510.54124481241456
34.59,507.63544374280474
34.6,504.74616265843883
34.61,501.87333921970355
34.62,499.0169105552901
34.63,496.1768132829088
34.64,493.35298352958245
34.65,490.54535695152515
34.66,487.7538687536144
34.67,484.9784537084623
34.68,482.21904617509267
34.69,479.4755801172311
34.7,476.7479891212144
34.71,474.03620641352506
34.72,471.3401648779581
34.73,468.659797072426
34.74,465.99503524540773
34.75,463.3458113520486
34.76,460.712057069916
34.77,458.09370381441784
34.78,455.4906827538887
34.79,452.9029248243501
34.8,450.3303607439504
34.81,447.7729210270891
34.82,445.23053599823254
34.83,442.70313580542495
34.84,440.190650433501
34.85,437.693009717005
34.86,435.21014335282166
34.87,432.74198091252384
34.88,430.288451854442
34.89,427.8494855354603
34.9,425.4250112225451
34.91,423.01495810400877
34.92,420.61925530051576
34.93,418.2378318758338
34.94,415.87061684733595
34.95,413.5175391962572
34.96,411.1785278777108
34.97,408.85351183046816
34.98,406.54241998650673
34.99,404.2451812803302
35.0,401.9617246580651
35.01,399.6919790863381
35.02,397.4358735609377
35.03,395.19333711526446
35.04,392.9642988285739
35.05,390.74868783401524
35.06,388.5464333264708
35.07,386.3574645701987
35.08,384.18171090628334
35.09,382.0191017598967
35.1,379.8695666473744
35.11,377.73303518310973
35.12,375.60943708626934
35.13,373.4987021873336
35.14,371.4007604344654
35.15,369.31554189971
35.16,367.2429767850303
35.17,365.18299542817886
35.18,363.13552830841184
35.19,361.10050605204617
35.2,359.0778594378642
35.21,357.06751940236796
35.22,355.0694170448861
35.23,353.08348363253697
35.24,351.1096506050496
35.25,349.1478495794462
35.26,347.19801235458857
35.27,345.260070915591
35.28,343.3339574381021
35.29,341.4196042924591
35.3,339.51694404771547
35.31,337.62590947554617
35.32,335.74643355403146
35.33,333.87844947132277
35.34,332.0218906291922
35.35,330.17669064646856
35.36,328.34278336236156
35.37,326.5201028396773
35.38,324.7085833679263
35.39,322.9081594663268
35.4,321.1187658867058
35.41,319.3403376162982
35.42,317.572809880449
35.43,315.81611814521744
35.44,314.07019811988744
35.45,312.33498575938484
35.46,310.6104172666042
35.47,308.89642909464663
35.48,307.1929579489704
35.49,305.4999407894565
35.5,303.8173148323906
35.51,302.1450175523634
35.52,300.4829866840909
35.53,298.83116022415635
35.54,297.18947643267546
35.55,295.55787383488683
35.56,293.93629122266856
35.57,292.32466765598315
35.58,290.7229424642522
35.59,289.13105524766195
35.6,287.54894587840175
35.61,285.9765545018364
35.62,284.4138215376143
35.63,282.86068768071215
35.64,281.31709390241843
35.65,279.78298145125626
35.66,278.25829185384714
35.67,276.7429669157174
35.68,275.2369487220477
35.69,273.7401796383682
35.7,272.2526023111988
35.71,270.77415966863737
35.72,269.3047949208962
35.73,267.84445156078834
35.74,266.3930733641644
35.75,264.9506043903016
35.76,263.5169889822454
35.77,262.09217176710587
35.78,260.6760976563089
35.79,259.2687118458035
35.8,257.8699598162267
35.81,256.4797873330263
35.82,255.09814044654337
35.83,253.7249654920545
35.84,252.3602090897756
35.85,251.00381814482748
35.86,249.65573984716477
35.87,248.31592167146843
35.88,246.98431137700337
35.89,245.66085700744156
35.9,244.34550689065173
35.91,243.03820963845638
35.92,241.738914146357
35.93,240.44756959322825
35.94,239.164125440982
35.95,237.8885314342016
35.96,236.62073759974794
35.97,235.360694246337
35.98,234.10835196409062
35.99,232.8636616240604
36.0,231.6265743777261
36.01,230.39704165646862
36.02,229.1750151710187
36.03,227.96044691088187
36.04,226.75328914373995
36.05,225.55349441483048
36.06,224.36101554630395
36.07,223.1758056365598
36.08,221.9978180595619
36.09,220.82700646413377
36.1,219.6633247732344
36.11,218.50672718321508
36.12,217.3571681630579
36.13,216.21460245359634
36.14,215.07898506671853
36.15,213.95027128455388
36.16,212.8284166586432
36.17,211.71337700909325
36.18,210.60510842371596
36.19,209.5035672571527
36.2,208.40871012998446
36.21,207.320493927828
36.22,206.23887580041867
36.23,205.16381316068012
36.24,204.0952636837818
36.25,203.03318530618398
36.26,201.97753622467133
36.27,200.92827489537515
36.28,199.88536003278472
36.29,198.8487506087482
36.3,197.81840585146338
36.31,196.79428524445885
36.32,195.77634852556557
36.33,194.76455568587974
36.34,193.75886696871686
36.35,192.75924286855752
36.36,191.76564412998533
36.37,190.77803174661716
36.38,189.79636696002615
36.39,188.8206112586577
36.4,187.85072637673878
36.41,186.88667429318107
36.42,185.92841723047783
36.43,184.97591765359508
36.44,184.0291382688574
36.45,183.08804202282843
36.46,182.15259210118654
36.47,181.22275192759574
36.48,180.29848516257238
36.49,179.37975570234747
36.5,178.46652767772542
36.51,177.55876545293893
36.52,176.65643362450052
36.53,175.75949702005101
36.54,174.86792069720497
36.55,173.9816699423935
36.56,173.10071026970456
36.57,172.22500741972104
36.58,171.35452735835662
36.59,170.48923627569005
36.6,169.6291005847975
36.61,168.77408692058367
36.62,167.92416213861154
36.63,167.07929331393103
36.64,166.2394477399068
36.65,165.40459292704534
36.66,164.5746966018215
36.67,163.74972670550463
36.68,162.92965139298457
36.69,162.1144390315976
36.7,161.3040581999524
36.71,160.49847768675644
36.72,159.69766648964261
36.73,158.9015938139966
36.74,158.11022907178494
36.75,157.32354188038371
36.76,156.54150206140855
36.77,155.76407963954557
36.78,154.99124484138358
36.79,154.2229680942477
36.8,153.45922002503445
36.81,152.69997145904856
36.82,151.94519341884128
36.83,151.1948571230509
36.84,150.44893398524488
36.85,149.70739561276434
36.86,148.97021380557052
36.87,148.23736055509363
36.88,147.50880804308406
36.89,146.78452864046605
36.9,146.064494906194
36.91,145.3486795861113
36.92,144.63705561181212
36.93,143.92959609950583
36.94,143.22627434888454
36.95,142.52706384199345
36.96,141.83193824210446
36.97,141.14087139259289
36.98,140.45383731581734
36.99,139.77081021200306
37.0,139.09176445812852
37.01,138.41667460681555
37.02,137.74551538522286
37.03,137.0782616939434
37.04,136.41488860590505
37.05,135.75537136527524
37.06,135.0996853863693
37.07,134.44780625256246
37.08,133.79970971520606
37.09,133.15537169254733
37.1,132.51476826865337
37.11,131.87787569233913
37.12,131.24467037609938
37.13,130.6151288950449
37.14,129.98922798584283
37.15,129.36694454566114
37.16,128.74825563111744
37.17,128.13313845723206
37.18,127.52157039638548
37.19,126.91352897728008
37.2,126.30899188390629
37.21,125.70793695451326
37.22,125.1103421805839
37.23,124.51618570581446
37.24,123.92544582509868
37.25,123.33810098351637
37.26,122.75412977532677
37.27,122.17351094296636
37.28,121.59622337605131
37.29,121.02224611038473
37.3,120.45155832696842
37.31,119.88413935101951
37.32,119.31996865099161
37.33,118.75902583760089
37.34,118.2012906628568
37.35,117.64674301909768
37.36,117.09536293803099
37.37,116.54713058977852
37.38,116.00202628192633
37.39,115.46003045857955
37.4,114.92112369942198
37.41,114.38528671878062
37.42,113.852500364695
37.43,113.32274561799146
37.44,112.7960035913622
37.45,112.27225552844935
37.46,111.75148280293384
37.47,111.23366691762921
37.48,110.71878950358037
37.49,110.20683231916715
37.5,109.69777724921292
37.51,109.19160630409803
37.52,108.6883016188782
37.53,108.18784545240781
37.54,107.69022018646817
37.55,107.19540832490063
37.56,106.7033924927447
37.57,106.21415543538103
37.58,105.72768001767935
37.59,105.24394922315126
37.6,104.76294615310805
37.61,104.28465402582327
37.62,103.8090561757004
37.63,103.33613605244524
37.64,102.86587722024329
37.65,102.39826335694205
37.66,101.93327825323809
37.67,101.4709058118691
37.68,101.01113004681079
37.69,100.55393508247862
37.7,100.09930515293436
37.71,99.6472246010976
37.72,99.19767787796202
37.73,98.75064954181643
37.74,98.30612425747078
37.75,97.86408679548684
37.76,97.42452203141373
37.77,96.98741494502823
37.78,96.55275061957987
37.79,96.12051424104074
37.8,95.69069109736013
37.81,95.2632665777238
37.82,94.83822617181804
37.83,94.41555546909846
37.84,93.99524015806344
37.85,93.5772660255322
37.86,93.16161895592768
37.87,92.74828493056395
37.88,92.33725002693834
37.89,91.92850041802811
37.9,91.52202237159183
37.91,91.1178022494753
37.92,90.71582650692201
37.93,90.31608169188823
37.94,89.9185544443626
37.95,89.52323149569031
37.96,89.13009966790169
37.97,88.73914587304539
37.98,88.35035711252598
37.99,87.96372047644608
38.0,87.57922314295284
38.01,87.19685237758891
38.02,86.81659553264782
38.03,86.43844004653371
38.04,86.0623734431255
38.05,85.68838333114527
38.06,85.31645740353125
38.07,84.94658343681478
38.08,84.57874929050185
38.09,84.21294290645879
38.1,83.84915230830225
38.11,83.48736560079338
38.12,83.12757096923633
38.13,82.76975667888087
38.14,82.41391107432919
38.15,82.06002257894696
38.16,81.70807969427838
38.17,81.35807099946555
38.18,81.00998515067177
38.19,80.66381088050899
38.2,80.31953699746938
38.21,79.97715238536091
38.22,79.63664600274684
38.23,79.29800688238947
38.24,78.96122413069762
38.25,78.62628692717819
38.26,78.29318452389174
38.27,77.96190624491183
38.28,77.63244148578838
38.29,77.30477971301487
38.3,76.97891046349943
38.31,76.65482334403978
38.32,76.33250803080192
38.33,76.01195426880268
38.34,75.69315187139611
38.35,75.3760907197635
38.36,75.06076076240721
38.37,74.74715201464826
38.38,74.43525455812754
38.39,74.12505854031073
38.4,73.8165541739969
38.41,73.50973173683074
38.42,73.20458157081835
38.43,72.90109408184668
38.44,72.59925973920659
38.45,72.29906907511932
38.46,72.00051268426668
38.47,71.70358122332458
38.48,71.40826541050014
38.49,71.11455602507229
38.5,70.82244390693577
38.51,70.5319199561486
38.52,70.24297513248288
38.53,69.95560045497912
38.54,69.66978700150382
38.55,69.38552590831043
38.56,69.10280836960364
38.57,68.82162563710703
38.58,68.54196901963392
38.59,68.26382988266153
38.6,67.98719964790835
38.61,67.71206979291489
38.62,67.43843185062734
38.63,67.16627740898474
38.64,66.8955981105091
38.65,66.62638565189872
38.66,66.35863178362467
38.67,66.09232830953037
38.68,65.8274670864342
38.69,65.5640400237352
38.7,65.30203908302191
38.71,65.04145627768405
38.72,64.7822836725274
38.73,64.52451338339152
38.74,64.26813757677051
38.75,64.01314846943671
38.76,63.75953832806729
38.77,63.50729946887382
38.78,63.256424257234634
38.79,63.006905107330155
38.8,62.758734481781005
38.81,62.51190489128897
38.82,62.2664088942808
38.83,62.02223909655474
38.84,61.77938815092991
38.85,61.53784875689837
38.86,61.29761366027997
38.87,61.0586756528799
38.88,60.821027572148914
38.89,60.5846623008463
38.9,60.34957276670542
38.91,60.11575194210199
38.92,59.88319284372487
38.93,59.651888532249586
38.94,59.421832112014336
38.95,59.193016730698616
38.96,58.9654355790044
38.97,58.73908189033981
38.98,58.51394894050536
38.99,58.290030047382636
39.0,58.06731857062551
39.01,57.845807911353766
39.02,57.62549151184921
39.03,57.406362855254194
39.04,57.18841546527251
39.05,56.97164290587275
39.06,56.75603878099396
39.07,56.541596734253716
39.08,56.328310448658485
39.09,56.11617364631635
39.1,55.90518008815201
39.11,55.69532357362409
39.12,55.486597940444696
39.13,55.278997064301265
39.14,55.07251485858059
39.15,54.86714527409514
39.16,54.6628822988115
39.17,54.45971995758111
39.18,54.257652311873024
39.19,54.056673459508986
39.2,53.856777534400536
39.21,53.65795870628825
39.22,53.46021118048314
39.23,53.263529197610104
39.24,53.06790703335343
39.25,52.87333899820441
39.26,52.67981943721097
39.27,52.487342729729335
39.28,52.29590328917767
39.29,52.105495562791795
39.3,51.91611403138278
39.31,51.727753209096605
39.32,51.5404076431757
39.33,51.35407191372244
39.34,51.168740633464594
39.35,50.98440844752261
39.36,50.80107003317886
39.37,50.61872009964871
39.38,50.43735338785349
39.39,50.25696467019527
39.4,50.07754875033351
39.41,49.899100462963496
39.42,49.72161467359658
39.43,49.545086278342225
39.44,49.36951020369184
39.45,49.194881406304305
39.46,49.02119487279332
39.47,48.84844561951646
39.48,48.67662869236592
39.49,48.50573916656099
39.5,48.33577214644226
39.51,48.16672276526741
39.52,47.99858618500873
39.53,47.8313575961523
39.54,47.66503221749875
39.55,47.49960529596568
39.56,47.33507210639172
39.57,47.17142795134212
39.58,47.00866816091595
39.59,46.84678809255493
39.6,46.685783130853714
39.61,46.5256486873718
39.62,46.36638020044694
39.63,46.2079731350101
39.64,46.05042298240186
39.65,45.8937252601904
39.66,45.7378755119909
39.67,45.58286930728645
39.68,45.428702241250384
39.69,45.2753699345701
39.7,45.12286803327228
39.71,44.97119220854957
39.72,44.82033815658861
39.73,44.67030159839956
39.74,44.521078279646886
39.75,44.37266397048164
39.76,44.22505446537503
39.77,44.078245582953386
39.78,43.93223316583442
39.79,43.78701308046487
39.8,43.642581216959414
39.81,43.49893348894095
39.82,43.35606583338208
39.83,43.21397421044799
39.84,43.0726546033405
39.85,42.93210301814348
39.86,42.79231548366941
39.87,42.65328805130729
39.88,42.51501679487169
39.89,42.37749781045307
39.9,42.24072721626932
39.91,42.10470115251846
39.92,41.96941578123255
39.93,41.834867286132784
39.94,41.70105187248576
39.95,41.567965766960896
39.96,41.43560521748897
39.97,41.30396649312186
39.98,41.173045883893366
39.99,41.04283970068116
40.0,40.91334427506986
40.01,40.784555959215204
40.02,40.65647112570928
40.03,40.52908616744689
40.04,40.40239749749295
40.05,40.27640154895095
40.06,40.1510947748325
40.07,40.02647364792789
40.08,39.90253466067766
40.09,39.77927432504529
40.1,39.656689172390806
40.11,39.53477575334543
40.12,39.413530637687245
40.13,39.292950414217835
40.14,39.17303169063991
40.15,39.05377109343588
40.16,38.93516526774744
40.17,38.81721087725609
40.18,38.69990460406454
40.19,38.58324314857919
40.2,38.467223229393404
40.21,38.35184158317178
40.22,38.23709496453532
40.23,38.122980145947494
40.24,38.009493917601205
40.25,37.89663308730667
40.26,37.78439448038012
40.27,37.672774939533475
40.28,37.561771324764756
40.29,37.451380513249475
40.3,37.34159939923279
40.31,37.23242489392256
40.32,37.12385392538321
40.33,37.0158834384304
40.34,36.90851039452658
40.35,36.80173177167729
40.36,36.6955445643283
40.37,36.58994578326355
40.38,36.48493245550387
40.39,36.380501624206495
40.4,36.27665034856533
40.41,36.17337570371203
40.42,36.070674780617814
40.43,35.96854468599602
40.44,35.86698254220546
40.45,35.76598548715447
40.46,35.665550674205704
40.47,35.5656752720817
40.48,35.466356464771096
40.49,35.367591451435636
40.5,35.269377446317826
40.51,35.17171167864934
40.52,35.07459139256007
40.53,34.978013846987956
40.54,34.88197631558937
40.55,34.78647608665031
40.56,34.69151046299818
40.57,34.597076761914266
40.58,34.50317231504687
40.59,34.409794468325096
40.6,34.3169405818733
40.61,34.22460802992613
40.62,34.13279420074428
40.63,34.041496496530804
40.64,33.9507123333481
40.65,33.86043914103549
40.66,33.77067436312743
40.67,33.6814154567723
40.68,33.592659892651824
40.69,33.50440515490109
40.7,33.416648741029135
40.71,33.32938816184013
40.72,33.24262094135514
40.73,33.156344616734486
40.74,33.07055673820064
40.75,32.9852548689617
40.76,32.90043658513544
40.77,32.81609947567388
40.78,32.73224114228846
40.79,32.64885919937567
40.8,32.56595127394335
40.81,32.48351500553737
40.82,32.40154804616899
40.83,32.320048060242634
40.84,32.23901272448423
40.85,32.15843972787009
40.86,32.078326771556235
40.87,31.998671568808284
40.88,31.91947184493183
40.89,31.840725337203295
40.9,31.762429794801303
40.91,31.684582978738522
40.92,31.607182661794
40.93,31.53022662844598
40.94,31.453712674805193
40.95,31.3776386085486
40.96,31.302002248853647
40.97,31.226801426332923
40.98,31.15203398296933
40.99,31.07769777205167
41.0,31.003790658110713
41.01,30.93031051685567
41.02,30.857255235111154
41.03,30.78462271075455
41.04,30.71241085265383
41.05,30.64061758060578
41.06,30.5692408252747
41.07,30.49827852813146
41.08,30.42772864139304
41.09,30.35758912796242
41.1,30.28785796136896
41.11,30.218533125709108
41.12,30.149612615587568
41.13,30.081094436058837
41.14,30.012976602569157
41.15,29.94525714089886
41.16,29.87793408710508
41.17,29.81100548746488
41.18,29.744469398418747
41.19,29.67832388651448
41.2,29.61256702835142
41.21,29.547196910525106
41.22,29.482211629572245
41.23,29.417609291916094
41.24,29.353388013812175
41.25,29.289545921294373
41.26,29.226081150121367
41.27,29.16299184572343
41.28,29.100276163149577
41.29,29.037932267015066
41.3,28.975958331449228
41.31,28.914352540043648
41.32,28.853113085800693
41.33,28.792238171082364
41.34,28.731726007559473
41.35,28.671574816161172
41.36,28.611782827024797
41.37,28.552348279446033
41.38,28.4932694218294
41.39,28.434544511639064
41.4,28.376171815349974
41.41,28.318149608399274
41.42,28.26047617513807
41.43,28.203149808783483
41.44,28.146168811371
41.45,28.089531493707142
41.46,28.03323617532244
41.47,27.977281184424672
41.48,27.921664857852438
41.49,27.86638554102899
41.5,27.811441587916388
41.51,27.756831360969915
41.52,27.70255323109279
41.53,27.64860557759115
41.54,27.59498678812935
41.55,27.541695258685483
41.56,27.488729393507228
41.57,27.43608760506794
41.58,27.383768314023026
41.59,27.33176994916658
41.6,27.280090947388302
41.61,27.228729753630653
41.62,27.177684820846295
41.63,27.12695460995579
41.64,27.07653758980554
41.65,27.026432237126006
41.66,26.976637036490157
41.67,26.927150480272193
41.68,26.877971068606502
41.69,26.82909730934687
41.7,26.78052771802594
41.71,26.732260817814897
41.72,26.684295139483428
41.73,26.636629221359893
41.74,26.58926160929174
41.75,26.542190856606158
41.76,26.495415524070975
41.77,26.44893417985577
41.78,26.402745399493224
41.79,26.3568477658407
41.8,26.311239869042048
41.81,26.26592030648963
41.82,26.220887682786582
41.83,26.17614060970929
41.84,26.13167770617007
41.85,26.087497598180093
41.86,26.043598918812513
41.87,25.9999803081658
41.88,25.956640413327307
41.89,25.913577888337027
41.9,25.87079139415158
41.91,25.828279598608397
41.92,25.786041176390093
41.93,25.744074808989087
41.94,25.702379184672385
41.95,25.660952998446593
41.96,25.619794952023103
41.97,25.578903753783507
41.98,25.538278118745186
41.99,25.49791676852711
42.0,25.457818431315808
42.01,25.41798184183157
42.02,25.378405741294806
42.03,25.339088877392605
42.04,25.300030004245492
42.05,25.26122788237436
42.06,25.222681278667594
42.07,25.184388966348376
42.08,25.146349724942176
42.09,25.108562340244433
42.1,25.071025604288387
42.11,25.03373831531313
42.12,24.996699277731803
42.13,24.959907302099992
42.14,24.923361205084277
42.15,24.887059809430973
42.16,24.851001943935042
42.17,24.815186443409168
42.18,24.779612148653
42.19,24.74427790642259
42.2,24.709182569399953
42.21,24.674324996162845
42.22,24.63970405115467
42.23,24.605318604654563
42.24,24.57116753274764
42.25,24.53724971729541
42.26,24.503564045906334
42.27,24.47010941190657
42.28,24.43688471431085
42.29,24.403888857793532
42.3,24.371120752659806
42.31,24.33857931481704
42.32,24.30626346574631
42.33,24.274172132474053
42.34,24.242304247543903
42.35,24.21065874898864
42.36,24.179234580302325
42.37,24.148030690412575
42.38,24.11704603365297
42.39,24.086279569735623
42.4,24.055730263723902
42.41,24.025397086005277
42.42,23.99527901226433
42.43,23.965375023455895
42.44,23.935684105778357
42.45,23.906205250647073
42.46,23.876937454667953
42.47,23.847879719611168
42.48,23.819031052385
42.49,23.790390465009832
42.5,23.761956974592273
42.51,23.733729603299423
42.52,23.70570737833327
42.53,23.677889331905217
42.54,23.65027450121076
42.55,23.62286192840428
42.56,23.59565066057398
42.57,23.568639749716937
42.58,23.541828252714303
42.59,23.515215231306634
42.6,23.48879975206933
42.61,23.462580886388217
42.62,23.436557710435263
42.63,23.4107293051444
42.64,23.385094756187495
42.65,23.359653153950426
42.66,23.334403593509286
42.67,23.309345174606726
42.68,23.28447700162841
42.69,23.259798183579576
42.7,23.23530783406175
42.71,23.211005071249556
42.72,23.186889017867657
42.73,23.162958801167807
42.74,23.139213552906035
42.75,23.115652409319924
42.76,23.09227451110604
42.77,23.069079003397437
42.78,23.046065035741314
42.79,23.02323176207677
42.8,23.00057834071266
42.81,22.9781039343056
42.82,22.95580770983805
42.83,22.93368883859653
42.84,22.911746496149934
42.85,22.889979862327973
42.86,22.868388121199704
42.87,22.84697046105219
42.88,22.825726074369268
42.89,22.804654157810397
42.9,22.783753912189656
42.91,22.76302454245482
42.92,22.742465257666545
42.93,22.722075270977683
42.94,22.701853799612667
42.95,22.68180006484702
42.96,22.66191329198698
42.97,22.6421927103492
42.98,22.622637553240573
42.99,22.60324705793815
43.0,22.584020465669173
43.01,22.564957021591184
43.02,22.546055974772255
43.03,22.52731657817132
43.04,22.508738088618593
43.05,22.49031976679609
43.06,22.472060877218265
43.07,22.453960688212714
43.08,22.436018471901
43.09,22.418233504179575
43.1,22.40060506470078
43.11,22.383132436853966
43.12,22.36581490774668
43.13,22.34865176818599
43.14,22.331642312659852
43.15,22.314785839318603
43.16,22.298081649956554
43.17,22.281529049993654
43.18,22.265127348457252
43.19,22.24887585796396
43.2,22.2327738947016
43.21,22.216820778411257
43.22,22.201015832369382
43.23,22.185358383370044
43.24,22.16984776170722
43.25,22.1544833011572
43.26,22.13926433896108
43.27,22.12419021580733
43.28,22.109260275814474
43.29,22.09447386651382
43.3,22.079830338832313
43.31,22.065329047075462
43.32,22.05096934891034
43.33,22.036750605348683
43.34,22.022672180730083
43.35,22.00873344270524
43.36,21.99493376221932
43.37,21.98127251349538
43.38,21.967749074017906
43.39,21.95436282451639
43.4,21.94111314894903
43.41,21.92799943448648
43.42,21.915021071495712
43.43,21.902177453523933
43.44,21.8894679772826
43.45,21.876892042631503
43.46,21.864449052562943
43.47,21.852138413185976
43.48,21.83995953371074
43.49,21.827911826432867
43.5,21.815994706717966
43.51,21.80420759298618
43.52,21.79254990669684
43.53,21.78102107233318
43.54,21.769620517387118
43.55,21.758347672344158
43.56,21.747201970668304
43.57,21.736182848787113
43.58,21.725289746076776
43.59,21.714522104847298
43.6,21.70387937032775
43.61,21.6933609906516
43.62,21.682966416842078
43.63,21.672695102797693
43.64,21.662546505277742
43.65,21.652520083887943
43.66,21.64261530106612
43.67,21.632831622067965
43.68,21.623168514952873
43.69,21.61362545056985
43.7,21.604201902543473
43.71,21.594897347259963
43.72,21.585711263853284
43.73,21.57664313419133
43.74,21.56769244286219
43.75,21.55885867716047
43.76,21.550141327073693
43.77,21.541539885268755
43.78,21.533053847078463
43.79,21.524682710488136
43.8,21.51642597612227
43.81,21.50828314723128
43.82,21.500253729678292
43.83,21.49233723192603
43.84,21.48453316502373
43.85,21.47684104259416
43.86,21.469260380820682
43.87,21.46179069843438
43.88,21.45443151670127
43.89,21.447182359409553
43.9,21.440042752856947
43.91,21.43301222583808
43.92,21.426090309631945
43.93,21.419276537989425
43.94,21.412570447120867
43.95,21.405971575683733
43.96,21.39947946477031
43.97,21.393093657895477
43.98,21.38681370098455
43.99,21.38063914236116
44.0,21.374569532735222
44.01,21.368604425190952
44.02,21.36274337517494
44.03,21.356985940484297
44.04,21.351331681254845
44.05,21.345780159949395
44.06,21.34033094134605
44.07,21.334983592526587
44.08,21.329737682864906
44.09,21.324592784015515
44.1,21.319548469902095
44.11,21.314604316706117
44.12,21.3097599028555
44.13,21.30501480901336
44.14,21.300368618066788
44.15,21.295820915115694
44.16,21.291371287461722
44.17,21.287019324597196
44.18,21.28276461819414
44.19,21.278606762093354
44.2,21.27454535229354
44.21,21.270579986940486
44.22,21.266710266316302
44.23,21.26293579282872
44.24,21.25925617100044
44.25,21.255671007458535
44.26,21.252179910923907
44.27,21.248782492200807
44.28,21.245478364166395
44.29,21.24226714176036
44.3,21.2391484419746
44.31,21.236121883842937
44.32,21.23318708843091
44.33,21.230343678825598
44.34,21.227591280125505
44.35,21.224929519430507
44.36,21.222358025831827
44.37,21.21987643040208
44.38,21.21748436618537
44.39,21.215181468187428
44.4,21.212967373365803
44.41,21.210841720620117
44.42,21.208804150782342
44.43,21.206854306607166
44.44,21.204991832762374
44.45,21.2032163758193
44.46,21.20152758424331
44.47,21.19992510838436
44.48,21.19840860046758
44.49,21.196977714583923
44.5,21.195632106680844
44.51,21.19437143455304
44.52,21.193195357833254
44.53,21.192103537983083
44.54,21.19109563828388
44.55,21.190171323827673
44.56,21.189330261508147
44.57,21.188572120011663
44.58,21.187896569808338
44.59,21.187303283143144
44.6,21.18679193402709
44.61,21.186362198228423
44.62,21.186013753263882
44.63,21.185746278390003
44.64,21.185559454594465
44.65,21.185452964587476
44.66,21.18542649279322
44.67,21.185479725341327
44.68,21.18561235005841
44.69,21.18582405645963
44.7,21.18611453574031
44.71,21.18648348076759
44.72,21.186930586072144
44.73,21.187455547839914
44.74,21.188058063903902
44.75,21.188737833736006
44.76,21.189494558438884
44.77,21.19032794073789
44.78,21.19123768497303
44.79,21.192223497090946
44.8,21.193285084636994
44.81,21.1944221567473
44.82,21.195634424140916
44.83,21.19692159911197
44.84,21.198283395521887
44.85,21.199719528791647
44.86,21.201229715894065
44.87,21.202813675346146
44.88,21.20447112720144
44.89,21.20620179304247
44.9,21.20800539597319
44.91,21.209881660611465
44.92,21.21183031308163
44.93,21.21385108100705
44.94,21.215943693502734
44.95,21.218107881168002
44.96,21.22034337607917
44.97,21.22264991178228
44.98,21.225027223285874
44.99,21.2274750470538
45.0,21.229993120998074
45.01,21.232581184471744
45.02,21.23523897826183
45.03,21.237966244582278
45.04,21.240762727066965
45.05,21.24362817076273
45.06,21.246562322122454
45.07,21.249564928998165
45.08,21.252635740634187
45.09,21.25577450766033
45.1,21.258980982085106
45.11,21.26225491728899
45.12,21.265596068017704
45.13,21.26900419037557
45.14,21.27247904181884
45.15,21.276020381149138
45.16,21.279627968506862
45.17,21.28330156536468
45.18,21.287040934521023
45.19,21.290845840093635
45.2,21.294716047513145
45.21,21.298651323516687
45.22,21.302651436141538
45.23,21.306716154718806
45.24,21.310845249867135
45.25,21.315038493486465
45.26,21.319295658751805
45.27,21.323616520107063
45.28,21.32800085325888
45.29,21.332448435170527
45.3,21.33695904405581
45.31,21.34153245937303
45.32,21.346168461818962
45.33,21.35086683332287
45.34,21.355627357040547
45.35,21.360449817348414
45.36,21.365333999837617
45.37,21.370279691308177
45.38,21.375286679763168
45.39,21.38035475440292
45.4,21.385483705619265
45.41,21.390673324989812
45.42,21.395923405272242
45.43,21.40123374039864
45.44,21.40660412546988
45.45,21.412034356749995
45.46,21.41752423166062
45.47,21.423073548775452
45.48,21.428682107814723
45.49,21.434349709639733
45.5,21.440076156247397
45.51,21.445861250764814
45.52,21.451704797443888
45.53,21.457606601655957
45.54,21.463566469886462
45.55,21.469584209729653
45.56,21.47565962988331
45.57,21.48179254014349
45.58,21.487982751399333
45.59,21.49423007562785
45.6,21.500534325888793
45.61,21.5068953163195
45.62,21.51331286212982
45.63,21.519786779597016
45.64,21.52631688606074
45.65,21.532902999918015
45.66,21.53954494061824
45.67,21.54624252865823
45.68,21.552995585577293
45.69,21.55980393395232
45.7,21.56666739739291
45.71,21.573585800536513
45.72,21.58055896904362
45.73,21.58758672959295
45.74,21.5946689098767
45.75,21.60180533859579
45.76,21.608995845455155
45.77,21.616240261159053
45.78,21.623538417406397
45.79,21.63089014688613
45.8,21.638295283272612
45.81,21.645753661221026
45.82,21.653265116362828
45.83,21.66082948530122
45.84,21.668446605606636
45.85,21.676116315812255
45.86,21.683838455409553
45.87,21.69161286484388
45.88,21.699439385510036
45.89,21.707317859747906
45.9,21.7152481308381
45.91,21.72323004299761
45.92,21.731263441375532
45.93,21.739348172048754
45.94,21.747484082017717
45.95,21.755671019202182
45.96,21.76390883243701
45.97,21.77219737146799
45.98,21.780536486947668
45.99,21.788926030431224
46.0,21.79736585437234
46.01,21.805855812119134
46.02,21.81439575791007
46.03,21.822985546869937
46.04,21.831625035005814
46.05,21.840314079203083
46.06,21.849052537221453
46.07,21.857840267691014
46.08,21.8666771301083
46.09,21.875562984832403
46.1,21.884497693081073
46.11,21.893481116926868
46.12,21.902513119293314
46.13,21.911593563951094
46.14,21.920722315514254
46.15,21.929899239436438
46.16,21.93912420200713
46.17,21.94839707034793
46.18,21.957717712408865
46.19,21.967085996964684
46.2,21.97650179361121
46.21,21.9859649727617
46.22,21.995475405643223
46.23,22.005032964293065
46.24,22.014637521555155
46.25,22.02428895107651
46.26,22.033987127303693
46.27,22.043731925479314
46.28,22.05352322163853
46.29,22.063360892605576
46.3,22.07324481599031
46.31,22.08317487018479
46.32,22.09315093435986
46.33,22.103172888461753
46.34,22.113240613208742
46.35,22.12335399008777
46.36,22.13351290135114
46.37,22.143717230013177
46.38,22.15396685984697
46.39,22.164261675381088
46.4,22.174601561896328
46.41,22.184986405422485
46.42,22.19541609273515
46.43,22.205890511352507
46.44,22.216409549532166
46.45,22.22697309626801
46.46,22.23758104128706
46.47,22.248233275046363
46.48,22.258929688729882
46.49,22.26967017424544
46.5,22.280454624221647
46.51,22.291282932004865
46.52,22.30215499165618
46.53,22.313070697948415
46.54,22.324029946363126
46.55,22.335032633087646
46.56,22.34607865501214
46.57,22.357167909726666
46.58,22.36830029551827
46.59,22.379475711368098
46.6,22.3906940569485
46.61,22.401955232620193
46.62,22.41325913942941
46.63,22.424605679105078
46.64,22.43599475405602
46.65,22.447426267368154
46.66,22.458900122801737
46.67,22.470416224788604
46.68,22.481974478429432
46.69,22.49357478949103
46.7,22.505217064403624
46.71,22.516901210258183
46.72,22.52862713480375
46.73,22.540394746444786
46.74,22.55220395423855
46.75,22.56405466789246
46.76,22.575946797761514
46.77,22.58788025484569
46.78,22.59985495078739
46.79,22.611870797868885
46.8,22.62392770900978
46.81,22.636025597764494
46.82,22.64816437831976
46.83,22.660343965492135
46.84,22.67256427472554
46.85,22.6848252220888
46.86,22.6971267242732
46.87,22.70946869859007
46.88,22.721851062968376
46.89,22.734273735952332
46.9,22.74673663669902
46.91,22.75923968497603
46.92,22.771782801159127
46.93,22.784365906229908
46.94,22.796988921773494
46.95,22.809651769976234
46.96,22.822354373623423
46.97,22.835096656097026
46.98,22.847878541373433
46.99,22.86069995402122
47.0,22.87356081919893
47.01,22.886461062652845
47.02,22.89940061071483
47.03,22.91237939030012
47.04,22.925397328905174
47.05,22.93845435460552
47.06,22.951550396053623
47.07,22.964685382476766
47.08,22.977859243674942
47.09,22.991071910018768
47.1,23.004323312447397
47.11,23.017613382466468
47.12,23.030942052146052
47.13,23.044309254118623
47.14,23.057714921577027
47.15,23.071158988272483
47.16,23.084641388512594
47.17,23.098162057159364
47.18,23.111720929627236
47.19,23.12531794188114
47.2,23.138953030434557
47.21,23.152626132347592
47.22,23.166337185225075
47.23,23.18008612721465
47.24,23.193872897004912
47.25,23.207697433823512
47.26,23.221559677435327
47.27,23.2354595681406
47.28,23.249397046773126
47.29,23.26337205469842
47.3,23.277384533811922
47.31,23.291434426537215
47.32,23.305521675824235
47.33,23.319646225147515
47.34,23.33380801850444
47.35,23.34800700041349
47.36,23.362243115912538
47.37,23.37651631055713
47.38,23.390826530418778
47.39,23.405173722083283
47.4,23.419557832649055
47.41,23.43397880972546
47.42,23.448436601431162
47.43,23.462931156392496
47.44,23.477462423741834
47.45,23.492030353115982
47.46,23.50663489465458
47.47,23.52127599899852
47.48,23.535953617288346
47.49,23.550667701162734
47.5,23.565418202756906
47.51,23.580205074701112
47.52,23.595028270119098
47.53,23.60988774262659
47.54,23.624783446329797
47.55,23.639715335823922
47.56,23.65468336619168
47.57,23.66968749300183
47.58,23.684727672307734
47.59,23.699803860645893
47.6,23.71491601503454
47.61,23.730064092972203
47.62,23.745248052436306
47.63,23.760467851881774
47.64,23.775723450239646
47.65,23.7910148069157
47.66,23.806341881789102
47.67,23.821704635211038
47.68,23.837103028003398
47.69,23.852537021457433
47.7,23.868006577332444
47.71,23.88351165785448
47.72,23.899052225715042
47.73,23.9146282440698
47.74,23.930239676537326
47.75,23.945886487197832
47.76,23.961568640591924
47.77,23.97728610171936
47.78,23.993038836037826
47.79,24.00882680946172
47.8,24.02464998836095
47.81,24.040508339559732
47.82,24.05640183033542
47.83,24.072330428417324
47.84,24.08829410198555
47.85,24.104292819669855
47.86,24.120326550548498
47.87,24.136395264147122
47.88,24.152498930437627
47.89,24.168637519837066
47.9,24.184811003206548
47.91,24.201019351850146
47.92,24.217262537513825
47.93,24.233540532384385
47.94,24.249853309088387
47.95,24.26620084069112
47.96,24.282583100695568
47.97,24.299000063041383
47.98,24.315451702103868
47.99,24.33193799269298
48.0,24.348458910052326
48.01,24.365014429858196
48.02,24.381604528218578
48.03,24.398229181672196
48.04,24.41488836718757
48.05,24.43158206216205
48.06,24.448310244420913
48.07,24.46507289221642
48.08,24.481869984226904
48.09,24.49870149955588
48.1,24.515567417731152
48.11,24.532467718703913
48.12,24.549402382847894
48.13,24.566371390958494
48.14,24.583374724251918
48.15,24.600412364364352
48.16,24.617484293351115
48.17,24.63459049368584
48.18,24.651730948259676
48.19,24.668905640380455
48.2,24.686114553771926
48.21,24.703357672572952
48.22,24.72063498133675
48.23,24.737946465030113
48.24,24.755292109032663
48.25,24.772671899136107
48.26,24.790085821543492
48.27,24.80753386286849
48.28,24.82501601013467
48.29,24.842532250774806
48.3,24.860082572630155
48.31,24.877666963949792
48.32,24.895285413389924
48.33,24.912937910013213
48.34,24.930624443288124
48.35,24.94834500308827
48.36,24.966099579691775
48.37,24.983888163780637
48.38,25.00171074644011
48.39,25.019567319158092
48.4,25.037457873824508
48.41,25.055382402730732
48.42,25.073340898568997
48.43,25.091333354431807
48.44,25.109359763811387
48.45,25.127420120599112
48.46,25.145514419084968
48.47,25.163642653957005
48.48,25.181804820300815
48.49,25.200000913599
48.5,25.218230929730662
48.51,25.23649486497092
48.52,25.25479271599038
48.53,25.273124479854687
48.54,25.29149015402402
48.55,25.309889736352652
48.56,25.32832322508846
48.57,25.34679061887251
48.58,25.365291916738595
48.59,25.383827118112812
48.6,25.40239622281314
48.61,25.420999231049034
48.62,25.439636143421005
48.63,25.458306960920243
48.64,25.477011684928215
48.65,25.495750317216302
48.66,25.514522859945426
48.67,25.53332931566569
48.68,25.55216968731602
48.69,25.571043978223845
48.7,25.589952192104743
48.71,25.60889433306213
48.72,25.627870405586936
48.73,25.646880414557312
48.74,25.665924365238318
48.75,25.685002263281646
48.76,25.704114114725336
48.77,25.723259925993506
48.78,25.74243970389609
48.79,25.761653455628586
48.8,25.78090118877181
48.81,25.800182911291664
48.82,25.819498631538906
48.83,25.83884835824893
48.84,25.85823210054157
48.85,25.877649867920876
48.86,25.897101670274946
48.87,25.916587517875726
48.88,25.93610742137885
48.89,25.95566139182346
48.9,25.975249440632066
48.91,25.99487157961038
48.92,26.01452782094719
48.93,26.034218177214225
48.94,26.05394266136603
48.95,26.07370128673986
48.96,26.093494067055566
48.97,26.113321016415515
48.98,26.133182149304485
48.99,26.153077480589594
49.0,26.173007025520235
49.01,26.19297079972801
49.02,26.212968819226674
49.03,26.233001100412103
49.04,26.25306766006225
49.05,26.273168515337122
49.06,26.293303683778763
49.07,26.313473183311242
49.08,26.33367703224065
49.09,26.353915249255127
49.1,26.374187853424857
49.11,26.394494864202105
49.12,26.414836301421253
49.13,26.435212185298838
49.14,26.455622536433605
49.15,26.476067375806572
49.16,26.496546724781098
49.17,26.51706060510296
49.18,26.537609038900438
49.19,26.558192048684422
49.2,26.5788096573485
49.21,26.59946188816908
49.22,26.620148764805517
49.23,26.640870311300233
49.24,26.66162655207886
49.25,26.682417511950398
49.26,26.703243216107353
49.27,26.724103690125926
49.28,26.744998959966164
49.29,26.76592905197216
49.3,26.786893992872244
49.31,26.80789380977917
49.32,26.828928530190343
49.33,26.849998181988024
49.34,26.871102793439572
49.35,26.892242393197666
49.36,26.913417010300556
49.37,26.934626674172318
49.38,26.955871414623115
49.39,26.977151261849468
49.4,26.99846624643454
49.41,27.01981639934842
49.42,27.04120175194843
49.43,27.062622335979427
49.44,27.084078183574107
49.45,27.105569327253356
49.46,27.127095799926565
49.47,27.14865763489198
49.48,27.170254865837048
49.49,27.191887526838787
49.5,27.21355565236415
49.51,27.2352592772704
49.52,27.256998436805517
49.53,27.27877316660857
49.54,27.30058350271014
49.55,27.322429481532726
49.56,27.34431113989118
49.57,27.36622851499313
49.58,27.388181644439424
49.59,27.410170566224593
49.6,27.432195318737296
49.61,27.454255940760802
49.62,27.47635247147346
49.63,27.4984849504492
49.64,27.520653417658018
49.65,27.542857913466488
49.66,27.56509847863828
49.67,27.587375154334687
49.68,27.60968798211515
49.69,27.63203700393782
49.7,27.65442226216009
49.71,27.676843799539174
49.72,27.699301659232674
49.73,27.721795884799164
49.74,27.744326520198772
49.75,27.766893609793797
49.76,27.789497198349302
49.77,27.81213733103375
49.78,27.834814053419617
49.79,27.857527411484043
49.8,27.880277451609476
49.81,27.90306422058433
49.82,27.925887765603647
49.83,27.94874813426979
49.84,27.971645374593106
49.85,27.994579534992646
49.86,28.01755066429686
49.87,28.040558811744315
49.88,28.063604026984418
49.89,28.086686360078154
49.9,28.10980586149883
49.91,28.13296258213284
49.92,28.156156573280413
49.93,28.1793878866564
49.94,28.202656574391057
49.95,28.225962689030844
49.96,28.24930628353922
49.97,28.272687411297465
49.98,28.296106126105503
49.99,28.319562482182747
50.0,28.343056534168927
50.01,28.366588337124956
50.02,28.3901579465338
50.03,28.413765418301345
50.04,28.43741080875729
50.05,28.461094174656036
50.06,28.484815573177606
50.07,28.50857506192855
50.08,28.532372698942876
50.09,28.556208542682995
50.1,28.58008265204066
50.11,28.603995086337928
50.12,28.62794590532814
50.13,28.651935169196886
50.14,28.675962938563003
50.15,28.700029274479586
50.16,28.72413423843498
50.17,28.748277892353823
50.18,28.772460298598066
50.19,28.796681519968025
50.2,28.820941619703436
50.21,28.845240661484524
50.22,28.86957870943307
50.23,28.893955828113512
50.24,28.918372082534038
50.25,28.9428275381477
50.26,28.96732226085353
50.27,28.991856316997676
50.28,29.01642977337455
50.29,29.041042697227983
50.3,29.06569515625238
50.31,29.090387218593918
50.32,29.115118952851713
50.33,29.139890428079035
50.34,29.164701713784524
50.35,29.1895528799334
50.36,29.21444399694871
50.37,29.239375135712567
50.38,29.264346367567416
50.39,29.289357764317295
50.4,29.31440939822913
50.41,29.33950134203402
50.42,29.36463366892854
50.43,29.389806452576074
50.44,29.415019767108124
50.45,29.440273687125668
50.46,29.46556828770051
50.47,29.49090364437664
50.48,29.51627983317162
50.49,29.54169693057797
50.5,29.567155013564573
50.51,29.59265415957809
50.52,29.618194446544383
50.53,29.643775952869966
50.54,29.669398757443446
50.55,29.695062939636994
50.56,29.720768579307823
50.57,29.746515756799674
50.58,29.77230455294433
50.59,29.798135049063116
50.6,29.82400732696844
50.61,29.849921468965338
50.62,29.875877557853016
50.63,29.901875676926426
50.64,29.92791590997785
50.65,29.95399834129848
50.66,29.980123055680053
50.67,30.006290138416446
50.68,30.032499675305317
50.69,30.058751752649762
50.7,30.08504645725997
50.71,30.111383876454894
50.72,30.137764098063947
50.73,30.1641872104287
50.74,30.190653302404602
50.75,30.217162463362705
50.76,30.24371478319141
50.77,30.27031035229823
50.78,30.296949261611562
50.79,30.323631602582456
50.8,30.35035746718644
50.81,30.377126947925323
50.82,30.403940137829018
50.83,30.430797130457403
50.84,30.457698019902164
50.85,30.48464290078868
50.86,30.511631868277888
50.87,30.53866501806822
50.88,30.56574244639749
50.89,30.592864250044844
50.9,30.620030526332695
50.91,30.647241373128697
50.92,30.674496888847717
50.93,30.701797172453823
50.94,30.7291423234623
50.95,30.756532441941665
50.96,30.783967628515718
50.97,30.81144798436559
50.98,30.838973611231808
50.99,30.866544611416387
51.0,30.894161087784937
51.01,30.921823143768766
51.02,30.949530883367032
51.03,30.97728441114888
51.04,31.005083832255607
51.05,31.032929252402862
51.06,31.060820777882824
51.07,31.08875851556643
51.08,31.1167425729056
51.09,31.1447730579355
51.1,31.17285007927678
51.11,31.200973746137894
51.12,31.22914416831736
51.13,31.257361456206112
51.14,31.285625720789806
51.15,31.313937073651186
51.16,31.34229562697245
51.17,31.370701493537638
51.18,31.399154786735025
51.19,31.427655620559555
51.2,31.45620410961527
51.21,31.48480036911778
51.22,31.513444514896722
51.23,31.542136663398264
51.24,31.57087693168761
51.25,31.599665437451538
51.26,31.628502299000935
51.27,31.657387635273377
51.28,31.686321565835705
51.29,31.715304210886636
51.3,31.74433569125938
51.31,31.773416128424287
51.32,31.802545644491506
51.33,31.831724362213663
51.34,31.860952404988566
51.35,31.89022989686192
51.36,31.91955696253007
51.37,31.948933727342755
51.38,31.97836031730589
51.39,32.00783685908436
51.4,32.03736348000484
51.41,32.066940308058655
51.42,32.0965674719046
51.43,32.12624510087184
51.44,32.15597332496283
51.45,32.18575227485619
51.46,32.2155820819097
51.47,32.24546287816322
51.48,32.275394796341686
51.49,32.305377969858135
51.5,32.33541253281671
51.51,32.36549862001572
51.52,32.395636366950704
51.53,32.425825909817526
51.54,32.45606738551548
51.55,32.48636093165045
51.56,32.51670668653804
51.57,32.54710478920677
51.58,32.57755537940128
51.59,32.608058597585554
51.6,32.63861458494616
51.61,32.66922348339554
51.62,32.6998854355753
51.63,32.7306005848595
51.64,32.761369075358054
51.65,32.79219105192003
51.66,32.82306666013709
51.67,32.85399604634687
51.68,32.88497935763645
51.69,32.91601674184579
51.7,32.94710834757121
51.71,32.97825432416893
51.72,33.00945482175859
51.73,33.0407099912268
51.74,33.072019984230735
51.75,33.10338495320176
51.76,33.13480505134904
51.77,33.16628043266322
51.78,33.19781125192011
51.79,33.22939766468438
51.8,33.26103982731332
51.81,33.29273789696062
51.82,33.324492031580114
51.83,33.35630238992965
51.84,33.38816913157491
51.85,33.42009241689328
51.86,33.45207240707776
51.87,33.48410926414088
51.88,33.51620315091869
51.89,33.5483542310747
51.9,33.5805626691039
51.91,33.61282863033682
51.92,33.645152280943584
51.93,33.677533787938
51.94,33.70997331918171
51.95,33.74247104338829
51.96,33.77502713012751
51.97,33.807641749829486
51.98,33.84031507378893
51.99,33.87304727416945
52.0,33.90583852400784
52.01,33.93868899721839
52.02,33.97159886859728
52.03,34.00456831382695
52.04,34.03759750948054
52.05,34.070686633026334
52.06,34.10383586283225
52.07,34.13704537817036
52.08,34.170315359221455
52.09,34.203645987079575
52.1,34.23703744375669
52.11,34.27048991218731
52.12,34.30400357623316
52.13,34.33757862068791
52.14,34.3712152312819
52.15,34.404913594686946
52.16,34.43867389852113
52.17,34.47249633135365
52.18,34.506381082709716
52.19,34.54032834307543
52.2,34.57433830390278
52.21,34.60841115761459
52.22,34.64254709760956
52.23,34.676746318267305
52.24,34.711009014953454
52.25,34.745335384024784
52.26,34.77972562283437
52.27,34.81417992973678
52.28,34.848698504093335
52.29,34.88328154627735
52.3,34.917929257679475
52.31,34.95264184071302
52.32,34.98741949881935
52.33,35.02226243647331
52.34,35.05717085918869
52.35,35.0921449735237
52.36,35.12718498708655
52.37,35.162291108541005
52.38,35.19746354761201
52.39,35.23270251509133
52.4,35.26800822284329
52.41,35.303380883810476
52.42,35.33882071201952
52.43,35.37432792258694
52.44,35.409902731725
52.45,35.44554535674757
52.46,35.48125601607615
52.47,35.517034929245796
52.48,35.55288231691116
52.49,35.58879840085259
52.5,35.62478340398223
52.51,35.66083755035018
52.52,35.6969610651507
52.53,35.733154174728476
52.54,35.76941710658488
52.55,35.80575008938436
52.56,35.842153352960764
52.57,35.878627128323814
52.58,35.915171647665574
52.59,35.95178714436695
52.6,35.988473853004294
52.61,36.02523200935599
52.62,36.06206185040914
52.63,36.09896361436625
52.64,36.13593754065202
52.65,36.17298386992014
52.66,36.210102844060124
52.67,36.24729470620426
52.68,36.284559700734526
52.69,36.32189807328964
52.7,36.35931007077207
52.71,36.39679594135517
52.72,36.43435593449035
52.73,36.47199030091424
52.74,36.50969929265602
52.75,36.54748316304468
52.76,36.58534216671641
52.77,36.62327655962202
52.78,36.66128659903443
52.79,36.69937254355619
52.8,36.737534653127035
52.81,36.77577318903158
52.82,36.81408841390699
52.83,36.852480591750705
52.84,36.8909499879283
52.85,36.92949686918132
52.86,36.96812150363519
52.87,37.00682416080722
52.88,37.04560511161464
52.89,37.08446462838268
52.9,37.123402984852746
52.91,37.16242045619062
52.92,37.201517318994746
52.93,37.24069385130457
52.94,37.27995033260892
52.95,37.31928704385449
52.96,37.35870426745433
52.97,37.39820228729647
52.98,37.43778138875253
52.99,37.47744185868647
53.0,37.51718398546331
53.01,37.55700805895803
53.02,37.596914370564434
53.03,37.636903213204135
53.04,37.676974881335596
53.05,37.717129670963224
53.06,37.75736787964655
53.07,37.797689806509474
53.08,37.838095752249544
53.09,37.87858601914737
53.1,37.91916091107605
53.11,37.959820733510675
53.12,38.00056579353795
53.13,38.04139639986583
53.14,38.082312862833255
53.15,38.12331549441995
53.16,38.1644046082563
53.17,38.205580519633315
53.18,38.24684354551265
53.19,38.288194004536685
53.2,38.32963221703872
53.21,38.37115850505324
53.22,38.41277319232619
53.23,38.45447660432545
53.24,38.496269068251266
53.25,38.538150913046834
53.26,38.580122469408956
53.27,38.622184069798735
53.28,38.66433604845239
53.29,38.70657874139216
53.3,38.748912486437234
53.31,38.79133762321484
53.32,38.833854493171344
53.33,38.8764634395835
53.34,38.919164807569736
53.35,38.96195894410154
53.36,39.004846198014945
53.37,39.04782692002209
53.38,39.09090146272287
53.39,39.134070180616675
53.4,39.177333430114224
53.41,39.22069156954947
53.42,39.26414495919163
53.43,39.30769396125728
53.44,39.35133893992253
53.45,39.39508026133535
53.46,39.438918293627935
53.47,39.482853406929166
53.48,39.526885973377205
53.49,39.57101636713216
53.5,39.61524496438885
53.51,39.65957214338967
53.52,39.70399828443755
53.53,39.74852376990906
53.54,39.79314898426752
53.55,39.83787431407628
53.56,39.882700148012134
53.57,39.92762687687875
53.58,39.97265489362025
53.59,40.01778459333494
53.6,40.06301637328904
53.61,40.108350632930616
53.62,40.15378777390359
53.63,40.199328200061835
53.64,40.24497231748342
53.65,40.29072053448493
53.66,40.336573261635934
53.67,40.382530911773515
53.68,40.428593900016985
53.69,40.47476264378265
53.7,40.521037562798725
53.71,40.567419079120356
53.72,40.61390761714477
53.73,40.660503603626516
53.74,40.70720746769288
53.75,40.75401964085936
53.76,40.8009405570453
53.77,40.847970652589645
53.78,40.895110366266806
53.79,40.942360139302664
53.8,40.98972041539071
53.81,41.037191640708265
53.82,41.08477426393291
53.83,41.13246873625895
53.84,41.1802755114141
53.85,41.22819504567625
53.86,41.27622779789038
53.87,41.32437422948558
53.88,41.37263480449228
53.89,41.42100998955954
53.9,41.46950025397253
53.91,41.5181060696701
53.92,41.56682791126255
53.93,41.61566625604951
53.94,41.66462158403796
53.95,41.7136943779604
53.96,41.762885123293195
53.97,41.812194308275004
53.98,41.861622423925425
53.99,41.91116996406377
54.0,41.96083742532795
54.01,42.0106253071936
54.02,42.06053411199325
54.03,42.110564344935746
54.04,42.16071651412579
54.05,42.21099113058363
54.06,42.26138870826493
54.07,42.311909764080795
54.08,42.36255481791795
54.09,42.41332439265912
54.1,42.46421901420351
54.11,42.51523921148751
54.12,42.56638551650558
54.13,42.61765846433123
54.14,42.669058593138274
54.15,42.72058644422217
54.16,42.77224256202158
54.17,42.824027494140125
54.18,42.87594179136826
54.19,42.92798600770541
54.2,42.980160700382186
54.21,43.03246642988291
54.22,43.08490375996821
54.23,43.137473257697906
54.24,43.190175493453964
54.25,43.243011040963786
54.26,43.295980477323575
54.27,43.34908438302195
54.28,43.402323341963765
54.29,43.45569794149409
54.3,43.50920877242242
54.31,43.562856429047095
54.32,43.6166415091799
54.33,43.67056461417088
54.34,43.72462634893336
54.35,43.778827321969224
54.36,43.83316814539431
54.37,43.88764943496412
54.38,43.94227181009966
54.39,43.9970358939136
54.4,44.05194231323654
54.41,44.10699169864359
54.42,44.16218468448114
54.43,44.21752190889384
54.44,44.27300401385186
54.45,44.32863164517831
54.46,44.38440545257699
54.47,44.440326089660275
54.48,44.49639421397732
54.49,44.55261048704244
54.5,44.608975574363825
54.51,44.66549014547236
54.52,44.722154873950856
54.53,44.77897043746341
54.54,44.83593751778505
54.55,44.893056800831694
54.56,44.95032897669028
54.57,45.0077547396492
54.58,45.06533478822902
54.59,45.12306982521342
54.6,45.180960557680415
54.61,45.239007697033884
54.62,45.297211959035316
54.63,45.35557406383588
54.64,45.41409473600876
54.65,45.47277470458173
54.66,45.53161470307011
54.67,45.59061546950991
54.68,45.649777746491324
54.69,45.709102281192486
54.7,45.76858982541356
54.71,45.82824113561109
54.72,45.88805697293268
54.73,45.94803810325197
54.74,46.008185297203894
54.75,46.06849933022032
54.76,46.128980982565935
54.77,46.18963103937447
54.78,46.25045029068526
54.79,46.311439531480126
54.8,46.37259956172056
54.81,46.43393118638529
54.82,46.495435215508095
54.83,46.55711246421608
54.84,46.61896375276818
54.85,46.680989906594064
54.86,46.74319175633338
54.87,46.80557013787535
54.88,46.868125892398716
54.89,46.93085986641205
54.9,46.99377291179443
54.91,47.05686588583648
54.92,47.120139651281775
54.93,47.18359507636862
54.94,47.24723303487221
54.95,47.31105440614721
54.96,47.37506007517062
54.97,47.43925093258516
54.98,47.50362787474294
54.99,47.56819180374959
55.0,47.63294362750878
55.01,47.697884259767115
55.02,47.763014620159495
55.03,47.82833563425485
55.04,47.8938482336023
55.05,47.95955335577775
55.06,48.02545194443091
55.07,48.09154494933275
55.08,48.15783332642336
55.09,48.22431803786031
55.1,48.29100005206741
55.11,48.35788034378395
55.12,48.42495989411435
55.13,48.492239690578344
55.14,48.559720727161555
55.15,48.627404004366596
55.16,48.69529052926462
55.17,48.76338131554733
55.18,48.83167738357953
55.19,48.90017976045214
55.2,48.968889480035664
55.21,49.03780758303424
55.22,49.106935117040116
55.23,49.17627313658872
55.24,49.245822703214166
55.25,49.31558488550535
55.26,49.38556075916253
55.27,49.45575140705446
55.28,49.526157919276045
55.29,49.5967813932066
55.3,49.667622933568566
55.31,49.73868365248689
55.32,49.80996466954886
55.33,49.88146711186461
55.34,49.95319211412813
55.35,50.02514081867889
55.36,50.09731437556407
55.37,50.16971394260131
55.38,50.24234068544218
55.39,50.31519577763613
55.4,50.388280400695166
55.41,50.46159574415907
55.42,50.5351430056613
55.43,50.60892339099546
55.44,50.68293811418251
55.45,50.75718839753854
55.46,50.83167547174322
55.47,50.90640057590894
55.48,50.98136495765062
55.49,51.05656987315616
55.5,51.132016587257596
55.51,51.20770637350298
55.52,51.28364051422892
55.53,51.359820300633835
55.54,51.436247032851945
55.55,51.512922020027986
55.56,51.58984658039264
55.57,51.66702204133871
55.58,51.744449739498066
55.59,51.82213102081932
55.6,51.90006724064628
55.61,51.97825976379719
55.62,52.056709964644746
55.63,52.135419227196884
55.64,52.214388945178406
55.65,52.29362052211339
55.66,52.37311537140844
55.67,52.45287491643673
55.68,52.53290059062294
55.69,52.613193837528996
55.7,52.69375611094068
55.71,52.77458887495513
55.72,52.855693604069145
55.73,52.93707178326851
55.74,53.01872490811806
55.75,53.10065448485279
55.76,53.18286203046979
55.77,53.26534907282115
55.78,53.34811715070781
55.79,53.43116781397432
55.8,53.51450262360461
55.81,53.598123151818726
55.82,53.68203098217049
55.83,53.76622770964624
55.84,53.850714940764504
55.85,53.93549429367677
55.86,54.020567398269186
55.87,54.1059358962654
55.88,54.191601441330384
55.89,54.27756569917536
55.9,54.363830347663814
55.91,54.45039707691854
55.92,54.53726758942988
55.93,54.624443600165
55.94,54.71192683667835
55.95,54.79971903922324
55.96,54.88782196086458
55.97,54.97623736759278
55.98,55.06496703843889
55.99,55.15401276559082
56.0,55.243376354510936
56.01,55.33305962405472
56.02,55.42306440659079
56.03,55.51339254812213
56.04,55.604045908408565
56.05,55.695026361090605
56.06,55.78633579381449
56.07,55.87797610835862
56.08,55.96994922076131
56.09,56.06225706144988
56.1,56.154901575371106
56.11,56.247884722123075
56.12,56.34120847608841
56.13,56.43487482656895
56.14,56.52888577792182
56.15,56.623243349696985
56.16,56.71794957677623
56.17,56.81300650951369
56.18,56.90841621387783
56.19,57.00418077159494
56.2,57.10030228029424
56.21,57.19678285365444
56.22,57.29362462155199
56.23,57.39082973021083
56.24,57.48840034235383
56.25,57.58633863735579
56.26,57.684646811398196
56.27,57.783327077625565
56.28,57.88238166630354
56.29,57.981812824978654
56.3,58.08162281863991
56.31,58.18181392988204
56.32,58.2823884590706
56.33,58.38334872450886
56.34,58.484697062606514
56.35,58.58643582805021
56.36,58.68856739397605
56.37,58.79109415214387
56.38,58.89401851311351
56.39,58.99734290642301
56.4,59.10106978076878
56.41,59.20520160418778
56.42,59.30974086424163
56.43,59.41469006820293
56.44,59.52005174324346
56.45,59.62582843662462
56.46,59.73202271588993
56.47,59.83863716905969
56.48,59.94567440482777
56.49,60.05313705276073
56.5,60.16102776349902
56.51,60.26934920896053
56.52,60.37810408254641
56.53,60.48729509934921
56.54,60.59692499636336
56.55,60.70699653269803
56.56,60.81751248979237
56.57,60.92847567163328
56.58,61.03988890497551
56.59,61.151755039564414
56.6,61.264076948361094
56.61,61.37685752777023
56.62,61.49009969787043
56.63,61.603806402647244
56.64,61.71798061022887
56.65,61.832625313124495
56.66,61.947743528465445
56.67,62.06333829824905
56.68,62.17941268958537
56.69,62.295969794946714
56.7,62.41301273242009
56.71,62.530544645962536
56.72,62.64856870565942
56.73,62.76708810798578
56.74,62.8861060760706
56.75,63.005625859964276
56.76,63.12565073690914
56.77,63.246184011613124
56.78,63.36722901652668
56.79,63.48878911212289
56.8,63.610867687180885
56.81,63.73346815907261
56.82,63.85659397405289
56.83,63.98024860755303
56.84,64.10443556447775
56.85,64.22915837950573
56.86,64.35442061739367
56.87,64.48022587328391
56.88,64.60657777301581
56.89,64.73347997344074
56.9,64.86093616274078
56.91,64.98895006075143
56.92,65.1175254192879
56.93,65.24666602247548
56.94,65.37637568708382
56.95,65.50665826286523
56.96,65.637517632897
56.97,65.76895771392789
56.98,65.9009824567288
56.99,66.0335958464476
57.0,66.16680190296833
57.01,66.30060468127472
57.02,66.4350082718181
57.03,66.5700168008898
57.04,66.70563443099805
57.05,66.8418653612495
57.06,66.97871382773543
57.07,67.11618410392258
57.08,67.25428050104881
57.09,67.39300736852366
57.1,67.53236909433372
57.11,67.67237010545313
57.12,67.81301486825896
57.13,67.95430788895186
57.14,68.09625371398181
57.15,68.23885693047919
57.16,68.38212216669115
57.17,68.52605409242344
57.18,68.67065741948767
57.19,68.81593690215422
57.2,68.96189733761068
57.21,69.10854356642615
57.22,69.2558804730212
57.23,69.40391298614382
57.24,69.55264607935136
57.25,69.70208477149836
57.26,69.8522341272307
57.27,70.0030992574859
57.28,70.1546853199997
57.29,70.30699751981909
57.3,70.46004110982187
57.31,70.61382139124267
57.32,70.76834371420574
57.33,70.92361347826458
57.34,71.07963613294827
57.35,71.2364171783149
57.36,71.39396216551204
57.37,71.55227669734435
57.38,71.71136642884855
57.39,71.87123706787561
57.4,72.03189437568061
57.41,72.19334416752004
57.42,72.35559231325693
57.43,72.51864473797369
57.44,72.68250742259292
57.45,72.8471864045063
57.46,73.01268777821156
57.47,73.17901769595778
57.48,73.34618236839908
57.49,73.51418806525686
57.5,73.68304111599058
57.51,73.85274791047743
57.52,74.02331489970089
57.53,74.1947485964482
57.54,74.36705557601718
57.55,74.54024247693212
57.56,74.71431600166937
57.57,74.88928291739226
57.58,75.06515005669588
57.59,75.24192431836168
57.6,75.41961266812207
57.61,75.59822213943517
57.62,75.77775983426987
57.63,75.95823292390136
57.64,76.13964864971727
57.65,76.32201432403451
57.66,76.50533733092719
57.67,76.68962512706545
57.68,76.87488524256575
57.69,77.0611252818524
57.7,77.24835292453082
57.71,77.43657592627254
57.72,77.6258021197121
57.73,77.81603941535622
57.74,78.00729580250507
57.75,78.19957935018628
57.76,78.39289820810146
57.77,78.58726060758566
57.78,78.78267486258
57.79,78.97914937061739
57.8,79.17669261382191
57.81,79.37531315992176
57.82,79.57501966327614
57.83,79.77582086591624
57.84,79.97772559860057
57.85,80.18074278188475
57.86,80.38488142720614
57.87,80.59015063798346
57.88,80.79655961073155
57.89,81.00411763619168
57.9,81.21283410047747
57.91,81.42271848623679
57.92,81.63378037382985
57.93,81.84602944252366
57.94,82.05947547170321
57.95,82.2741283420996
57.96,82.48999803703538
57.97,82.7070946436873
57.98,82.92542835436689
57.99,83.14500946781901
58.0,83.36584839053867
58.01,83.58795563810655
58.02,83.81134183654325
58.03,84.0360177236828
58.04,84.26199415056567
58.05,84.48928208285145
58.06,84.71789260225172
58.07,84.94783690798333
58.08,85.17912631824225
58.09,85.41177227169872
58.1,85.64578632901355
58.11,85.88118017437627
58.12,86.11796561706537
58.13,86.35615459303084
58.14,86.59575916649959
58.15,86.83679153160395
58.16,87.07926401403367
58.17,87.32318907271178
58.18,87.56857930149481
58.19,87.81544743089745
58.2,88.06380632984246
58.21,88.31366900743588
58.22,88.56504861476809
58.23,88.81795844674119
58.24,89.07241194392297
58.25,89.32842269442808
58.26,89.58600443582665
58.27,89.84517105708093
58.28,90.10593660051038
58.29,90.36831526378556
58.3,90.63232140195154
58.31,90.89796952948099
58.32,91.1652743223576
58.33,91.43425062019043
58.34,91.70491342835933
58.35,91.97727792019245
58.36,92.2513594391758
58.37,92.52717350119588
58.38,92.80473579681552
58.39,93.08406219358379
58.4,93.36516873838026
58.41,93.6480716597944
58.42,93.93278737054052
58.43,94.21933246990899
58.44,94.50772374625411
58.45,94.79797817951949
58.46,95.09011294380137
58.47,95.38414540995058
58.48,95.6800931482137
58.49,95.97797393091422
58.5,96.27780573517414
58.51,96.57960674567688
58.52,96.88339535747201
58.53,97.18919017882263
58.54,97.49701003409595
58.55,97.80687396669803
58.56,98.11880124205305
58.57,98.43281135062817
58.58,98.74892401100459
58.59,99.06715917299553
58.6,99.38753702081203
58.61,99.71007797627729
58.62,100.03480270209029
58.63,100.36173210513967
58.64,100.6908873398685
58.65,101.02228981169102
58.66,101.355961180462
58.67,101.69192336399965
58.68,102.03019854166308
58.69,102.37080915798508
58.7,102.7137779263612
58.71,103.05912783279608
58.72,103.4068821397079
58.73,103.75706438979208
58.74,104.10969840994495
58.75,104.46480831524876
58.76,104.82241851301866
58.77,105.18255370691298
58.78,105.54523890110767
58.79,105.9104994045361
58.8,106.27836083519524
58.81,106.64884912451939
58.82,107.0219905218224
58.83,107.39781159880987
58.84,107.77633925416207
58.85,108.15760071818917
58.86,108.54162355755967
58.87,108.92843568010343
58.88,109.31806533969042
58.89,109.71054114118662
58.9,110.1058920454882
58.91,110.50414737463534
58.92,110.90533681700697
58.93,111.30949043259795
58.94,111.71663865837984
58.95,112.12681231374671
58.96,112.54004260604759
58.97,112.95636113620671
58.98,113.37579990443321
58.99,113.7983913160217
59.0,114.22416818724525
59.01,114.65316375134222
59.02,115.08541166459867
59.03,115.52094601252774
59.04,115.95980131614779
59.05,116.40201253836076
59.06,116.84761509043256
59.07,117.29664483857701
59.08,117.74913811064529
59.09,118.20513170292233
59.1,118.66466288703212
59.11,119.1277694169537
59.12,119.59448953614954
59.13,120.0648619848083
59.14,120.53892600720376
59.15,121.01672135917173
59.16,121.49828831570719
59.17,121.98366767868316
59.18,122.47290078469373
59.19,122.96602951302295
59.2,123.4630962937417
59.21,123.96414411593481
59.22,124.46921653606026
59.23,124.97835768644268
59.24,125.49161228390345
59.25,126.0090256385294
59.26,126.5306436625824
59.27,127.05651287955227
59.28,127.58668043335487
59.29,128.12119409767814
59.3,128.66010228547825
59.31,129.20345405862798
59.32,129.75129913772037
59.33,130.30368791202923
59.34,130.86067144962985
59.35,131.42230150768162
59.36,131.98863054287568
59.37,132.55971172204983
59.38,133.13559893297332
59.39,133.71634679530428
59.4,134.30201067172226
59.41,134.8926466792387
59.42,135.4883117006879
59.43,136.08906339640117
59.44,136.69496021606733
59.45,137.30606141078164
59.46,137.92242704528664
59.47,138.54411801040737
59.48,139.17119603568392
59.49,139.80372370220408
59.5,140.44176445563932
59.51,141.08538261948667
59.52,141.7346434085196
59.53,142.38961294245095
59.54,143.05035825981088
59.55,143.7169473320426
59.56,144.38944907781936
59.57,145.0679333775854
59.58,145.75247108832397
59.59,146.44313405855576
59.6,147.13999514357033
59.61,147.84312822089424
59.62,148.5526082059985
59.63,149.2685110682486
59.64,149.99091384710056
59.65,150.71989466854532
59.66,151.45553276180564
59.67,152.1979084762877
59.68,152.9471032987911
59.69,153.70319987097997
59.7,154.46628200711874
59.71,155.236434712075
59.72,156.0137441995932
59.73,156.79829791084157
59.74,157.59018453323597
59.75,158.389494019543
59.76,159.19631760726563
59.77,160.01074783831427
59.78,160.83287857896607
59.79,161.66280504011536
59.8,162.50062379781772
59.81,163.34643281413096
59.82,164.20033145825485
59.83,165.06242052797302
59.84,165.93280227139888
59.85,166.81158040902838
59.86,167.6988601561016
59.87,168.5947482452758
59.88,169.49935294961182
59.89,170.4127841058757
59.9,171.3351531381578
59.91,172.26657308181095
59.92,173.2071586077092
59.93,174.15702604682892
59.94,175.1162934151532
59.95,176.0850804389012
59.96,177.0635085800829
59.97,178.0517010623805
59.98,179.04978289735664
59.99,180.05788091099032
60.0,181.0761237705401
60.01,182.104642011735
60.02,183.14356806629232
60.03,184.19303628976212
60.04,185.25318298969722
60.05,186.32414645414767
60.06,187.40606698047793
60.07,188.49908690450533
60.08,189.60335062995702
60.09,190.7190046582434
60.1,191.84619761854458
60.11,192.9850802982069
60.12,194.1358056734452
60.13,195.29852894034704
60.14,196.47340754617383
60.15,197.66060122095357
60.16,198.8602720093596
60.17,200.07258430286882
60.18,201.29770487219255
60.19,202.53580289997248
60.2,203.7870500137334
60.21,205.05162031908398
60.22,206.3296904331561
60.23,207.62143951827215
60.24,208.92704931582972
60.25,210.24670418039113
60.26,211.5805911139659
60.27,212.92889980047192
60.28,214.29182264036115
60.29,215.66955478539433
60.3,217.06229417354837
60.31,218.47024156403864
60.32,219.8936005724379
60.33,221.33257770587196
60.34,222.78738239827146
60.35,224.25822704565732
60.36,225.74532704143664
60.37,227.24890081168454
60.38,228.7691698503855
60.39,230.30635875460703
60.4,231.8606952595762
60.41,233.43241027362913
60.42,235.02173791300052
60.43,236.62891553642
60.44,238.25418377947926
60.45,239.89778658873288
60.46,241.55997125549348
60.47,243.24098844927988
60.48,244.94109225087544
60.49,246.66054018495092
60.5,248.3995932522046
60.51,250.1585159609702
60.52,251.93757635824025
60.53,253.73704606005109
60.54,255.55720028117213
60.55,257.39831786404073
60.56,259.2606813068803
60.57,261.144576790937
60.58,263.0502942067677
60.59,264.97812717950956
60.6,266.9283730930563
60.61,268.90133311306676
60.62,270.8973122087253
60.63,272.91661917317117
60.64,274.9595666425118
60.65,277.0264711133298
60.66,279.11765295859135
60.67,281.2334364418588
60.68,283.37414972970873
60.69,285.5401249022498
60.7,287.73169796163427
60.71,289.9492088384508
60.72,292.1930013958824
60.73,294.46342343151105
60.74,296.7608266766436
60.75,299.0855667930316
60.76,301.4380033668523
60.77,303.81849989981356
60.78,306.22742379724144
60.79,308.66514635300433
60.8,311.132042731123
60.81,313.6284919439111
60.82,316.15487682648603
60.83,318.71158400748556
60.84,321.2990038758205
60.85,323.91753054328854
60.86,326.5675618028701
60.87,329.24949908252256
60.88,331.9637473942824
60.89,334.7107152784826
60.9,337.4908147428855
60.91,340.3044611965279
60.92,343.15207337806936
60.93,346.0340732784313
60.94,348.950886057508
60.95,351.90293995472746
60.96,354.8906661932355
60.97,357.914498877471
60.98,360.9748748838968
60.99,364.07223374464763
61.0,367.2070175238499
61.01,370.3796706863676
61.02,373.59063995872253
61.03,376.84037418193606
61.04,380.1293241560344
61.05,383.45794247595904
61.06,386.8266833586201
61.07,390.23600246082856
61.08,393.6863566878434
61.09,397.17820399226576
61.1,400.7120031630145
61.11,404.2882136041152
61.12,407.90729510303606
61.13,411.5697075883054
61.14,415.2759108761454
61.15,419.0263644058611
61.16,422.8215269637245
61.17,426.6618563950991
61.18,430.54780930455223
61.19,434.47984074371067
61.2,438.4584038866182
61.21,442.4839496923626
61.22,446.5569265547462
61.23,450.67777993878445
61.24,454.84695200382487
61.25,459.0648812130916
61.26,463.3320019294715
61.27,467.6487439973718
61.28,472.0155323104931
61.29,476.43278636537815
61.3,480.9009198006127
61.31,485.4203399215738
61.32,489.99144721064073
61.33,494.6146348228037
61.34,499.29028806662984
61.35,504.0187838705685
61.36,508.80049023460356
61.37,513.6357656672885
61.38,518.5249586082276
61.39,523.4684068360965
61.4,528.4664368623286
61.41,533.5193633106254
61.42,538.6274882824846
61.43,543.7911007089757
61.44,549.0104756890319
61.45,554.2858738145652
61.46,559.6175404827545
61.47,565.0057051958964
61.48,570.4505808492557
61.49,575.9523630073955
61.5,581.5112291695146
61.51,587.1273380243683
61.52,592.8008286953974
61.53,598.53181997674
61.54,604.3204095608551
61.55,610.1666732585339
61.56,616.0706642121355
61.57,622.0324121029288
61.58,628.0519223534852
61.59,634.1291753261155
61.6,640.2641255184021
61.61,646.4567007569332
61.62,652.7068013903983
61.63,659.0142994832629
61.64,665.3790380112906
61.65,671.800830060237
61.66,678.2794580290914
61.67,684.8146728392949
61.68,691.4061931514113
61.69,698.0537045907801
61.7,704.7568589837214
61.71,711.515273605914
61.72,718.3285304446041
61.73,725.1961754763456
61.74,732.1177179620082
61.75,739.0926297608223
61.76,746.1203446652609
61.77,753.200257758585
61.78,760.3317247969006
61.79,767.5140616175931
61.8,774.7465435760208
61.81,782.028405012356
61.82,789.3588387504662
61.83,796.7369956307293
61.84,804.161984078665
61.85,811.6328697112591
61.86,819.1486749828334
61.87,826.708378872293
61.88,834.310916613553
61.89,841.9551794709084
61.9,849.6400145610711
61.91,857.3642247235455
61.92,865.126568440963
61.93,872.92575981093
61.94,880.7604685708781
61.95,888.629320177329
61.96,896.5308959409064
61.97,904.4637332183389
61.98,912.4263256626049
61.99,920.4171235322691
62.0,928.434534060958
62.01,936.4769218878055
62.02,944.5426095495886
62.03,952.6298780351464
62.04,960.736967402552
62.05,968.862077459375
62.06,977.0033685062364
62.07,985.1589621437187
62.08,993.326942142552
62.09,1001.505355376852
62.1,1009.6922128200363
62.11,1017.8854906028965
62.12,1026.083131133154
62.13,1034.2830442756717
62.14,1042.4831085923438
62.15,1050.6811726405333
62.16,1058.875056328772
62.17,1067.0625523282918
62.18,1075.241427538803
62.19,1083.4094246067896
62.2,1091.5642634944497
62.21,1099.703643097268
62.22,1107.8252429080676
62.23,1115.9267247252624
62.24,1124.0057344029008
62.25,1132.0599036399688
62.26,1140.0868518063098
62.27,1148.084187802406
62.28,1156.0495119501636
62.29,1163.980417911755
62.3,1171.8744946334753
62.31,1179.7293283115011
62.32,1187.5425043763619
62.33,1195.3116094928748
62.34,1203.0342335722428
62.35,1210.7079717929691
62.36,1218.3304266272082
62.37,1225.8992098691463
62.38,1233.4119446619939
62.39,1240.8662675201604
62.4,1248.259830343189
62.41,1255.5903024180416
62.42,1262.855372406348
62.43,1270.0527503132619
62.44,1277.1801694346148
62.45,1284.2353882791003
62.46,1291.2161924622912
62.47,1298.120396569351
62.48,1304.9458459833847
62.49,1311.6904186764557
62.5,1318.3520269603882
62.51,1324.9286191945746
62.52,1331.4181814481171
62.53,1337.8187391137405
62.54,1344.1283584710402
62.55,1350.3451481967472
62.56,1356.4672608198296
62.57,1362.492894119379
62.58,1368.4202924633748
62.59,1374.2477480865598
62.6,1379.9736023058047
62.61,1385.596246671495
62.62,1391.1141240536167
62.63,1396.5257296613743
62.64,1401.829611995328
62.65,1407.0243737311891
62.66,1412.1086725345695
62.67,1417.0812218061296
62.68,1421.9407913567313
62.69,1426.6862080123408
62.7,1431.316356148587
62.71,1435.8301781550206
62.72,1440.2266748292677
62.73,1444.5049057014078
62.74,1448.6639892890482
62.75,1452.7031032836976
62.76,1456.6214846691696
62.77,1460.4184297728746
62.78,1464.0932942509744
62.79,1467.645493008492
62.8,1471.0745000555735
62.81,1474.3798483012083
62.82,1477.5611292858055
62.83,1480.6179928541208
62.84,1483.550146770112
62.85,1486.3573562753804
62.86,1489.0394435929306
62.87,1491.5962873780466
62.88,1494.0278221181443
62.89,1496.3340374835159
62.9,1498.5149776309265
62.91,1500.5707404620707
62.92,1502.5014768389294
62.93,1504.3073897580982
62.94,1505.9887334861837
62.95,1507.5458126583808
62.96,1508.97898134236
62.97,1510.2886420695959
62.98,1511.4752448362756
62.99,1512.5392860759189
63.0,1513.481307605834
63.01,1514.301895549523
63.02,1515.0016792371282
63.03,1515.5813300859963
63.04,1516.0415604634018
63.05,1516.383122533451
63.06,1516.606807090149
63.07,1516.7134423785762
63.08,1516.7038929060816
63.09,1516.5790582453576
63.1,1516.3398718312153
63.11,1515.9872997528314
63.12,1515.5223395431872
63.13,1514.9460189673691
63.14,1514.2593948113463
63.15,1513.4635516727842
63.16,1512.5596007553988
63.17,1511.548678668296
63.18,1510.4319462316832
63.19,1509.210587290283
63.2,1507.8858075357139
63.21,1506.4588333390484
63.22,1504.9309105946954
63.23,1503.303303576695
63.24,1501.5772938084529
63.25,1499.7541789468812
63.26,1497.8352716818588
63.27,1495.8218986518543
63.28,1493.7153993765116
63.29,1491.517125206927
63.3,1489.2284382943005
63.31,1486.8507105775857
63.32,1484.385322790705
63.33,1481.8336634898524
63.34,1479.1971281013462
63.35,1476.4771179904496
63.36,1473.6750395515264
63.37,1470.7923033198506
63.38,1467.8303231053462
63.39,1464.790515148487
63.4,1461.6742972985433
63.41,1458.4830882143222
63.42,1455.2183065875101
63.43,1451.8813703886858
63.44,1448.4736961360368
63.45,1444.9966981867788
63.46,1441.451788051243
63.47,1437.8403737295673
63.48,1434.1638590708924
63.49,1430.4236431549439
63.5,1426.6211196958475
63.51,1422.7576764680016
63.52,1418.8346947538103
63.53,1414.8535488130544
63.54,1410.815605373662
63.55,1406.7222231436124
63.56,1402.5747523437012
63.57,1398.374534260868
63.58,1394.122900821777
63.59,1389.821174186329
63.6,1385.4706663607647
63.61,1381.0726788300144
63.62,1376.6285022089362
63.63,1372.139415912072
63.64,1367.60668784155
63.65,1363.031574092748
63.66,1358.4153186773326
63.67,1353.7591532632757
63.68,1349.0642969314563
63.69,1344.331955948441
63.7,1339.5633235550433
63.71,1334.7595797702538
63.72,1329.9218912101364
63.73,1325.051410921282
63.74,1320.1492782284138
63.75,1315.2166185957396
63.76,1310.2545435016452
63.77,1305.2641503263274
63.78,1300.246522251967
63.79,1295.202728175048
63.8,1290.1338226304235
63.81,1285.0408457267488
63.82,1279.9248230928868
63.83,1274.7867658349141
63.84,1269.6276705033486
63.85,1264.448519070228
63.86,1259.25027891568
63.87,1254.0339028236183
63.88,1248.80032898622
63.89,1243.5504810168316
63.9,1238.2852679709686
63.91,1233.0055843750722
63.92,1227.7123102626988
63.93,1222.4063112178203
63.94,1217.0884384249255
63.95,1211.7595287256124
63.96,1206.4204046813775
63.97,1201.0718746423042
63.98,1195.7147328213728
63.99,1190.3497593741067
64.0,1184.9777204832913
64.01,1179.5993684484963
64.02,1174.21544178015
64.03,1168.8266652979128
64.04,1163.4337502331082
64.05,1158.0373943349791
64.06,1152.6382819805358
64.07,1147.2370842877788
64.08,1141.834459232079
64.09,1136.4310517655088
64.1,1131.02749393892
64.11,1125.6244050265786
64.12,1120.2223916531618
64.13,1114.8220479229396
64.14,1109.423955550963
64.15,1104.02868399609
64.16,1098.636790595684
64.17,1093.248820701829
64.18,1087.8653078189063
64.19,1082.4867737423906
64.2,1077.1137286987184
64.21,1071.7466714861
64.22,1066.386089616139
64.23,1061.0324594561387
64.24,1055.6862463719706
64.25,1050.3479048713962
64.26,1045.0178787477253
64.27,1039.6966012237094
64.28,1034.3844950955686
64.29,1029.081972877053
64.3,1023.7894369434491
64.31,1018.5072796754424
64.32,1013.235883602751
64.33,1007.9756215474512
64.34,1002.7268567669196
64.35,997.4899430963175
64.36,992.2652250905498
64.37,987.0530381656338
64.38,981.8537087394136
64.39,976.667554371565
64.4,971.4948839028316
64.41,966.3359975934433
64.42,961.1911872606648
64.43,956.0607364154304
64.44,950.9449203980181
64.45,945.8440065127256
64.46,940.7582541615072
64.47,935.6879149765361
64.48,930.6332329516596
64.49,925.5944445727141
64.5,920.5717789466739
64.51,915.5654579296031
64.52,910.5756962533887
64.53,905.6027016512319
64.54,900.6466749818743
64.55,895.7078103525434
64.56,890.7862952405975
64.57,885.8823106138548
64.58,880.9960310495943
64.59,876.1276248522144
64.6,871.2772541695381
64.61,866.4450751077572
64.62,861.6312378450053
64.63,856.835886743553
64.64,852.0591604606216
64.65,847.3011920578078
64.66,842.5621091091192
64.67,837.8420338076152
64.68,833.1410830706553
64.69,828.4593686437522
64.7,823.7969972030312
64.71,819.1540704562976
64.72,814.5306852427148
64.73,809.9269336310948
64.74,805.3429030168079
64.75,800.778676217313
64.76,796.2343315663162
64.77,791.709943006563
64.78,787.2055801812702
64.79,782.7213085242059
64.8,778.2571893484236
64.81,773.81327993366
64.82,769.3896336124053
64.83,764.9862998546533
64.84,760.6033243513435
64.85,756.2407490965027
64.86,751.8986124680977
64.87,747.5769493076099
64.88,743.2757909983418
64.89,738.9951655424674
64.9,734.7350976368373
64.91,730.4956087475512
64.92,726.2767171833091
64.93,722.0784381675528
64.94,717.900783909412
64.95,713.7437636734649
64.96,709.6073838483279
64.97,705.4916480140872
64.98,701.3965570085834
64.99,697.3221089925644
65.0,693.268299513718
65.01,689.235121569599
65.02,685.2225656694612
65.03,681.2306198950123
65.04,677.2592699600996
65.05,673.3084992693441
65.06,669.3782889757346
65.07,665.4686180371948
65.08,661.5794632721382
65.09,657.7107994140227
65.1,653.8625991649196
65.11,650.0348332481092
65.12,646.2274704597166
65.13,642.4404777194025
65.14,638.6738201201183
65.15,634.9274609769443
65.16,631.2013618750184
65.17,627.495482716572
65.18,623.8097817670853
65.19,620.1442157005735
65.2,616.4987396440184
65.21,612.8733072209576
65.22,609.2678705942428
65.23,605.6823805079812
65.24,602.1167863286719
65.25,598.5710360855493
65.26,595.0450765101458
65.27,591.5388530750862
65.28,588.0523100321257
65.29,584.5853904494427
65.3,581.1380362481997
65.31,577.7101882383821
65.32,574.3017861539273
65.33,570.9127686871562
65.34,567.5430735225169
65.35,564.1926373696526
65.36,560.8613959958052
65.37,557.5492842575641
65.38,554.2562361319724
65.39,550.9821847470005
65.4,547.727062411397
65.41,544.4908006439292
65.42,541.2733302020208
65.43,538.0745811097996
65.44,534.894482685563
65.45,531.732963568673
65.46,528.5899517458886
65.47,525.4653745771474
65.48,522.3591588208037
65.49,519.271230658334
65.5,516.2015157185183
65.51,513.149939101107
65.52,510.11642539998144
65.53,507.10089872581847
65.54,504.1032827282655
65.55,501.1235006176371
65.56,498.16147518613974
65.57,495.2171288286343
65.58,492.2903835629436
65.59,489.38116104971374
65.6,486.4893826118373
65.61,483.61496925344545
65.62,480.75784167847763
65.63,477.9179203088363
65.64,475.09512530213345
65.65,472.2893765690377
65.66,469.50059379022775
65.67,466.72869643296076
65.68,463.9736037672615
65.69,461.2352348817403
65.7,458.51350869904593
65.71,455.8083439909602
65.72,453.11965939314155
65.73,450.44737341952305
65.74,447.79140447637275
65.75,445.1516708760209
65.76,442.52809085026183
65.77,439.92058256343574
65.78,437.32906412519657
65.79,434.75345360297194
65.8,432.19366903412117
65.81,429.64962843779665
65.82,427.1212498265145
65.83,424.60845121744006
65.84,422.1111506433937
65.85,419.62926616358175
65.86,417.1627158740587
65.87,414.71141791792496
65.88,412.27529049526635
65.89,409.8542518728388
65.9,407.4482203935046
65.91,405.0571144854242
65.92,402.6808526710089
65.93,400.31935357563805
65.94,397.972535936147
65.95,395.6403186090883
65.96,393.3226205787726
65.97,391.0193609650919
65.98,388.7304590311304
65.99,386.45583419056715
66.0,384.19540601487375
66.01,381.94909424031255
66.02,379.7168187747378
66.03,377.49849970420496
66.04,375.29405729939117
66.05,373.10341202183116
66.06,370.92648452997184
66.07,368.7631956850498
66.08,366.6134665567947
66.09,364.4772184289624
66.1,362.3543728047012
66.11,360.24485141175495
66.12,358.1485762075053
66.13,356.0654693838577
66.14,353.9954533719734
66.15,351.938450846851
66.16,349.89438473176074
66.17,347.8631782025339
66.18,345.8447546917114
66.19,343.8390378925536
66.2,341.8459517629146
66.21,339.8654205289834
66.22,337.89736868889594
66.23,335.9417210162189
66.24,333.9984025633093
66.25,332.0673386645524
66.26,330.14845493947956
66.27,328.24167729577
66.28,326.3469319321373
66.29,324.4641453411047
66.3,322.59324431167045
66.31,320.734155931866
66.32,318.8868075912093
66.33,317.05112698305544
66.34,315.2270421068469
66.35,313.4144812702655
66.36,311.61337309128834
66.37,309.82364650014927
66.38,308.04523074120925
66.39,306.278055374736
66.4,304.52205027859617
66.41,302.7771456498609
66.42,301.0432720063283
66.43,299.3203601879627
66.44,297.60834135825394
66.45,295.9071470054982
66.46,294.21670894400177
66.47,292.53695931520997
66.48,290.8678305887624
66.49,289.20925556347675
66.5,287.56116736826255
66.51,285.9234994629662
66.52,284.2961856391496
66.53,282.6791600208028
66.54,281.07235706499347
66.55,279.4757115624538
66.56,277.88915863810644
66.57,276.31263375153117
66.58,274.7460726973735
66.59,273.1894116056967
66.6,271.64258694227846
66.61,270.1055355088536
66.62,268.57819444330437
66.63,267.0605012197988
66.64,265.55239364887973
66.65,264.05380987750414
66.66,262.5646883890353
66.67,261.08496800318846
66.68,259.6145878759306
66.69,258.15348749933673
66.7,256.70160670140245
66.71,255.25888564581493
66.72,253.82526483168272
66.73,252.40068509322566
66.74,250.98508759942607
66.75,249.57841385364196
66.76,248.18060569318342
66.77,246.79160528885313
66.78,245.41135514445187
66.79,244.03979809625008
66.8,242.6768773124262
66.81,241.32253629247296
66.82,239.97671886657227
66.83,238.6393691949396
66.84,237.31043176713877
66.85,235.9898514013679
66.86,234.67757324371755
66.87,233.37354276740132
66.88,232.0777057719604
66.89,230.79000838244224
66.9,229.51039704855427
66.91,228.23881854379368
66.92,226.97521996455353
66.93,225.71954872920608
66.94,224.4717525771643
66.95,223.23177956792165
66.96,221.9995780800714
66.97,220.77509681030563
66.98,219.55828477239507
66.99,218.34909129614977
67.0,217.14746602636174
67.01,215.95335892172994
67.02,214.7667202537682
67.03,213.58750060569665
67.04,212.41565087131727
67.05,211.25112225387403
67.06,210.09386626489822
67.07,208.9438347230395
67.08,207.80097975288305
67.09,206.66525378375366
67.1,205.53660954850673
67.11,204.4150000823072
67.12,203.3003787213964
67.13,202.19269910184792
67.14,201.091915158312
67.15,199.99798112274996
67.16,198.91085152315824
67.17,197.83048118228302
67.18,196.75682521632544
67.19,195.6898390336382
67.2,194.62947833341366
67.21,193.5756991043639
67.22,192.52845762339325
67.23,191.48771045426344
67.24,190.45341444625186
67.25,189.42552673280343
67.26,188.40400473017607
67.27,187.3888061360804
67.28,186.379888928314
67.29,185.37721136339027
67.3,184.38073197516266
67.31,183.3904095734441
67.32,182.40620324262233
67.33,181.42807234027126
67.34,180.45597649575845
67.35,179.4898756088495
67.36,178.5297298483091
67.37,177.5754996504993
67.38,176.62714571797525
67.39,175.68462901807862
67.4,174.74791078152882
67.41,173.81695250101254
67.42,172.8917159297717
67.43,171.97216308018997
67.44,171.0582562223783
67.45,170.1499578827594
67.46,169.24723084265167
67.47,168.3500381368527
67.48,167.45834305222238
67.49,166.57210912626607
67.5,165.69130014571797
67.51,164.81588014512465
67.52,163.9458134054293
67.53,163.08106445255663
67.54,162.2215980559987
67.55,161.36737922740173
67.56,160.51837321915426
67.57,159.6745455229767
67.58,158.83586186851244
67.59,158.00228822192065
67.6,157.17379078447107
67.61,156.3503359911407
67.62,155.5318905092128
67.63,154.7184212368781
67.64,153.90989530183867
67.65,153.10628005991407
67.66,152.3075430936505
67.67,151.51365221093275
67.68,150.72457544359892
67.69,149.94028104605866
67.7,149.16073749391413
67.71,148.38591348258473
67.72,147.61577792593494
67.73,146.85029995490592
67.74,146.0894489161507
67.75,145.33319437067306
67.76,144.58150609247033
67.77,143.8343540671802
67.78,143.09170849073132
67.79,142.35353976799848
67.8,141.61981851146152
67.81,140.89051553986877
67.82,140.165601876905
67.83,139.4450487498635
67.84,138.72882758832316
67.85,138.01691002282962
67.86,137.30926788358158
67.87,136.60587319912162
67.88,135.90669819503182
67.89,135.21171529263444
67.9,134.5208971076974
67.91,133.8342164491449
67.92,133.15164631777284
67.93,132.4731599049698
67.94,131.7987305914428
67.95,131.12833194594842
67.96,130.46193772402933
67.97,129.79952186675598
67.98,129.14105849947373
67.99,128.4865219305554
68.0,127.83588665015927
68.01,127.18912732899261
68.02,126.54621881708073
68.03,125.90713614254157
68.04,125.27185451036601
68.05,124.6403493012037
68.06,124.01259607015469
68.07,123.38857054556667
68.08,122.76824862783803
68.09,122.15160638822668
68.1,121.5386200676646
68.11,120.92926607557823
68.12,120.32352098871482
68.13,119.7213615499745
68.14,119.12276466724832
68.15,118.52770741226212
68.16,117.93616701942642
68.17,117.34812088469225
68.18,116.7635465644128
68.19,116.18242177421125
68.2,115.60472438785439
68.21,115.0304324361324
68.22,114.45952410574452
68.23,113.8919777381908
68.24,113.32777182866992
68.25,112.76688502498294
68.26,112.20929612644315
68.27,111.65498408279203
68.28,111.10392799312115
68.29,110.55610710480023
68.3,110.01150081241123
68.31,109.47008865668845
68.32,108.9318503234648
68.33,108.39676564262406
68.34,107.86481458705923
68.35,107.33597727163695
68.36,106.81023395216799
68.37,106.28756502438378
68.38,105.76795102291904
68.39,105.2513726203004
68.4,104.73781062594115
68.41,104.22724598514195
68.42,103.71965977809764
68.43,103.21503321891002
68.44,102.71334765460676
68.45,102.21458456416619
68.46,101.71872555754818
68.47,101.22575237473103
68.48,100.73564688475425
68.49,100.2483910847674
68.5,99.76396709908495
68.51,99.28235717824685
68.52,98.80354369808538
68.53,98.32750915879762
68.54,97.85423618402405
68.55,97.3837075199329
68.56,96.9159060343105
68.57,96.45081471565743
68.58,95.98841667229055
68.59,95.52869513145089
68.6,95.07163343841731
68.61,94.61721505562602
68.62,94.16542356179588
68.63,93.71624265105942
68.64,93.26965613209974
68.65,92.825647927293
68.66,92.38420207185675
68.67,91.94530271300387
68.68,91.50893410910226
68.69,91.07508062884015
68.7,90.64372675039711
68.71,90.21485706062056
68.72,89.78845625420806
68.73,89.36450913289504
68.74,88.94300060464812
68.75,88.52391568286406
68.76,88.10723948557408
68.77,87.69295723465382
68.78,87.28105425503867
68.79,86.87151597394464
68.8,86.46432792009458
68.81,86.05947572294987
68.82,85.65694511194746
68.83,85.25672191574233
68.84,84.85879206145519
68.85,84.46314157392561
68.86,84.06975657497034
68.87,83.678623282647
68.88,83.28972801052294
68.89,82.90305716694935
68.9,82.51859725434059
68.91,82.13633486845866
68.92,81.75625669770282
68.93,81.37834952240438
68.94,81.00260021412653
68.95,80.62899573496931
68.96,80.25752313687954
68.97,79.88816956096593
68.98,79.52092223681902
68.99,79.15576848183616
69.0,78.79269570055155
69.01,78.43169138397101
69.02,78.07274310891182
69.03,77.71583853734732
69.04,77.36096541575644
69.05,77.00811157447801
69.06,76.65726492706986
69.07,76.30841346967277
69.08,75.96154528037903
69.09,75.61664851860586
69.1,75.27371142447345
69.11,74.9327223181877
69.12,74.59366959942756
69.13,74.25654174673703
69.14,73.92132731692178
69.15,73.58801494445022
69.16,73.25659334085928
69.17,72.92705129416454
69.18,72.59937766827494
69.19,72.27356140241194
69.2,71.94959151053311
69.21,71.62745708076011
69.22,71.3071472748111
69.23,70.98865132743745
69.24,70.67195854586485
69.25,70.35705830923865
69.26,70.04394006807354
69.27,69.73259334370748
69.28,69.4230077277598
69.29,69.11517288159357
69.3,68.80907853578213
69.31,68.50471448957978
69.32,68.20207061039652
69.33,67.90113683327698
69.34,67.6019031603834
69.35,67.30435966048265
69.36,67.00849646843724
69.37,66.7143037847004
69.38,66.42177187481505
69.39,66.13089106891677
69.4,65.8416517612407
69.41,65.55404440963225
69.42,65.26805953506182
69.43,64.98368772114321
69.44,64.70091961365597
69.45,64.41974592007145
69.46,64.14015740908272
69.47,63.86214491013814
69.48,63.5856993129787
69.49,63.31081156717902
69.5,63.037472681692094
69.51,62.76567372439755
69.52,62.49540582165367
69.53,62.22666015785288
69.54,61.95942797498092
69.55,61.693700572179466
69.56,61.429469305312345
69.57,61.16672558653519
69.58,60.905460883868635
69.59,60.64566672077486
69.6,60.387334675737684
69.61,60.13045638184594
69.62,59.87502352638031
69.63,59.62102785040348
69.64,59.36846114835361
69.65,59.11731526764115
69.66,58.867582108248904
69.67,58.61925362233535
69.68,58.372321813841225
69.69,58.126778738099304
69.7,57.882616501447366
69.71,57.639827260844314
69.72,57.398403223489474
69.73,57.15833664644497
69.74,56.91961983626124
69.75,56.682245148605574
69.76,56.44620498789374
69.77,56.211491806924656
69.78,55.978098106518004
69.79,55.74601643515489
69.8,55.515239388621445
69.81,55.28575960965535
69.82,55.057569787595305
69.83,54.83066265803336
69.84,54.60503100247018
69.85,54.38066764797308
69.86,54.15756546683695
69.87,53.935717376248
69.88,53.715116337950214
69.89,53.49575535791467
69.9,53.27762748601152
69.91,53.060725815684755
69.92,52.845043483629645
69.93,52.63057366947286
69.94,52.41730959545526
69.95,52.20524452611732
69.96,51.9943717679872
69.97,51.78468466927135
69.98,51.57617661954779
69.99,51.36884104946186
70.0,51.16267143042455
70.01,50.95766127431339
70.02,50.753804133175706
70.03,50.551093598934536
70.04,50.34952330309685
70.05,50.14908691646431
70.06,49.94977814884639
70.07,49.751590748775925
70.08,49.554518503227044
70.09,49.358555237335466
70.1,49.16369481412111
70.11,48.96993113421307
70.12,48.77725813557687
70.13,48.58566979324403
70.14,48.395160119043844
70.15,48.2057231613375
70.16,48.01735300475435
70.17,47.83004376993041
70.18,47.64378961324912
70.19,47.458584726584164
70.2,47.274423337044574
70.21,47.09129970672187
70.22,46.909208132439396
70.23,46.72814294550373
70.24,46.548098511458164
70.25,46.36906922983833
70.26,46.19104953392978
70.27,46.01403389052766
70.28,45.83801679969841
70.29,45.662992794543435
70.3,45.48895644096479
70.31,45.31590233743281
70.32,45.14382511475569
70.33,44.97271943585104
70.34,44.80257999551931
70.35,44.63340152021916
70.36,44.46517876784466
70.37,44.29790652750445
70.38,44.13157961930265
70.39,43.966192894121676
70.4,43.80174123340688
70.41,43.63821954895295
70.42,43.47562278269214
70.43,43.3139459064843
70.44,43.153183921908564
70.45,42.99333186005691
70.46,42.834384781329376
70.47,42.67633777523099
70.48,42.51918596017043
70.49,42.362924483260365
70.5,42.20754852011944
70.51,42.05305327467594
70.52,41.89943397897311
70.53,41.74668589297604
70.54,41.59480430438025
70.55,41.443784528421794
70.56,41.293621907689
70.57,41.14431181193575
70.58,40.99584963789634
70.59,40.84823080910186
70.6,40.70145077569811
70.61,40.555505014265066
70.62,40.41038902763777
70.63,40.266098344728775
70.64,40.12262852035206
70.65,39.97997513504836
70.66,39.83813379491201
70.67,39.69710013141914
70.68,39.5568698012574
70.69,39.41743848615698
70.7,39.27880189272314
70.71,39.14095575227001
70.72,39.00389582065588
70.73,38.867617878119724
70.74,38.7321177291192
70.75,38.59739120216988
70.76,38.463434149685845
70.77,38.33024244782161
70.78,38.19781199631532
70.79,38.06613871833323
70.8,37.93521856031546
70.81,37.80504749182307
70.82,37.67562150538628
70.83,37.54693661635403
70.84,37.41898886274472
70.85,37.291774305098166
70.86,37.16528902632878
70.87,37.03952913157993
70.88,36.91449074807953
70.89,36.7901700249967
70.9,36.666563133299704
70.91,36.543666265614974
70.92,36.42147563608729
70.93,36.299987480241086
70.94,36.17919805484289
70.95,36.05910363776486
70.96,35.939700527849425
70.97,35.820985044775
70.98,35.702953528922805
70.99,35.585602341244744
71.0,35.46892786313233
71.01,35.35292649628666
71.02,35.23759466258947
71.03,35.12292880397514
71.04,35.00892538230381
71.05,34.89558087923541
71.06,34.78289179610479
71.07,34.670854653797775
71.08,34.5594659926282
71.09,34.44872237221596
71.1,34.338620371366005
71.11,34.22915658794826
71.12,34.120327638778534
71.13,34.01213015950033
71.14,33.90456080446763
71.15,33.797616246628536
71.16,33.691293177409875
71.17,33.585588306602666
71.18,33.480498362248525
71.19,33.37602009052689
71.2,33.27215025564321
71.21,33.16888563971791
71.22,33.06622304267626
71.23,32.96415928213915
71.24,32.862691193314575
71.25,32.76181562889008
71.26,32.66152945892598
71.27,32.56182957074941
71.28,32.46271286884916
71.29,32.36417627477137
71.3,32.26621672701596
71.31,32.1688311809339
71.32,32.07201660862523
71.33,31.97576999883789
71.34,31.880088356867237
71.35,31.784968704456432
71.36,31.690408079697498
71.37,31.596403536933156
71.38,31.50295214665939
71.39,31.410050995428747
71.4,31.31769718575437
71.41,31.22588783601472
71.42,31.134620080359053
71.43,31.043891068613554
71.44,30.9536979661882
71.45,30.864037953984308
71.46,30.774908228302753
71.47,30.686306000752886
71.48,30.598228498162097
71.49,30.510672962486073
71.5,30.423636650719686
71.51,30.337116834808555
71.52,30.251110801561236
71.53,30.165615852562073
71.54,30.080629304084667
71.55,29.996148487005968
71.56,29.912170746721014
71.57,29.828693443058263
71.58,29.74571395019555
71.59,29.663229656576636
71.6,29.58123796482836
71.61,29.4997362916784
71.62,29.41872206787359
71.63,29.338192738098858
71.64,29.258145760896713
71.65,29.17857860858731
71.66,29.099488767189076
71.67,29.02087373633992
71.68,28.942731029218965
71.69,28.865058172468864
71.7,28.787852706118628
71.71,28.711112183507023
71.72,28.63483417120648
71.73,28.559016248947565
71.74,28.48365600954392
71.75,28.4087510588178
71.76,28.334299015526042
71.77,28.26029751128662
71.78,28.186744190505657
71.79,28.11363671030496
71.8,28.040972740450037
71.81,27.968749963278626
71.82,27.89696607362969
71.83,27.825618778772924
71.84,27.754705798338694
71.85,27.684224864248502
71.86,27.61417372064589
71.87,27.54455012382781
71.88,27.475351842176476
71.89,27.406576656091648
71.9,27.33822235792339
71.91,27.270286751905253
71.92,27.20276765408794
71.93,27.135662892273363
71.94,27.068970305949183
71.95,27.002687746223753
71.96,26.936813075761506
71.97,26.871344168718757
71.98,26.80627891067993
71.99,26.7416151985942
72.0,26.67735094071257
72.01,26.613484056525323
72.02,26.5500124766999
72.03,26.486934143019187
72.04,26.424247008320183
72.05,26.361949036433078
72.06,26.30003820212072
72.07,26.238512491018472
72.08,26.17736989957444
72.09,26.11660843499011
72.1,26.05622611516133
72.11,25.996220968619706
72.12,25.936591034474336
72.13,25.877334362353924
72.14,25.81844901234927
72.15,25.759933054956107
72.16,25.701784571018315
72.17,25.644001651671466
72.18,25.586582398286744
72.19,25.52952492241521
72.2,25.4728273457324
72.21,25.416487799983297
72.22,25.36050442692761
72.23,25.304875378285402
72.24,25.24959881568308
72.25,25.194672910599675
72.26,25.140095844313482
72.27,25.085865807849018
72.28,25.031981001924297
72.29,24.97843963689844
72.3,24.925239932719588
72.31,24.87238011887315
72.32,24.819858434330346
72.33,24.767673127497073
72.34,24.71582245616307
72.35,24.66430468745141
72.36,24.613118097768258
72.37,24.56226097275297
72.38,24.51173160722846
72.39,24.461528305151877
72.4,24.411649379565578
72.41,24.362093152548383
72.42,24.312857955167125
72.43,24.263942127428486
72.44,24.215344018231107
72.45,24.167061985318007
72.46,24.119094395229244
72.47,24.071439623254886
72.48,24.024096053388238
72.49,23.97706207827935
72.5,23.93033609918879
72.51,23.883916525941704
72.52,23.83780177688211
72.53,23.791990278827488
72.54,23.746480467023616
72.55,23.701270785099673
72.56,23.656359685023595
72.57,23.61174562705769
72.58,23.567427079714513
72.59,23.523402519712985
72.6,23.479670431934764
72.61,23.436229309380877
72.62,23.39307765312858
72.63,23.350213972288472
72.64,23.30763678396187
72.65,23.26534461319838
72.66,23.22333599295376
72.67,23.181609464047984
72.68,23.140163575123562
72.69,23.098996882604077
72.7,23.058107950652975
72.71,23.017495351132574
72.72,22.977157663563297
72.73,22.93709347508315
72.74,22.897301380407402
72.75,22.85777998178852
72.76,22.8185278889763
72.77,22.77954371917821
72.78,22.740826097020015
72.79,22.702373654506538
72.8,22.664185030982686
72.81,22.62625887309469
72.82,22.58859383475154
72.83,22.551188577086627
72.84,22.51404176841965
72.85,22.47715208421864
72.86,22.440518207062283
72.87,22.404138826602384
72.88,22.368012639526576
72.89,22.332138349521202
72.9,22.296514667234423
72.91,22.26114031023951
72.92,22.226014002998358
72.93,22.19113447682515
72.94,22.156500469850286
72.95,22.12211072698444
72.96,22.08796399988286
72.97,22.054059046909828
72.98,22.020394633103336
72.99,21.986969530139937
73.0,21.953782516299785
73.01,21.920832376431868
73.02,21.888117901919426
73.03,21.855637890645554
73.04,21.823391146958983
73.05,21.79137648164006
73.06,21.759592711866887
73.07,21.728038661181653
73.08,21.69671315945715
73.09,21.66561504286346
73.1,21.634743153834815
73.11,21.604096341036637
73.12,21.57367345933276
73.13,21.543473369752817
73.14,21.513494939459797
73.15,21.48373704171778
73.16,21.454198555859847
73.17,21.424878367256138
73.18,21.39577536728211
73.19,21.366888453286926
73.2,21.33821652856205
73.21,21.309758502309972
73.22,21.281513289613116
73.23,21.253479811402908
73.24,21.225656994429002
73.25,21.198043771228672
73.26,21.170639080096368
73.27,21.14344186505342
73.28,21.116451075817896
73.29,21.089665667774657
73.3,21.063084601945512
73.31,21.036706844959568
73.32,21.010531369023713
73.33,20.98455715189328
73.34,20.958783176842832
73.35,20.933208432637112
73.36,20.907831913502154
73.37,20.88265261909653
73.38,20.857669554482754
73.39,20.832881730098833
73.4,20.80828816172996
73.41,20.78388787048036
73.42,20.759679882745292
73.43,20.735663230183167
73.44,20.711836949687843
73.45,20.68820008336104
73.46,20.664751678484905
73.47,20.64149078749473
73.48,20.6184164679518
73.49,20.595527782516367
73.5,20.572823798920798
73.51,20.550303589942835
73.52,20.527966233379004
73.53,20.50581081201815
73.54,20.483836413615133
73.55,20.462042130864624
73.56,20.44042706137507
73.57,20.41899030764277
73.58,20.397730977026104
73.59,20.376648181719872
73.6,20.35574103872979
73.61,20.335008669847085
73.62,20.314450201623263
73.63,20.29406476534497
73.64,20.273851497009
73.65,20.253809537297432
73.66,20.233938031552885
73.67,20.21423612975391
73.68,20.194702986490505
73.69,20.17533776093975
73.7,20.15613961684159
73.71,20.137107722474695
73.72,20.118241250632508
73.73,20.09953937859936
73.74,20.08100128812674
73.75,20.062626165409675
73.76,20.044413201063232
73.77,20.026361590099146
73.78,20.008470531902564
73.79,19.990739230208902
73.8,19.973166893080837
73.81,19.9557527328854
73.82,19.93849596627121
73.83,19.921395814145782
73.84,19.904451501653007
73.85,19.88766225815071
73.86,19.871027317188318
73.87,19.85454591648469
73.88,19.83821729790599
73.89,19.822040707443755
73.9,19.80601539519299
73.91,19.790140615330454
73.92,19.774415626093003
73.93,19.758839689756066
73.94,19.743412072612237
73.95,19.728132044949962
73.96,19.712998881032345
73.97,19.69801185907606
73.98,19.683170261230384
73.99,19.6684733735563
74.0,19.653920486005763
74.01,19.639510892401024
74.02,19.62524389041409
74.03,19.611118781546274
74.04,19.597134871107855
74.05,19.583291468197853
74.06,19.569587885683887
74.07,19.556023440182155
74.08,19.542597452037512
74.09,19.529309245303647
74.1,19.516158147723363
74.11,19.503143490708965
74.12,19.490264609322736
74.13,19.477520842257537
74.14,19.46491153181747
74.15,19.45243602389869
74.16,19.440093667970267
74.17,19.42788381705518
74.18,19.415805827711388
74.19,19.40385906001303
74.2,19.39204287753168
74.21,19.380356647317726
74.22,19.368799739881844
74.23,19.35737152917656
74.24,19.346071392577915
74.25,19.334898710867204
74.26,19.32385286821285
74.27,19.312933252152334
74.28,19.302139253574232
74.29,19.29147026670035
74.3,19.280925689067953
74.31,19.270504921512064
74.32,19.260207368147885
74.33,19.250032436353294
74.34,19.239979536751427
74.35,19.23004808319337
74.36,19.22023749274092
74.37,19.21054718564945
74.38,19.200976585350844
74.39,19.19152511843656
74.4,19.182192214640725
74.41,19.17297730682338
74.42,19.163879830953753
74.43,19.154899226093665
74.44,19.146034934381
74.45,19.13728640101326
74.46,19.128653074231217
74.47,19.120134405302647
74.48,19.11172984850614
74.49,19.10343886111501
74.5,19.09526090338127
74.51,19.087195438519707
74.52,19.079241932692035
74.53,19.071399854991128
74.54,19.06366867742534
74.55,19.056047874902905
74.56,19.048536925216414
74.57,19.041135309027386
74.58,19.033842509850903
74.59,19.026658014040347
74.6,19.01958131077219
74.61,19.012611892030883
74.62,19.00574925259383
74.63,18.998992890016417
74.64,18.992342304617143
74.65,18.985796999462814
74.66,18.97935648035382
74.67,18.973020255809505
74.68,18.966787837053573
74.69,18.96065873799962
74.7,18.954632475236703
74.71,18.948708568015018
74.72,18.942886538231622
74.73,18.937165910416255
74.74,18.93154621171722
74.75,18.926026971887353
74.76,18.920607723270052
74.77,18.91528800078539
74.78,18.910067341916307
74.79,18.90494528669484
74.8,18.899921377688486
74.81,18.894995159986582
74.82,18.890166181186785
74.83,18.885433991381618
74.84,18.88079814314509
74.85,18.876258191519373
74.86,18.87181369400158
74.87,18.867464210530574
74.88,18.86320930347388
74.89,18.85904853761465
74.9,18.8549814801387
74.91,18.851007700621622
74.92,18.84712677101595
74.93,18.84333826563842
74.94,18.83964176115726
74.95,18.8360368365796
74.96,18.83252307323889
74.97,18.829100054782433
74.98,18.82576736715896
74.99,18.822524598606275
75.0,18.819371339638973
75.01,18.81630718303622
75.02,18.81333172382959
75.03,18.81044455929099
75.04,18.80764528892061
75.05,18.804933514434993
75.06,18.80230883975511
75.07,18.79977087099455
75.08,18.79731921644773
75.09,18.794953486578205
75.1,18.792673294007017
75.11,18.790478253501117
75.12,18.788367981961844
75.13,18.786342098413474
75.14,18.78440022399182
75.15,18.782541981932898
75.16,18.780766997561663
75.17,18.77907489828079
75.18,18.77746531355952
75.19,18.775937874922583
75.2,18.774492215939155
75.21,18.773127972211892
75.22,18.771844781366017
75.23,18.770642283038466
75.24,18.769520118867096
75.25,18.76847793247995
75.26,18.767515369484578
75.27,18.766632077457412
75.28,18.765827705933216
75.29,18.765101906394573
75.3,18.76445433226144
75.31,18.763884638880754
75.32,18.7633924835161
75.33,18.762977525337433
75.34,18.762639425410853
75.35,18.762377846688445
75.36,18.762192453998157
75.37,18.76208291403375
75.38,18.762048895344805
75.39,18.76209006832675
75.4,18.762206105210996
75.41,18.762396680055083
75.42,18.762661468732894
75.43,18.76300014892493
75.44,18.76341240010863
75.45,18.763897903548745
75.46,18.764456342287758
75.47,18.765087401136377
75.48,18.76579076666405
75.49,18.766566127189567
75.5,18.76741317277168
75.51,18.768331595199793
75.52,18.76932108798471
75.53,18.77038134634941
75.54,18.77151206721989
75.55,18.77271294921606
75.56,18.77398369264267
75.57,18.77532399948031
75.58,18.77673357337645
75.59,18.778212119636517
75.6,18.77975934521504
75.61,18.78137495870684
75.62,18.783058670338256
75.63,18.784810191958428
75.64,18.786629237030635
75.65,18.78851552062367
75.66,18.790468759403264
75.67,18.792488671623566
75.68,18.79457497711866
75.69,18.79672739729413
75.7,18.79894565511868
75.71,18.80122947511579
75.72,18.80357858335543
75.73,18.805992707445814
75.74,18.80847157652518
75.75,18.811014921253655
75.76,18.813622473805143
75.77,18.81629396785925
75.78,18.81902913859326
75.79,18.821827722674183
75.8,18.824689458250788
75.81,18.827614084945747
75.82,18.83060134384778
75.83,18.83365097750384
75.84,18.836762729911385
75.85,18.83993634651064
75.86,18.84317157417694
75.87,18.846468161213096
75.88,18.849825857341813
75.89,18.85324441369815
75.9,18.85672358282201
75.91,18.860263118650693
75.92,18.86386277651147
75.93,18.867522313114215
75.94,18.871241486544058
75.95,18.87502005625411
75.96,18.8788577830582
75.97,18.88275442912366
75.98,18.88670975796416
75.99,18.890723534432574
76.0,18.894795524713896
76.01,18.898925496318174
76.02,18.903113218073518
76.03,18.907358460119106
76.04,18.91166099389827
76.05,18.91602059215159
76.06,18.920437028910047
76.07,18.9249100794882
76.08,18.929439520477406
76.09,18.934025129739087
76.1,18.938666686398026
76.11,18.9433639708357
76.12,18.948116764683657
76.13,18.952924850816917
76.14,18.957788013347436
76.15,18.962706037617576
76.16,18.967678710193635
76.17,18.972705818859403
76.18,18.977787152609757
76.19,18.982922501644296
76.2,18.988111657360996
76.21,18.99335441234993
76.22,18.99865056038699
76.23,19.00399989642768
76.24,19.0094022166009
76.25,19.014857318202818
76.26,19.02036499969073
76.27,19.025925060676986
76.28,19.03153730192293
76.29,19.037201525332893
76.3,19.0429175339482
76.31,19.048685131941227
76.32,19.054504124609494
76.33,19.060374318369767
76.34,19.066295520752227
76.35,19.072267540394645
76.36,19.078290187036608
76.37,19.08436327151377
76.38,19.090486605752133
76.39,19.096660002762373
76.4,19.102883276634177
76.41,19.10915624253064
76.42,19.115478716682674
76.43,19.121850516383443
76.44,19.128271459982862
76.45,19.134741366882093
76.46,19.141260057528093
76.47,19.14782735340818
76.48,19.15444307704464
76.49,19.161107051989372
76.5,19.167819102818534
76.51,19.174579055127253
76.52,19.181386735524352
76.53,19.188241971627104
76.54,19.19514459205601
76.55,19.202094426429635
76.56,19.20909130535944
76.57,19.216135060444667
76.58,19.223225524267242
76.59,19.230362530386714
76.6,19.237545913335207
76.61,19.244775508612438
76.62,19.252051152680718
76.63,19.25937268296001
76.64,19.26673993782302
76.65,19.274152756590286
76.66,19.281610979525336
76.67,19.289114447829835
76.68,19.29666300363879
76.69,19.30425649001577
76.7,19.31189475094815
76.71,19.31957763134238
76.72,19.327304977019317
76.73,19.335076634709523
76.74,19.34289245204864
76.75,19.35075227757278
76.76,19.358655960713918
76.77,19.36660335179535
76.78,19.374594302027152
76.79,19.38262866350166
76.8,19.390706289189005
76.81,19.39882703293265
76.82,19.40699074944496
76.83,19.4151972943028
76.84,19.423446523943145
76.85,19.431738295658747
76.86,19.44007246759379
76.87,19.448448898739603
76.88,19.45686744893037
76.89,19.46532797883889
76.9,19.47383034997233
76.91,19.482374424668055
76.92,19.490960066089418
76.93,19.499587138221624
76.94,19.508255505867606
76.95,19.516965034643903
76.96,19.5257155909766
76.97,19.534507042097253
76.98,19.543339256038873
76.99,19.552212101631905
77.0,19.561125448500253
77.01,19.570079167057308
77.02,19.57907312850202
77.03,19.588107204814975
77.04,19.59718126875451
77.05,19.60629519385284
77.06,19.615448854412215
77.07,19.62464212550109
77.08,19.633874882950337
77.09,19.64314700334946
77.1,19.652458364042825
77.11,19.66180884312596
77.12,19.671198319441814
77.13,19.680626672577077
77.14,19.690093782858522
77.15,19.699599531349346
77.16,19.709143799845556
77.17,19.718726470872358
77.18,19.72834742768059
77.19,19.738006554243142
77.2,19.74770373525144
77.21,19.757438856111918
77.22,19.767211802942516
77.23,19.777022462569217
77.24,19.78687072252259
77.25,19.796756471034346
77.26,19.80667959703394
77.27,19.81663999014517
77.28,19.8266375406828
77.29,19.836672139649217
77.3,19.846743678731094
77.31,19.856852050296087
77.32,19.866997147389526
77.33,19.877178863731157
77.34,19.887397093711886
77.35,19.897651732390543
77.36,19.907942675490666
77.37,19.91826981939732
77.38,19.92863306115391
77.39,19.93903229845903
77.4,19.949467429663322
77.41,19.95993835376637
77.42,19.97044497041358
77.43,19.98098717989313
77.44,19.99156488313288
77.45,20.002177981697347
77.46,20.012826377784673
77.47,20.02350997422363
77.48,20.03422867447061
77.49,20.04498238260669
77.5,20.055771003334645
77.51,20.066594441976036
77.52,20.07745260446829
77.53,20.08834539736181
77.54,20.099272727817073
77.55,20.1102345036018
77.56,20.121230633088075
77.57,20.132261025249555
77.58,20.143325589658634
77.59,20.15442423648366
77.6,20.165556876486153
77.61,20.176723421018064
77.62,20.187923782019013
77.63,20.199157872013576
77.64,20.210425604108575
77.65,20.221726891990386
77.66,20.23306164992227
77.67,20.244429792741705
77.68,20.25583123585776
77.69,20.26726589524845
77.7,20.278733687458146
77.71,20.290234529594976
77.72,20.301768339328245
77.73,20.313335034885878
77.74,20.324934535051874
77.75,20.33656675916378
77.76,20.348231627110177
77.77,20.359929059328188
77.78,20.371658976800987
77.79,20.383421301055336
77.8,20.39521595415914
77.81,20.407042858719016
77.82,20.418901937877855
77.83,20.430793115312433
77.84,20.442716315231017
77.85,20.454671462370992
77.86,20.4666584819965
77.87,20.4786772998961
77.88,20.490727842380423
77.89,20.502810036279886
77.9,20.514923808942363
77.91,20.527069088230913
77.92,20.53924580252151
77.93,20.551453880700784
77.94,20.563693252163773
77.95,20.575963846811707
77.96,20.58826559504978
77.97,20.600598427784963
77.98,20.612962276423815
77.99,20.625357072870305
78.0,20.637782749523662
78.01,20.65023923927623
78.02,20.662726475511338
78.03,20.675244392101174
78.04,20.6877929234047
78.05,20.700372004265553
78.06,20.712981570009962
78.07,20.725621556444707
78.08,20.73829189985505
78.09,20.750992537002706
78.1,20.763723405123823
78.11,20.77648444192698
78.12,20.789275585591174
78.13,20.802096774763854
78.14,20.814947948558938
78.15,20.827829046554864
78.16,20.840740008792647
78.17,20.853680775773938
78.18,20.866651288459117
78.19,20.879651488265377
78.2,20.89268131706484
78.21,20.90574071718267
78.22,20.918829631395205
78.23,20.931948002928102
78.24,20.945095775454497
78.25,20.958272893093167
78.26,20.97147930040671
78.27,20.984714942399748
78.28,20.997979764517122
78.29,21.011273712642115
78.3,21.024596733094675
78.31,21.03794877262966
78.32,21.0513297784351
78.33,21.06473969813044
78.34,21.07817847976483
78.35,21.091646071815415
78.36,21.105142423185633
78.37,21.118667483203517
78.38,21.132221201620027
78.39,21.145803528607384
78.4,21.159414414757414
78.41,21.1730538110799
78.42,21.186721669000956
78.43,21.200417940361405
78.44,21.214142577415167
78.45,21.227895532827667
78.46,21.241676759674238
78.47,21.25548621143855
78.48,21.26932384201105
78.49,21.283189605687397
78.5,21.297083457166927
78.51,21.311005351551113
78.52,21.32495524434205
78.53,21.338933091440936
78.54,21.352938849146582
78.55,21.36697247415391
78.56,21.381033923552486
78.57,21.395123154825033
78.58,21.409240125845994
78.59,21.423384794880064
78.6,21.437557120580767
78.61,21.45175706198902
78.62,21.465984578531724
78.63,21.480239630020343
78.64,21.494522176649514
78.65,21.508832178995668
78.66,21.523169598015645
78.67,21.537534395045327
78.68,21.55192653179828
78.69,21.566345970364413
78.7,21.580792673208634
78.71,21.595266603169534
78.72,21.609767723458056
78.73,21.624295997656194
78.74,21.638851389715693
78.75,21.653433863956764
78.76,21.668043385066802
78.77,21.68267991809912
78.78,21.69734342847168
78.79,21.71203388196586
78.8,21.726751244725193
78.81,21.741495483254155
78.82,21.75626656441693
78.83,21.771064455436196
78.84,21.785889123891934
78.85,21.80074053772022
78.86,21.81561866521205
78.87,21.830523475012157
78.88,21.84545493611785
78.89,21.860413017877853
78.9,21.875397689991157
78.91,21.89040892250588
78.92,21.905446685818134
78.93,21.920510950670906
78.94,21.935601688152943
78.95,21.95071886969765
78.96,21.965862467081994
78.97,21.98103245242542
78.98,21.996228798188763
78.99,22.01145147717319
79.0,22.026700462519127
79.01,22.041975727705225
79.02,22.0572772465473
79.03,22.07260499319731
79.04,22.08795894214231
79.05,22.103339068203464
79.06,22.118745346535
79.07,22.13417775262324
79.08,22.14963626228559
79.09,22.165120851669556
79.1,22.180631497251774
79.11,22.196168175837037
79.12,22.211730864557342
79.13,22.227319540870926
79.14,22.242934182561335
79.15,22.258574767736487
79.16,22.274241274827734
79.17,22.289933682588952
79.18,22.30565197009563
79.19,22.32139611674397
79.2,22.337166102249977
79.21,22.352961906648588
79.22,22.36878351029278
79.23,22.384630893852705
79.24,22.400504038314835
79.25,22.416402924981085
79.26,22.432327535467984
79.27,22.44827785170582
79.28,22.464253855937823
79.29,22.480255530719322
79.3,22.496282858916945
79.31,22.512335823707797
79.32,22.528414408578662
79.33,22.544518597325208
79.34,22.560648374051205
79.35,22.576803723167732
79.36,22.592984629392422
79.37,22.60919107774869
79.38,22.625423053564965
79.39,22.641680542473964
79.4,22.657963530411923
79.41,22.674272003617883
79.42,22.690605948632953
79.43,22.706965352299587
79.44,22.72335020176088
79.45,22.739760484459854
79.46,22.756196188138766
79.47,22.772657300838407
79.48,22.789143810897425
79.49,22.805655706951647
79.5,22.822192977933412
79.51,22.838755613070898
79.52,22.85534360188748
79.53,22.871956934201066
79.54,22.888595600123466
79.55,22.905259590059757
79.56,22.92194889470765
79.57,22.938663505056873
79.58,22.955403412388556
79.59,22.97216860827462
79.6,22.988959084577186
79.61,23.005774833447973
79.62,23.022615847327717
79.63,23.03948211894559
79.64,23.056373641318626
79.65,23.073290407751156
79.66,23.09023241183425
79.67,23.107199647445167
79.68,23.1241921087468
79.69,23.141209790187144
79.7,23.158252686498766
79.71,23.175320792698272
79.72,23.192414104085795
79.73,23.20953261624448
79.74,23.226676325039975
79.75,23.243845226619936
79.76,23.261039317413534
79.77,23.278258594130968
79.78,23.295503053762985
79.79,23.312772693580406
79.8,23.330067511133667
79.81,23.347387504252346
79.82,23.364732671044724
79.83,23.382103009897325
79.84,23.39949851947448
79.85,23.4169191987179
79.86,23.43436504684623
79.87,23.451836063354655
79.88,23.469332248014457
79.89,23.48685360087262
79.9,23.504400122251432
79.91,23.52197181274808
79.92,23.53956867323426
79.93,23.5571907048558
79.94,23.574837909032276
79.95,23.592510287456648
79.96,23.610207842094887
79.97,23.627930575185623
79.98,23.645678489239792
79.99,23.66345158704029
80.0,23.681249871641626
80.01,23.699073346369598
80.02,23.71692201482096
80.03,23.7347958808631
80.04,23.75269494863373
80.05,23.770619222540574
80.06,23.788568707261057
80.07,23.806543407742023
80.08,23.824543329199432
80.09,23.842568477118082
80.1,23.86061885725133
80.11,23.878694475620804
80.12,23.89679533851617
80.13,23.914921452494838
80.14,23.933072824381718
80.15,23.951249461268983
80.16,23.96945137051581
80.17,23.98767855974815
80.18,24.005931036858502
80.19,24.024208810005682
80.2,24.042511887614605
80.21,24.060840278376077
80.22,24.07919399124658
80.23,24.097573035448082
80.24,24.11597742046783
80.25,24.134407156058167
80.26,24.152862252236353
80.27,24.17134271928438
80.28,24.1898485677488
80.29,24.208379808440576
80.3,24.226936452434895
80.31,24.24551851107104
80.32,24.264125995952224
80.33,24.282758918945458
80.34,24.30141729218141
80.35,24.32010112805428
80.36,24.338810439221668
80.37,24.35754523860446
80.38,24.376305539386713
80.39,24.395091355015555
80.4,24.413902699201074
80.41,24.43273958591622
80.42,24.45160202939673
80.43,24.470490044141037
80.44,24.48940364491018
80.45,24.50834284672775
80.46,24.527307664879814
80.47,24.546298114914855
80.48,24.565314212643717
80.49,24.58435597413956
80.5,24.603423415737808
80.51,24.62251655403612
80.52,24.641635405894352
80.53,24.66077998843453
80.54,24.679950319040838
80.55,24.699146415359593
80.56,24.718368295299243
80.57,24.737615977030355
80.58,24.756889478985634
80.59,24.77618881985991
80.6,24.795514018610174
80.61,24.81486509445557
80.62,24.83424206687745
80.63,24.853644955619387
80.64,24.873073780687214
80.65,24.89252856234907
80.66,24.91200932113545
80.67,24.931516077839248
80.68,24.951048853515836
80.69,24.970607669483105
80.7,24.99019254732156
80.71,25.009803508874377
80.72,25.0294405762475
80.73,25.04910377180972
80.74,25.068793118192776
80.75,25.088508638291447
80.76,25.108250355263667
80.77,25.128018292530623
80.78,25.147812473776888
80.79,25.167632922950528
80.8,25.187479664263243
80.81,25.207352722190492
80.82,25.227252121471636
80.83,25.247177887110087
80.84,25.267130044373456
80.85,25.287108618793706
80.86,25.307113636167323
80.87,25.32714512255548
80.88,25.34720310428421
80.89,25.367287607944586
80.9,25.387398660392915
80.91,25.407536288750915
80.92,25.427700520405928
80.93,25.447891383011108
80.94,25.468108904485643
80.95,25.488353113014963
80.96,25.508624037050957
80.97,25.528921705312207
80.98,25.549246146784217
80.99,25.56959739071965
81.0,25.589975466638567
81.01,25.610380404328687
81.02,25.630812233845635
81.03,25.651270985513204
81.04,25.671756689923622
81.05,25.69226937793783
81.06,25.712809080685748
81.07,25.733375829566572
81.08,25.75396965624906
81.09,25.77459059267182
81.1,25.795238671043634
81.11,25.81591392384374
81.12,25.836616383822165
81.13,25.857346084000028
81.14,25.878103057669886
81.15,25.898887338396047
81.16,25.91969896001492
81.17,25.940537956635346
81.18,25.961404362638962
81.19,25.982298212680547
81.2,26.003219541688384
81.21,26.02416838486463
81.22,26.045144777685685
81.23,26.06614875590258
81.24,26.087180355541353
81.25,26.108239612903443
81.26,26.129326564566085
81.27,26.150441247382727
81.28,26.171583698483417
81.29,26.192753955275236
81.3,26.213952055442714
81.31,26.235178036948255
81.32,26.256431938032577
81.33,26.277713797215146
81.34,26.29902365329462
81.35,26.320361545349307
81.36,26.34172751273763
81.37,26.363121595098573
81.38,26.38454383235216
81.39,26.405994264699945
81.4,26.42747293262547
81.41,26.44897987689478
81.42,26.47051513855689
81.43,26.49207875894432
81.44,26.513670779673575
81.45,26.53529124264567
81.46,26.556940190046657
81.47,26.57861766434814
81.48,26.60032370830782
81.49,26.62205836497002
81.5,26.643821677666242
81.51,26.66561369001572
81.52,26.687434445925977
81.53,26.70928398959338
81.54,26.731162365503728
81.55,26.753069618432818
81.56,26.775005793447036
81.57,26.796970935903943
81.58,26.818965091452874
81.59,26.84098830603555
81.6,26.86304062588667
81.61,26.88512209753455
81.62,26.907232767801734
81.63,26.929372683805624
81.64,26.951541892959124
81.65,26.973740442971273
81.66,26.995968381847906
81.67,27.018225757892303
81.68,27.04051261970586
81.69,27.062829016188754
81.7,27.085174996540616
81.71,27.107550610261224
81.72,27.129955907151192
81.73,27.152390937312664
81.74,27.174855751150012
81.75,27.197350399370567
81.76,27.219874932985313
81.77,27.242429403309632
81.78,27.26501386196402
81.79,27.28762836087484
81.8,27.310272952275056
81.81,27.33294768870499
81.82,27.355652623013086
81.83,27.378387808356667
81.84,27.401153298202722
81.85,27.423949146328674
81.86,27.44677540682318
81.87,27.46963213408691
81.88,27.492519382833375
81.89,27.515437208089708
81.9,27.5383856651975
81.91,27.561364809813615
81.92,27.58437469791103
81.93,27.607415385779664
81.94,27.630486930027228
81.95,27.653589387580084
81.96,27.676722815684094
81.97,27.6998872719055
81.98,27.72308281413179
81.99,27.74630950057259
82.0,27.76956738976055
82.01,27.79285654055224
82.02,27.81617701212906
82.03,27.839528863998154
82.04,27.862912155993325
82.05,27.886326948275972
82.06,27.909773301336017
82.07,27.933251275992856
82.08,27.95676093339631
82.09,27.980302335027584
82.1,28.003875542700236
82.11,28.027480618561142
82.12,28.0511176250915
82.13,28.0747866251078
82.14,28.098487681762837
82.15,28.122220858546708
82.16,28.14598621928784
82.17,28.169783828153996
82.18,28.193613749653327
82.19,28.217476048635394
82.2,28.241370790292226
82.21,28.265298040159365
82.22,28.289257864116944
82.23,28.31325032839075
82.24,28.337275499553307
82.25,28.361333444524966
82.26,28.385424230575
82.27,28.409547925322716
82.28,28.433704596738558
82.29,28.457894313145243
82.3,28.482117143218883
82.31,28.50637315599013
82.32,28.530662420845324
82.33,28.554985007527645
82.34,28.579340986138284
82.35,28.603730427137624
82.36,28.628153401346406
82.37,28.65260997994694
82.38,28.6771002344843
82.39,28.70162423686752
82.4,28.72618205937084
82.41,28.75077377463491
82.42,28.775399455668047
82.43,28.800059175847462
82.44,28.824753008920528
82.45,28.849481029006046
82.46,28.87424331059551
82.47,28.899039928554398
82.48,28.92387095812346
82.49,28.948736474920015
82.5,28.973636554939283
82.51,28.99857127455568
82.52,29.023540710524166
82.53,29.048544939981575
82.54,29.07358404044797
82.55,29.098658089827996
82.56,29.12376716641226
82.57,29.148911348878702
82.58,29.17409071629398
82.59,29.19930534811487
82.6,29.224555324189687
82.61,29.24984072475969
82.62,29.27516163046051
82.63,29.30051812232359
82.64,29.325910281777645
82.65,29.351338190650097
82.66,29.37680193116857
82.67,29.402301585962345
82.68,29.427837238063873
82.69,29.453408970910253
82.7,29.47901686834476
82.71,29.504661014618357
82.72,29.530341494391223
82.73,29.556058392734304
82.74,29.58181179513086
82.75,29.607601787478032
82.76,29.63342845608841
82.77,29.659291887691626
82.78,29.68519216943595
82.79,29.711129388889887
82.8,29.7371036340438
82.81,29.763114993311554
82.82,29.78916355553213
82.83,29.815249409971294
82.84,29.841372646323258
82.85,29.867533354712354
82.86,29.89373162569471
82.87,29.919967550259962
82.88,29.946241219832956
82.89,29.972552726275463
82.9,29.99890216188792
82.91,30.02528961941117
82.92,30.051715192028215
82.93,30.078178973365993
82.94,30.104681057497142
82.95,30.131221538941805
82.96,30.157800512669425
82.97,30.18441807410057
82.98,30.21107431910875
82.99,30.237769344022265
83.0,30.264503245626056
83.01,30.29127612116357
83.02,30.318088068338632
83.03,30.344939185317347
83.04,30.371829570729993
83.05,30.398759323672937
83.06,30.425728543710573
83.07,30.452737330877248
83.08,30.479785785679233
83.09,30.50687400909668
83.1,30.534002102585603
83.11,30.561170168079876
83.12,30.58837830799324
83.13,30.61562662522131
83.14,30.642915223143635
83.15,30.670244205625725
83.16,30.697613677021113
83.17,30.72502374217344
83.18,30.752474506418537
83.19,30.779966075586522
83.2,30.80749855600393
83.21,30.835072054495836
83.22,30.86268667838799
83.23,30.890342535509
83.24,30.918039734192476
83.25,30.94577838327924
83.26,30.973558592119517
83.27,31.001380470575153
83.28,31.029244129021848
83.29,31.0571496783514
83.3,31.085097229973968
83.31,31.11308689582034
83.32,31.141118788344244
83.33,31.16919302052462
83.34,31.197309705867976
83.35,31.2254689584107
83.36,31.253670892721427
83.37,31.281915623903394
83.38,31.310203267596833
83.39,31.338533939981364
83.4,31.366907757778407
83.41,31.39532483825362
83.42,31.42378529921934
83.43,31.452289259037045
83.44,31.480836836619833
83.45,31.50942815143492
83.46,31.53806332350615
83.47,31.56674247341652
83.48,31.59546572231073
83.49,31.624233191897737
83.5,31.653045004453336
83.51,31.68190128282276
83.52,31.710802150423287
83.53,31.73974773124687
83.54,31.768738149862777
83.55,31.797773531420276
83.56,31.826854001651295
83.57,31.85597968687313
83.58,31.885150713991163
83.59,31.914367210501588
83.6,31.943629304494177
83.61,31.972937124655044
83.62,32.002290800269435
83.63,32.03169046122453
83.64,32.061136238012274
83.65,32.090628261732235
83.66,32.12016666409444
83.67,32.14975157742228
83.68,32.179383134655396
83.69,32.20906146935261
83.7,32.238786715694864
83.71,32.26855900848816
83.72,32.29837848316657
83.73,32.32824527579521
83.74,32.35815952307326
83.75,32.38812136233702
83.76,32.41813093156294
83.77,32.448188369370726
83.78,32.478293815026404
83.79,32.50844740844548
83.8,32.53864929019604
83.81,32.56889960150195
83.82,32.599198484245974
83.83,32.62954608097306
83.84,32.65994253489349
83.85,32.69038798988616
83.86,32.720882590501844
83.87,32.751426481966455
83.88,32.782019810184394
83.89,32.81266272174185
83.9,32.84335536391017
83.91,32.87409788464921
83.92,32.90489043261076
83.93,32.93573315714196
83.94,32.966626208288716
83.95,32.9975697367992
83.96,33.02856389412731
83.97,33.0596088324362
83.98,33.0907047046018
83.99,33.121851664216386
84.0,33.15304986559216
84.01,33.18429946376484
84.02,33.21560061449731
84.03,33.24695347428327
84.04,33.2783582003509
84.05,33.30981495066656
84.06,33.34132388393856
84.07,33.372885159620836
84.08,33.4044989379168
84.09,33.4361653797831
84.1,33.467884646933456
84.11,33.49965690184251
84.12,33.531482307749734
84.13,33.56336102866327
84.14,33.595293229363925
84.15,33.62727907540909
84.16,33.65931873313674
84.17,33.69141236966944
84.18,33.723560152918374
84.19,33.755762251587406
84.2,33.78801883517718
84.21,33.82033007398926
84.22,33.85269613913022
84.23,33.88511720251584
84.24,33.917593436875364
84.25,33.95012501575564
84.26,33.98271211352543
84.27,34.015354905379695
84.28,34.048053567343885
84.29,34.08080827627832
84.3,34.11361920988252
84.31,34.146486546699656
84.32,34.17941046612094
84.33,34.21239114839012
84.34,34.245428774607944
84.35,34.27852352673672
84.36,34.31167558760483
84.37,34.34488514091134
84.38,34.3781523712306
84.39,34.41147746401692
84.4,34.44486060560921
84.41,34.47830198323571
84.42,34.51180178501873
84.43,34.54536019997944
84.44,34.57897741804264
84.45,34.61265363004163
84.46,34.64638902772306
84.47,34.680183803751866
84.48,34.71403815171618
84.49,34.747952266132316
84.5,34.781926342449765
84.51,34.815960577056245
84.52,34.85005516728279
84.53,34.88421031140882
84.54,34.91842620866733
84.55,34.95270305925002
84.56,34.98704106431257
84.57,35.02144042597985
84.58,35.0559013473512
84.59,35.0904240325058
84.6,35.12500868650797
84.61,35.1596555154126
84.62,35.1943647262706
84.63,35.22913652713432
84.64,35.263971127063115
84.65,35.298868736128846
84.66,35.333829565421496
84.67,35.36885382705478
84.68,35.403941734171795
84.69,35.439093500950754
84.7,35.4743093426107
84.71,35.50958947541729
84.72,35.54493411668862
84.73,35.5803434848011
84.74,35.615817799195305
84.75,35.651357280381994
84.76,35.68696214994804
84.77,35.72263263056245
84.78,35.758368945982475
84.79,35.794171321059686
84.8,35.83003998174614
84.81,35.86597515510056
84.82,35.90197706929459
84.83,35.93804595361908
84.84,35.9741820384904
84.85,36.01038555545679
84.86,36.04665673720484
84.87,36.08299581756587
84.88,36.119403031522495
84.89,36.15587861521514
84.9,36.19242280594865
84.91,36.229035842198954
84.92,36.26571796361971
84.93,36.302469411049074
84.94,36.33929042651648
84.95,36.37618125324946
84.96,36.41314213568056
84.97,36.4501733194542
84.98,36.487275051433734
84.99,36.52444757970842
85.0,36.56169115360052
85.01,36.59900602367242
85.02,36.63639244173383
85.03,36.67385066084898
85.04,36.711380935343904
85.05,36.748983520813816
85.06,36.78665867413044
85.07,36.824406653449486
85.08,36.862227718218115
85.09,36.9001221291825
85.1,36.93809014839542
85.11,36.9761320392239
85.12,37.014248066356934
85.13,37.05243849581325
85.14,37.090703594949105
85.15,37.129043632466185
85.16,37.16745887841952
85.17,37.20594960422547
85.18,37.24451608266978
85.19,37.2831585879157
85.2,37.321877395512104
85.21,37.360672782401736
85.22,37.39954502692949
85.23,37.438494408850744
85.24,37.477521209339784
85.25,37.51662571099822
85.26,37.55580819786355
85.27,37.59506895541772
85.28,37.63440827059579
85.29,37.67382643179462
85.3,37.713323728881676
85.31,37.75290045320382
85.32,37.79255689759627
85.33,37.83229335639152
85.34,37.87211012542838
85.35,37.9120075020611
85.36,37.95198578516852
85.37,37.99204527516328
85.38,38.032186274001155
85.39,38.072409085190415
85.4,38.11271401380124
85.41,38.153101366475234
85.42,38.193571451435034
85.43,38.23412457849391
85.44,38.274761059065526
85.45,38.315481206173686
85.46,38.356285334462235
85.47,38.39717376020498
85.48,38.43814680131569
85.49,38.479204777358184
85.5,38.52034800955651
85.51,38.56157682080514
85.52,38.602891535679326
85.53,38.644292480445436
85.54,38.68577998307146
85.55,38.72735437323753
85.56,38.769015982346545
85.57,38.81076514353487
85.58,38.852602191683125
85.59,38.89452746342703
85.6,38.936541297168375
85.61,38.978644033086006
85.62,39.020836013146955
85.63,39.06311758111764
85.64,39.10548908257512
85.65,39.147950864918464
85.66,39.190503277380195
85.67,39.23314667103783
85.68,39.27588139882549
85.69,39.31870781554561
85.7,39.361626277880724
85.71,39.404637144405385
85.72,39.4477407755981
85.73,39.49093753385341
85.74,39.534227783494075
85.75,39.57761189078328
85.76,39.62109022393702
85.77,39.664663153136495
85.78,39.7083310505407
85.79,39.752094290299006
85.8,39.79595324856391
85.81,39.839908303503854
85.82,39.88395983531614
85.83,39.928108226239964
85.84,39.97235386056952
85.85,40.01669712466724
85.86,40.061138406977115
85.87,40.10567809803811
85.88,40.15031659049771
85.89,40.195054279125536
85.9,40.23989156082711
85.91,40.28482883465769
85.92,40.329866501836214
85.93,40.37500496575938
85.94,40.42024463201581
85.95,40.46558590840032
85.96,40.51102920492835
85.97,40.55657493385043
85.98,40.602223509666814
85.99,40.64797534914222
86.0,40.69383087132068
86.01,40.73979049754047
86.02,40.78585465144924
86.03,40.8320237590192
86.04,40.87829824856241
86.05,40.92467855074624
86.06,40.971165098608964
86.07,41.01775832757538
86.08,41.064458675472665
86.09,41.11126658254629
86.1,41.1581824914761
86.11,41.20520684739245
86.12,41.252340097892585
86.13,41.299582693057026
86.14,41.34693508546617
86.15,41.39439773021701
86.16,41.441971084939944
86.17,41.48965560981576
86.18,41.537451767592756
86.19,41.58536002360396
86.2,41.633380845784544
86.21,41.68151470468931
86.22,41.72976207351039
86.23,41.77812342809503
86.24,41.826599246963525
86.25,41.875190011327334
86.26,41.92389620510731
86.27,41.972718314952076
86.28,42.02165683025656
86.29,42.070712243180694
86.3,42.119885048668216
86.31,42.16917574446568
86.32,42.21858483114159
86.33,42.268112812105684
86.34,42.3177601936284
86.35,42.367527484860474
86.36,42.41741519785272
86.37,42.46742384757595
86.38,42.517553951941075
86.39,42.56780603181936
86.4,42.61818061106284
86.41,42.66867821652492
86.42,42.719299378081125
86.43,42.77004462865005
86.44,42.82091450421442
86.45,42.87190954384241
86.46,42.92303028970907
86.47,42.97427728711795
86.48,43.02565108452292
86.49,43.07715223355015
86.5,43.128781289020274
86.51,43.180538808970745
86.52,43.23242535467836
86.53,43.28444149068201
86.54,43.33658778480557
86.55,43.38886480818101
86.56,43.44127313527169
86.57,43.49381334389585
86.58,43.5464860152503
86.59,43.59929173393431
86.6,43.65223108797367
86.61,43.705304668845
86.62,43.75851307150025
86.63,43.81185689439137
86.64,43.86533673949521
86.65,43.91895321233868
86.66,43.97270692202402
86.67,44.02659848125436
86.68,44.08062850635951
86.69,44.13479761732187
86.7,44.18910643780268
86.71,44.24355559516839
86.72,44.29814572051734
86.73,44.3528774487066
86.74,44.40775141837908
86.75,44.46276827199083
86.76,44.51792865583865
86.77,44.573233220087836
86.78,44.62868261880023
86.79,44.68427750996249
86.8,44.74001855551464
86.81,44.79590642137876
86.82,44.851941777488065
86.83,44.90812529781612
86.84,44.96445766040636
86.85,45.02093954740186
86.86,45.07757164507534
86.87,45.13435464385947
86.88,45.191289238377394
86.89,45.24837612747355
86.9,45.305616014244734
86.91,45.36300960607146
86.92,45.42055761464956
86.93,45.4782607560221
86.94,45.53611975061153
86.95,45.59413532325217
86.96,45.652308203222894
86.97,45.71063912428021
86.98,45.76912882469155
86.99,45.82777804726885
87.0,45.88658753940251
87.01,45.945558053095546
87.02,46.0046903449981
87.03,46.06398517644227
87.04,46.12344331347719
87.05,46.183065526904464
87.06,46.24285259231393
87.07,46.30280529011967
87.08,46.362924405596424
87.09,46.42321072891626
87.1,46.48366505518562
87.11,46.544288184482646
87.12,46.60508092189491
87.13,46.666044077557395
87.14,46.72717846669089
87.15,46.78848490964068
87.16,46.849964231915614
87.17,46.9116172642275
87.18,46.97344484253089
87.19,47.03544780806316
87.2,47.09762700738502
87.21,47.15998329242135
87.22,47.222517520502414
87.23,47.28523055440545
87.24,47.34812326239664
87.25,47.411196518273435
87.26,47.47445120140731
87.27,47.537888196786874
87.28,47.601508395061366
87.29,47.665312692584585
87.3,47.729301991459195
87.31,47.79347719958142
87.32,47.85783923068619
87.33,47.92238900439267
87.34,47.98712744625022
87.35,48.052055487784756
87.36,48.117174066545566
87.37,48.18248412615255
87.38,48.247986616343894
87.39,48.31368249302415
87.4,48.379572718312836
87.41,48.44565826059341
87.42,48.51194009456275
87.43,48.578419201281065
87.44,48.64509656822228
87.45,48.71197318932489
87.46,48.77905006504328
87.47,48.846328202399555
87.48,48.913808615035805
87.49,48.98149232326689
87.5,49.04938035413374
87.51,49.11747374145708
87.52,49.185773525891776
87.53,49.25428075498156
87.54,49.322996483214375
87.55,49.3919217720782
87.56,49.4610576901174
87.57,49.530405312989615
87.58,49.59996572352319
87.59,49.669740011775154
87.6,49.73972927508972
87.61,49.809934618157406
87.62,49.880357153074634
87.63,49.95099799940396
87.64,50.02185828423487
87.65,50.09293914224512
87.66,50.164241715762735
87.67,50.2357671548285
87.68,50.30751661725916
87.69,50.379491268711135
87.7,50.45169228274492
87.71,50.524120840890056
87.72,50.59677813271076
87.73,50.66966535587216
87.74,50.74278371620721
87.75,50.81613442778419
87.76,50.88971871297496
87.77,50.96353780252377
87.78,51.03759293561679
87.79,51.11188535995235
87.8,51.186416331811806
87.81,51.26118711613111
87.82,51.33619898657313
87.83,51.4114532256006
87.84,51.48695112454986
87.85,51.562693983705266
87.86,51.638683112374366
87.87,51.71491982896379
87.88,51.7914054610559
87.89,51.868141345486244
87.9,51.94512882842165
87.91,52.02236926543925
87.92,52.099864021606166
87.93,52.17761447156005
87.94,52.2556219995904
87.95,52.333887999720716
87.96,52.412413875791415
87.97,52.49120104154365
87.98,52.5702509207039
87.99,52.64956494706945
88.0,52.72914456459472
88.01,52.80899122747843
88.02,52.8891064002517
88.03,52.969491557866974
88.04,53.0501481857879
88.05,53.13107778008004
88.06,53.21228184750261
88.07,53.29376190560102
88.08,53.37551948280046
88.09,53.45755611850038
88.1,53.53987336316991
88.11,53.62247277844435
88.12,53.70535593722251
88.13,53.78852442376516
88.14,53.87197983379443
88.15,53.9557237745942
88.16,54.0397578651116
88.17,54.12408373605951
88.18,54.20870303002006
88.19,54.293617401549305
88.2,54.378828517282884
88.21,54.46433805604282
88.22,54.55014770894543
88.23,54.63625917951032
88.24,54.7226741837705
88.25,54.80939445038372
88.26,54.896421720744875
88.27,54.983757749099624
88.28,55.0714043026592
88.29,55.15936316171637
88.3,55.24763611976271
88.31,55.336224983606975
88.32,55.42513157349481
88.33,55.51435772322969
88.34,55.60390528029514
88.35,55.693776105978166
88.36,55.78397207549415
88.37,55.874495078112886
88.38,55.96534701728609
88.39,56.05652981077616
88.4,56.148045390786365
88.41,56.2398957040924
88.42,56.332082712175314
88.43,56.42460839135592
88.44,56.51747473293056
88.45,56.610683743308364
88.46,56.70423744415
88.47,56.79813787250785
88.48,56.892387080967744
88.49,56.986987137792184
88.5,57.081940127065145
88.51,57.177248148838395
88.52,57.272913319279425
88.53,57.36893777082097
88.54,57.465323652312144
88.55,57.562073129171225
88.56,57.65918838354007
88.57,57.756671614440265
88.58,57.85452503793092
88.59,57.9527508872682
88.6,58.05135141306664
88.61,58.150328883462144
88.62,58.24968558427686
88.63,58.34942381918579
88.64,58.44954590988526
88.65,58.550054196263275
88.66,58.65095103657169
88.67,58.75223880760033
88.68,58.853919904853
88.69,58.95599674272548
88.7,59.058471754685456
88.71,59.16134739345448
88.72,59.26462613119191
88.73,59.36831045968098
88.74,59.472402890516825
88.75,59.57690595529673
88.76,59.68182220581242
88.77,59.787154214244545
88.78,59.89290457335931
88.79,59.999075896707375
88.8,60.10567081882493
88.81,60.21269199543709
88.82,60.32014210366353
88.83,60.42802384222647
88.84,60.536339931661054
88.85,60.64509311452803
88.86,60.75428615562893
88.87,60.863921842223625
88.88,60.97400298425041
88.89,61.08453241454857
88.9,61.19551298908349
88.91,61.30694758717436
88.92,61.41883911172448
88.93,61.531190489454175
88.94,61.64400467113643
88.95,61.75728463183521
88.96,61.871033371146574
88.97,61.98525391344246
88.98,62.09994930811745
88.99,62.215122629838234
89.0,62.33077697879606
89.01,62.44691548096211
89.02,62.56354128834582
89.03,62.68065757925619
89.04,62.79826755856621
89.05,62.916374457980304
89.06,63.03498153630494
89.07,63.15409207972243
89.08,63.27370940206789
89.09,63.39383684510948
89.1,63.514477778831996
89.11,63.63563560172369
89.12,63.75731374106659
89.13,63.87951565323019
89.14,64.00224482396867
89.15,64.12550476872153
89.16,64.24929903291795
89.17,64.37363119228466
89.18,64.49850485315754
89.19,64.62392365279689
89.2,64.74989125970649
89.21,64.87641137395649
89.22,65.00348772751018
89.23,65.13112408455464
89.24,65.25932424183543
89.25,65.38809202899523
89.26,65.51743130891667
89.27,65.6473459780692
89.28,65.7778399668602
89.29,65.9089172399904
89.3,66.04058179681353
89.31,66.17283767170035
89.32,66.3056889344072
89.33,66.43913969044893
89.34,66.57319408147646
89.35,66.70785628565898
89.36,66.8431305180707
89.37,66.97902103108251
89.38,67.11553211475838
89.39,67.2526680972566
89.4,67.39043334523605
89.41,67.5288322642674
89.42,67.66786929924947
89.43,67.80754893483075
89.44,67.94787569583605
89.45,68.08885414769854
89.46,68.23048889689719
89.47,68.37278459139954
89.48,68.51574592111014
89.49,68.65937761832451
89.5,68.8036844581888
89.51,68.94867125916521
89.52,69.0943428835033
89.53,69.24070423771717
89.54,69.38776027306868
89.55,69.53551598605678
89.56,69.68397641891302
89.57,69.83314666010332
89.58,69.98303184483609
89.59,70.13363715557685
89.6,70.28496782256934
89.61,70.43702912436333
89.62,70.58982638834911
89.63,70.74336499129882
89.64,70.89765035991473
89.65,71.05268797138459
89.66,71.20848335394396
89.67,71.36504208744596
89.68,71.5223698039382
89.69,71.6804721882473
89.7,71.83935497857077
89.71,71.9990239670768
89.72,72.15948500051157
89.73,72.32074398081464
89.74,72.48280686574222
89.75,72.6456796694986
89.76,72.80936846337583
89.77,72.97387937640174
89.78,73.1392185959964
89.79,73.30539236863727
89.8,73.47240700053302
89.81,73.64026885830619
89.82,73.80898436968488
89.83,73.97856002420356
89.84,74.14900237391309
89.85,74.32031803410023
89.86,74.49251368401652
89.87,74.66559606761702
89.88,74.83957199430871
89.89,75.01444833970899
89.9,75.19023204641414
89.91,75.36693012477818
89.92,75.54454965370208
89.93,75.72309778143354
89.94,75.9025817263775
89.95,76.0830087779176
89.96,76.26438629724859
89.97,76.44672171822006
89.98,76.6300225481915
89.99,76.81429636889895
90.0,76.99955083733335
90.01,77.18579368663084
90.02,77.37303272697523
90.03,77.5612758465125
90.04,77.75053101227809
90.05,77.94080627113658
90.06,78.13210975073437
90.07,78.32444966046532
90.08,78.5178342924497
90.09,78.71227202252655
90.1,78.90777131125964
90.11,79.10434070495741
90.12,79.30198883670687
90.13,79.50072442742184
90.14,79.70055628690572
90.15,79.90149331492893
90.16,80.10354450232136
90.17,80.30671893208
90.18,80.51102578049203
90.19,80.71647431827346
90.2,80.92307391172382
90.21,81.13083402389694
90.22,81.33976421578814
90.23,81.54987414753808
90.24,81.76117357965353
90.25,81.97367237424538
90.26,82.187380496284
90.27,82.40230801487247
90.28,82.61846510453766
90.29,82.83586204653975
90.3,83.05450923020021
90.31,83.27441715424875
90.32,83.49559642818936
90.33,83.71805777368583
90.34,83.9418120259671
90.35,84.16687013525262
90.36,84.39324316819825
90.37,84.62094230936272
90.38,84.84997886269528
90.39,85.0803642530447
90.4,85.31211002769003
90.41,85.54522785789337
90.42,85.77972954047522
90.43,86.01562699941245
90.44,86.25293228745957
90.45,86.49165758779345
90.46,86.73181521568199
90.47,86.97341762017702
90.48,87.21647738583195
90.49,87.4610072344445
90.5,87.7070200268248
90.51,87.95452876458954
90.52,88.2035465919823
90.53,88.45408679772072
90.54,88.7061628168707
90.55,88.9597882327484
90.56,89.21497677885009
90.57,89.47174234081066
90.58,89.73009895839108
90.59,89.99006082749521
90.6,90.25164230221665
90.61,90.51485789691594
90.62,90.77972228832868
90.63,91.0462503177051
90.64,91.31445699298149
90.65,91.58435749098413
90.66,91.8559671596662
90.67,92.12930152037818
90.68,92.40437627017235
90.69,92.68120728414193
90.7,92.95981061779543
90.71,93.24020250946668
90.72,93.52239938276144
90.73,93.80641784904074
90.74,94.092274709942
90.75,94.37998695993826
90.76,94.66957178893624
90.77,94.9610465849139
90.78,95.25442893659819
90.79,95.54973663618347
90.8,95.84698768209152
90.81,96.14620028177372
90.82,96.44739285455594
90.83,96.75058403452726
90.84,97.05579267347277
90.85,97.36303784385149
90.86,97.6723388418202
90.87,97.98371519030367
90.88,98.29718664211227
90.89,98.61277318310776
90.9,98.930495035418
90.91,99.2503726607014
90.92,99.57242676346192
90.93,99.89667829441558
90.94,100.22314845390923
90.95,100.55185869539251
90.96,100.88283072894384
90.97,101.21608652485145
90.98,101.55164831725027
90.99,101.88953860781568
91.0,102.22978016951505
91.01,102.5723960504181
91.02,102.91740957756693
91.03,103.26484436090689
91.04,103.61472429727927
91.05,103.96707357447673
91.06,104.32191667536277
91.07,104.67927838205603
91.08,105.03918378018075
91.09,105.40165826318443
91.1,105.76672753672379
91.11,106.13441762312019
91.12,106.50475486588576
91.13,106.87776593432136
91.14,107.25347782818757
91.15,107.63191788245007
91.16,108.01311377210047
91.17,108.39709351705407
91.18,108.78388548712574
91.19,109.17351840708523
91.2,109.56602136179328
91.21,109.96142380141998
91.22,110.35975554674663
91.23,110.76104679455253
91.24,111.16532812308836
91.25,111.5726304976372
91.26,111.98298527616517
91.27,112.39642421506264
91.28,112.81297947497819
91.29,113.23268362674627
91.3,113.65556965741052
91.31,114.08167097634433
91.32,114.51102142147002
91.33,114.94365526557871
91.34,115.37960722275223
91.35,115.81891245488895
91.36,116.26160657833523
91.37,116.70772567062437
91.38,117.15730627732465
91.39,117.61038541899855
91.4,118.06700059827479
91.41,118.52718980703527
91.42,118.9909915337187
91.43,119.45844477074287
91.44,119.92958902204772
91.45,120.40446431076094
91.46,120.88311118698847
91.47,121.36557073573162
91.48,121.8518845849333
91.49,122.34209491365516
91.5,122.836244460388
91.51,123.33437653149768
91.52,123.8365350098086
91.53,124.34276436332719
91.54,124.85310965410764
91.55,125.36761654726219
91.56,125.88633132011836
91.57,126.40930087152564
91.58,126.93657273131384
91.59,127.46819506990582
91.6,128.0042167080869
91.61,128.5446871269337
91.62,129.0896564779048
91.63,129.63917559309598
91.64,130.19329599566245
91.65,130.75206991041108
91.66,131.31555027456508
91.67,131.88379074870406
91.68,132.45684572788204
91.69,133.03477035292644
91.7,133.61762052192077
91.71,134.20545290187397
91.72,134.79832494057925
91.73,135.3962948786655
91.74,135.9994217618441
91.75,136.6077654533543
91.76,137.22138664661003
91.77,137.84034687805152
91.78,138.46470854020447
91.79,139.09453489495016
91.8,139.72989008700972
91.81,140.37083915764552
91.82,141.0174480585831
91.83,141.66978366615686
91.84,142.32791379568272
91.85,142.99190721606118
91.86,143.66183366461405
91.87,144.33776386215814
91.88,145.01976952831947
91.89,145.70792339709115
91.9,146.40229923263865
91.91,147.10297184535557
91.92,147.81001710817364
91.93,148.52351197313024
91.94,149.243534488197
91.95,149.97016381437305
91.96,150.703480243046
91.97,151.44356521362482
91.98,152.19050133144756
91.99,152.94437238596765
92.0,153.70526336922222
92.01,154.47326049458601
92.02,155.2484512158142
92.03,156.03092424637782
92.04,156.82076957909499
92.05,157.61807850606166
92.06,158.42294363888502
92.07,159.235458929223
92.08,160.05571968963352
92.09,160.88382261473626
92.1,161.71986580269066
92.11,162.5639487769931
92.12,163.41617250859667
92.13,164.27663943835637
92.14,165.14545349980287
92.15,166.02272014224792
92.16,166.90854635422406
92.17,167.8030406872616
92.18,168.70631328000562
92.19,169.61847588267514
92.2,170.53964188186782
92.21,171.46992632571147
92.22,172.4094459493656
92.23,173.3583192008743
92.24,174.3166662673731
92.25,175.2846091016511
92.26,176.26227144907006
92.27,177.2497788748421
92.28,178.24725879166724
92.29,179.25484048773146
92.3,180.2726551550665
92.31,181.3008359182718
92.32,182.33951786359876
92.33,183.38883806839792
92.34,184.448935630928
92.35,185.51995170052717
92.36,186.60202950814502
92.37,187.69531439723457
92.38,188.79995385500237
92.39,189.9160975440153
92.4,191.04389733416122
92.41,192.1835073349614
92.42,193.33508392823103
92.43,194.49878580108452
92.44,195.67477397928167
92.45,196.86321186090962
92.46,198.06426525039606
92.47,199.27810239284767
92.48,200.50489400870748
92.49,201.74481332872455
92.5,202.9980361292281
92.51,204.2647407676982
92.52,205.54510821862377
92.53,206.8393221096383
92.54,208.147568757923
92.55,209.47003720686595
92.56,210.8069192629647
92.57,212.15840953296006
92.58,213.52470546118641
92.59,214.90600736712366
92.6,216.30251848313515
92.61,217.7144449923739
92.62,219.14199606683945
92.63,220.58538390556552
92.64,222.04482377291814
92.65,223.520534036982
92.66,225.0127362080124
92.67,226.52165497692727
92.68,228.04751825381413
92.69,229.59055720642385
92.7,231.1510062986222
92.71,232.7291033287684
92.72,234.3250894679884
92.73,235.93920929830847
92.74,237.57171085061302
92.75,239.2228456423889
92.76,240.89286871521617
92.77,242.58203867196312
92.78,244.29061771364198
92.79,246.0188716758785
92.8,247.76707006494703
92.81,249.53548609332023
92.82,251.3243967146798
92.83,253.13408265833257
92.84,254.96482846297306
92.85,256.81692250973146
92.86,258.6906570544429
92.87,260.58632825907114
92.88,262.5042362222163
92.89,264.44468500863417
92.9,266.40798267769014
92.91,268.39444131066927
92.92,270.4043770368582
92.93,272.43811005831367
92.94,274.4959646732272
92.95,276.5782692977922
92.96,278.685356486476
92.97,280.81756295059597
92.98,282.97522957509346
92.99,285.158701433397
93.0,287.3683278002607
93.01,289.6044621624595
93.02,291.86746222721996
93.03,294.1576899282584
93.04,296.47551142929603
93.05,298.8212971249144
93.06,301.19542163860996
93.07,303.5982638179024
93.08,306.0302067263458
93.09,308.4916376322864
93.1,310.9829479942067
93.11,313.50453344248865
93.12,316.0567937574255
93.13,318.640132843305
93.14,321.25495869838187
93.15,323.90168338055156
93.16,326.58072296853305
93.17,329.2924975183612
93.18,332.03743101498503
93.19,334.8159513187623
93.2,337.62849010663473
93.21,340.4754828077639
93.22,343.357368533401
93.23,346.274590000759
93.24,349.22759345065094
93.25,352.2168285586503
93.26,355.24274833952836
93.27,358.30580904471356
93.28,361.406470052517
93.29,364.545193750861
93.3,367.72244541224364
93.31,370.9386930606682
93.32,374.19440733026175
93.33,377.4900613153034
93.34,380.826130411379
93.35,384.2030921473753
93.36,387.6214260080255
93.37,391.081613246712
93.38,394.5841366882341
93.39,398.12948052124307
93.4,401.71813008004824
93.41,405.35057161549554
93.42,409.02729205462094
93.43,412.74877874878035
93.44,416.51551920995985
93.45,420.3280008349714
93.46,424.18671061724194
93.47,428.092134845906
93.48,432.04475879191875
93.49,436.0450663809084
93.5,440.0935398524946
93.51,444.1906594058067
93.52,448.3369028309426
93.53,452.5327451261188
93.54,456.77865810027225
93.55,461.0751099608865
93.56,465.42256488682665
93.57,469.8214825859818
93.58,474.27231783752967
93.59,478.77552001865376
93.6,483.3315326155626
93.61,487.94079271867935
93.62,492.6037305018923
93.63,497.32076868577843
93.64,502.09232198473796
93.65,506.91879653800254
93.66,511.80058932450845
93.67,516.7380875616554
93.68,521.731668088003
93.69,526.7816967299885
93.7,531.8885276527885
93.71,537.0525026954768
93.72,542.2739506906772
93.73,547.5531867689433
93.74,552.8905116481442
93.75,558.2862109081765
93.76,563.7405542513686
93.77,569.2537947489922
93.78,574.8261680743424
93.79,580.4578917229012
93.8,586.1491642201497
93.81,591.9001643176479
93.82,597.7110501780563
93.83,603.5819585498326
93.84,609.5130039323885
93.85,615.5042777325568
93.86,621.5558474132749
93.87,627.6677556354522
93.88,633.8400193940505
93.89,640.0726291494685
93.9,646.3655479553826
93.91,652.7187105842587
93.92,659.1320226518135
93.93,665.6053597417626
93.94,672.1385665322572
93.95,678.7314559254687
93.96,685.3838081818444
93.97,692.0953700606104
93.98,698.8658539681592
93.99,705.6949371160119
94.0,712.5822606901002
94.01,719.5274290331597
94.02,726.5300088420794
94.03,733.5895283820921
94.04,740.7054767197357
94.05,747.87730297655
94.06,755.1044156055116
94.07,762.3861816922346
94.08,769.7219262829941
94.09,777.1109317416481
94.1,784.552437137548
94.11,792.0456376665404
94.12,799.5896841071631
94.13,807.1836823141415
94.14,814.8266927512793
94.15,822.5177300658261
94.16,830.2557627063808
94.17,838.0397125863665
94.18,845.8684547950721
94.19,853.7408173582197
94.2,861.6555810499632
94.21,869.6114792581708
94.22,877.6071979047791
94.23,885.6413754229343
94.24,893.7126027925594
94.25,901.8194236359003
94.26,909.9603343745091
94.27,918.1337844490249
94.28,926.3381766030034
94.29,934.5718672319339
94.3,942.8331667984606
94.31,951.1203403146994
94.32,959.4316078924056
94.33,967.7651453616138
94.34,976.1190849582217
94.35,984.491516080845
94.36,992.8804861171127
94.37,1001.284001339418
94.38,1009.7000278699761
94.39,1018.1264927148769
94.4,1026.5612848666515
94.41,1035.0022564747055
94.42,1043.447224082799
94.43,1051.8939699325815
94.44,1060.3402433320211
94.45,1068.783762087394
94.46,1077.2222139973287
94.47,1085.6532584072363
94.48,1094.074527822286
94.49,1102.483629576925
94.5,1110.8781475587846
94.51,1119.2556439846517
94.52,1127.6136612260443
94.53,1135.949723681777
94.54,1144.2613396947663
94.55,1152.5460035101958
94.56,1160.8011972720299
94.57,1169.0243930547545
94.58,1177.2130549271092
94.59,1185.3646410444762
94.6,1193.476605766499
94.61,1201.5464017964232
94.62,1209.5714823385767
94.63,1217.549303270348
94.64,1225.477325324963
94.65,1233.3530162813265
94.66,1241.173853157158
94.67,1248.9373244016333
94.68,1256.6409320837345
94.69,1264.2821940725112
94.7,1271.858646205472
94.71,1279.3678444413424
94.72,1286.8073669934658
94.73,1294.1748164401665
94.74,1301.4678218084468
94.75,1308.6840406274607
94.76,1315.8211609482757
94.77,1322.8769033265255
94.78,1329.849022764645
94.79,1336.735310610487
94.8,1343.533596409225
94.81,1350.2417497055746
94.82,1356.8576817934827
94.83,1363.3793474105773
94.84,1369.8047463748037
94.85,1376.1319251608224
94.86,1382.3589784138958
94.87,1388.4840503991452
94.88,1394.5053363842226
94.89,1400.4210839536017
94.9,1406.2295942528665
94.91,1411.9292231615361
94.92,1417.5183823931445
94.93,1422.9955405214587
94.94,1428.359223931897
94.95,1433.6080176973799
94.96,1438.7405663780146
94.97,1443.7555747441936
94.98,1448.6518084228485
94.99,1453.42809446677
95.0,1458.0833218470734
95.01,1462.616441869042
95.02,1467.0264685117447
95.03,1471.3124786919743
95.04,1475.4736124532017
95.05,1479.509073080384
95.06,1483.4181271416064
95.07,1487.2001044576639
95.08,1490.8543980008235
95.09,1494.3804637241228
95.1,1497.777820322675
95.11,1501.0460489285622
95.12,1504.1847927409954
95.13,1507.193756593518
95.14,1510.0727064601106
95.15,1512.8214689021427
95.16,1515.4399304581818
95.17,1517.928036978744
95.18,1520.2857929081226
95.19,1522.5132605154859
95.2,1524.6105590774803
95.21,1526.5778640146127
95.22,1528.415405983714
95.23,1530.1234699288138
95.24,1531.7023940927747
95.25,1533.1525689920395
95.26,1534.474436356859
95.27,1535.6684880393607
95.28,1536.7352648918152
95.29,1537.675355617445
95.3,1538.4893955961027
95.31,1539.1780656871256
95.32,1539.7420910116407
95.33,1540.1822397165731
95.34,1540.4993217225638
95.35,1540.694187457972
95.36,1540.7677265810905
95.37,1540.7208666926533
95.38,1540.5545720406712
95.39,1540.269842219573
95.4,1539.8677108655766
95.41,1539.349244350157
95.42,1538.7155404734206
95.43,1537.9677271591268
95.44,1537.106961153045
95.45,1536.134426726262
95.46,1535.0513343849946
95.47,1533.8589195883935
95.48,1532.5584414757607
95.49,1531.1511816045304
95.5,1529.6384427003024
95.51,1528.0215474201436
95.52,1526.3018371303097
95.53,1524.4806706994711
95.54,1522.5594233084614
95.55,1520.5394852774975
95.56,1518.4222609117624
95.57,1516.2091673661705
95.58,1513.9016335300762
95.59,1511.5010989326252
95.6,1509.0090126693833
95.61,1506.4268323508247
95.62,1503.7560230731985
95.63,1500.9980564122372
95.64,1498.1544094401204
95.65,1495.2265637660469
95.66,1492.2160046007245
95.67,1489.1242198450313
95.68,1485.952699203058
95.69,1482.7029333196951
95.7,1479.376412942881
95.71,1475.9746281105884
95.72,1472.4990673625864
95.73,1468.9512169769732
95.74,1465.3325602314399
95.75,1461.6445766891923
95.76,1457.888741509422
95.77,1454.0665247821876
95.78,1450.1793908875375
95.79,1446.2287978786785
95.8,1442.2161968889657
95.81,1438.1430315624684
95.82,1434.0107375078414
95.83,1429.8207417752103
95.84,1425.5744623557603
95.85,1421.273307703699
95.86,1416.9186762802492
95.87,1412.5119561193094
95.88,1408.0545244144075
95.89,1403.5477471265622
95.9,1398.9929786126518
95.91,1394.3915612738851
95.92,1389.744825223954
95.93,1385.0540879764462
95.94,1380.3206541510867
95.95,1375.545815198371
95.96,1370.7308491421488
95.97,1365.877020339717
95.98,1360.9855792589713
95.99,1356.05776227217
96.0,1351.094791465863
96.01,1346.0978744665315
96.02,1341.068204281495
96.03,1336.0069591546337
96.04,1330.9153024364853
96.05,1325.7943824682689
96.06,1320.6453324794006
96.07,1315.4692704980616
96.08,1310.2672992743883
96.09,1305.0405062158566
96.1,1299.789963334439
96.11,1294.5167272051176
96.12,1289.22183893534
96.13,1283.906324145015
96.14,1278.571192956651
96.15,1273.2174399952387
96.16,1267.8460443975018
96.17,1262.4579698301302
96.18,1257.0541645166286
96.19,1251.635561272416
96.2,1246.2030775478202
96.21,1240.7576154786186
96.22,1235.3000619437864
96.23,1229.8312886301176
96.24,1224.3521521033945
96.25,1218.8634938857895
96.26,1213.3661405391902
96.27,1207.860903754145
96.28,1202.3485804441398
96.29,1196.829952844916
96.3,1191.3057886185568
96.31,1185.7768409620699
96.32,1180.243848720206
96.33,1174.7075365022595
96.34,1169.168614802604
96.35,1163.6277801247259
96.36,1158.085715108523
96.37,1152.5430886606466
96.38,1147.000556087669
96.39,1141.4587592318683
96.4,1135.9183266094265
96.41,1130.3798735508506
96.42,1124.844002343422
96.43,1119.3113023754977
96.44,1113.7823502824847
96.45,1108.2577100943242
96.46,1102.7379333843166
96.47,1097.2235594191372
96.48,1091.71511530989
96.49,1086.2131161640561
96.5,1080.7180652381985
96.51,1075.2304540912905
96.52,1069.750762738542
96.53,1064.2794598056005
96.54,1058.8170026830103
96.55,1053.363837680821
96.56,1047.9204001832354
96.57,1042.4871148031978
96.58,1037.064395536825
96.59,1031.6526459175884
96.6,1026.2522591701572
96.61,1020.8636183638215
96.62,1015.4870965654146
96.63,1010.1230569916598
96.64,1004.7718531608689
96.65,999.4338290439257
96.66,994.1093192144905
96.67,988.7986489983641
96.68,983.5021346219553
96.69,978.220083359797
96.7,972.9527936810606
96.71,967.7005553950223
96.72,962.4636497954341
96.73,957.2423498037601
96.74,952.0369201112389
96.75,946.8476173197337
96.76,941.6746900813389
96.77,936.5183792367109
96.78,931.3789179520933
96.79,926.2565318550113
96.8,921.1514391686097
96.81,916.063850844613
96.82,910.9939706948862
96.83,905.9419955215799
96.84,900.9081152458396
96.85,895.8925130350686
96.86,890.8953654287286
96.87,885.9168424626668
96.88,880.9571077919609
96.89,876.0163188122727
96.9,871.0946267797033
96.91,866.1921769291439
96.92,861.3091085911193
96.93,856.4455553071192
96.94,851.601644943417
96.95,846.7774998033734
96.96,841.9732367382273
96.97,837.1889672563732
96.98,832.4247976311286
96.99,827.6808290069943
97.0,822.9571575044105
97.01,818.2538743230159
97.02,813.5710658434126
97.03,808.9088137274448
97.04,804.267195016998
97.05,799.6462822313264
97.06,795.0461434629158
97.07,790.4668424718927
97.08,785.9084387789869
97.09,781.3709877570587
97.1,776.8545407212015
97.11,772.3591450174282
97.12,767.8848441099562
97.13,763.4316776670993
97.14,758.9996816457798
97.15,754.5888883746738
97.16,750.1993266360007
97.17,745.8310217459705
97.18,741.4839956339025
97.19,737.1582669200278
97.2,732.8538509919897
97.21,728.5707600800553
97.22,724.3090033310525
97.23,720.0685868810469
97.24,715.8495139267717
97.25,711.6517847958255
97.26,707.4753970156527
97.27,703.3203453813204
97.28,699.186622022107
97.29,695.0742164669163
97.3,690.9831157085321
97.31,686.9133042667289
97.32,682.8647642502519
97.33,678.837475417682
97.34,674.8314152371997
97.35,670.8465589452646
97.36,666.882879604222
97.37,662.9403481588541
97.38,659.0189334918891
97.39,655.118602478483
97.4,651.2393200396883
97.41,647.3810491949247
97.42,643.5437511134654
97.43,639.7273851649546
97.44,635.9319089689683
97.45,632.1572784436347
97.46,628.4034478533271
97.47,624.670369855443
97.48,620.9579955462846
97.49,617.2662745060522
97.5,613.5951548429672
97.51,609.9445832365344
97.52,606.3145049799608
97.53,602.7048640217412
97.54,599.1156030064255
97.55,595.5466633145803
97.56,591.9979851019566
97.57,588.4695073378787
97.58,584.9611678428643
97.59,581.4729033254898
97.6,578.0046494185136
97.61,574.5563407142675
97.62,571.1279107993312
97.63,567.7192922884984
97.64,564.3304168580502
97.65,560.9612152783438
97.66,557.6116174457306
97.67,554.2815524138135
97.68,550.9709484240553
97.69,547.6797329357496
97.7,544.4078326553642
97.71,541.1551735652688
97.72,537.9216809518564
97.73,534.7072794330709
97.74,531.5118929853488
97.75,528.3354449699871
97.76,525.1778581589467
97.77,522.0390547601016
97.78,518.9189564419431
97.79,515.8174843577491
97.8,512.7345591692283
97.81,509.670101069648
97.82,506.62402980645527
97.83,503.5962647034002
97.84,500.5867246821707
97.85,497.59532828354713
97.86,494.62199368808587
97.87,491.66663873634025
97.88,488.7291809486273
97.89,485.8095375443486
97.9,482.90762546087336
97.91,480.02336137199217
97.92,477.15666170594864
97.93,474.3074426630574
97.94,471.4756202329156
97.95,468.66111021121634
97.96,465.8638282161701
97.97,463.0836897045426
97.98,460.32060998731623
97.99,457.57450424498126
98.0,454.84528754246475
98.01,452.1328748437037
98.02,449.4371810258687
98.03,446.7581208932456
98.04,444.09560919078075
98.05,441.4495606172973
98.06,438.8198898383877
98.07,436.20651149898947
98.08,433.60934023564965
98.09,431.028290688485
98.1,428.4632775128424
98.11,425.9142153906662
98.12,423.38101904157804
98.13,420.86360323367467
98.14,418.361882794049
98.15,415.8757726190403
98.16,413.40518768421833
98.17,410.9500430541071
98.18,408.5102538916528
98.19,406.0857354674416
98.2,403.676403168672
98.21,401.2821725078858
98.22,398.90295913146406
98.23,396.53867882789154
98.24,394.1892475357943
98.25,391.85458135175554
98.26,389.5345965379136
98.27,387.22920952934703
98.28,384.93833694125004
98.29,382.66189557590405
98.3,380.39980242944785
98.31,378.1519746984515
98.32,375.91832978629793
98.33,373.6987853093751
98.34,371.4932591030843
98.35,369.30166922766654
98.36,367.1239339738522
98.37,364.9599718683368
98.38,362.80970167908646
98.39,360.673042420477
98.4,358.5499133582696
98.41,356.4402340144272
98.42,354.3439241717738
98.43,352.2609038785008
98.44,350.1910934525236
98.45,348.1344134856909
98.46,346.0907848478505
98.47,344.0601286907742
98.48,342.04236645194516
98.49,340.03741985820994
98.5,338.04521092929906
98.51,336.06566198121794
98.52,334.0986956295116
98.53,332.14423479240565
98.54,330.20220269382605
98.55,328.2725228663005
98.56,326.355119153744
98.57,324.44991571413067
98.58,322.556837022055
98.59,320.67580787118436
98.6,318.80675337660546
98.61,316.9495989770668
98.62,315.10427043711974
98.63,313.27069384916024
98.64,311.44879563537336
98.65,309.6385025495828
98.66,307.839741679008
98.67,306.0524404459296
98.68,304.27652660926725
98.69,302.5119282660698
98.7,300.7585738529211
98.71,299.01639214726293
98.72,297.285312268637
98.73,295.5652636798476
98.74,293.85617618804696
98.75,292.1579799457455
98.76,290.4706054517479
98.77,288.7939835520168
98.78,287.12804544046713
98.79,285.4727226596906
98.8,283.8279471016136
98.81,282.1936510080895
98.82,280.5697669714269
98.83,278.9562279348553
98.84,277.3529671929301
98.85,275.7599183918778
98.86,274.177015529883
98.87,272.6041929573193
98.88,271.04138537692415
98.89,269.4885278439205
98.9,267.9455557660853
98.91,266.41240490376697
98.92,264.8890113698526
98.93,263.37531162968685
98.94,261.8712425009427
98.95,260.3767411534462
98.96,258.89174510895606
98.97,257.41619224089914
98.98,255.95002077406295
98.99,254.49316928424665
99.0,253.04557669787116
99.01,251.60718229154975
99.02,250.17792569161995
99.03,248.75774687363813
99.04,247.3465861618373
99.05,245.9443842285496
99.06,244.55108209359398
99.07,243.16662112363034
99.08,241.79094303148102
99.09,240.42398987542043
99.1,239.0657040584337
99.11,237.71602832744546
99.12,236.37490577251916
99.13,235.04227982602836
99.14,233.71809426180027
99.15,232.40229319423267
99.16,231.0948210773848
99.17,229.79562270404324
99.18,228.50464320476317
99.19,227.2218280468862
99.2,225.947123033535
99.21,224.68047430258596
99.22,223.42182832562008
99.23,222.1711319068532
99.24,220.9283321820459
99.25,219.6933766173939
99.26,218.46621300839968
99.27,217.24678947872562
99.28,216.03505447902967
99.29,214.83095678578388
99.3,213.63444550007654
99.31,212.4454700463983
99.32,211.26398017141312
99.33,210.08992594271433
99.34,208.92325774756657
99.35,207.76392629163385
99.36,206.61188259769472
99.37,205.4670780043444
99.38,204.32946416468502
99.39,203.19899304500407
99.4,202.07561692344157
99.41,200.95928838864654
99.42,199.84996033842322
99.43,198.74758597836728
99.44,197.65211882049283
99.45,196.56351268185023
99.46,195.48172168313545
99.47,194.40670024729116
99.48,193.33840309810017
99.49,192.2767852587714
99.5,191.22180205051893
99.51,190.17340909113423
99.52,189.13156229355238
99.53,188.09621786441224
99.54,187.06733230261108
99.55,186.044862397854
99.56,185.02876522919846
99.57,184.01899816359426
99.58,183.01551885441927
99.59,182.01828524001124
99.6,181.02725554219595
99.61,180.0423882648121
99.62,179.06364219223306
99.63,178.0909763878859
99.64,177.124350192768
99.65,176.16372322396137
99.66,175.20905537314508
99.67,174.26030680510593
99.68,173.3174379562477
99.69,172.38040953309925
99.7,171.4491825108217
99.71,170.5237181317147
99.72,169.60397790372247
99.73,168.6899235989393
99.74,167.7815172521152
99.75,166.87872115916173
99.76,165.9814978756579
99.77,165.089810215357
99.78,164.20362124869396
99.79,163.32289430129376
99.8,162.447592952481
99.81,161.5776810337906
99.82,160.7131226274804
99.83,159.85388206504496
99.84,158.99992392573154
99.85,158.1512130350579
99.86,157.30771446333245
99.87,156.46939352417644
99.88,155.63621577304897
99.89,154.80814700577434
99.9,153.98515325707226
99.91,153.16720079909098
99.92,152.3542561399434
99.93,151.54628602224648
99.94,150.74325742166377
99.95,149.9451375454515
99.96,149.1518938310081
99.97,148.36349394442752
99.98,147.57990577905622
99.99,146.80109745405403
100.0,146.02703731295912
100.01,145.25769392225695
100.02,144.49303606995346
100.03,143.73303276415263
100.04,142.97765323163824
100.05,142.22686691646044
100.06,141.48064347852647
100.07,140.73895279219653
100.08,140.0017649448839
100.09,139.26905023566025
100.1,138.5407791738658
100.11,137.8169224777242
100.12,137.09745107296294
100.13,136.38233609143833
100.14,135.67154886976616
100.15,134.96506094795734
100.16,134.26284406805897
100.17,133.56487017280074
100.18,132.8711114042469
100.19,132.18154010245357
100.2,131.4961288041317
100.21,130.8148502413157
100.22,130.13767734003758
100.23,129.46458321900695
100.24,128.7955411882967
100.25,128.1305247480345
100.26,127.46950758710011
100.27,126.81246358182874
100.28,126.15936679472009
100.29,125.51019147315357
100.3,124.86491204810942
100.31,124.22350313289586
100.32,123.58593952188234
100.33,122.95219618923892
100.34,122.32224828768172
100.35,121.69607114722452
100.36,121.07364027393663
100.37,120.45493134870689
100.38,119.83992022601393
100.39,119.22858293270265
100.4,118.62089566676705
100.41,118.01683479613928
100.42,117.41637685748503
100.43,116.81949855500527
100.44,116.22617675924425
100.45,115.63638850590402
100.46,115.05011099466513
100.47,114.46732158801385
100.48,113.88799781007567
100.49,113.31211734545539
100.5,112.73965803808335
100.51,112.17059789006832
100.52,111.60491506055672
100.53,111.04258786459819
100.54,110.48359477201775
100.55,109.92791440629428
100.56,109.37552554344546
100.57,108.82640711091922
100.58,108.28053818649151
100.59,107.73789799717062
100.6,107.19846591810786
100.61,106.66222147151473
100.62,106.1291443255865
100.63,105.5992142934322
100.64,105.07241133201107
100.65,104.54871554107542
100.66,104.02810716211987
100.67,103.510566577337
100.68,102.99607430857951
100.69,102.48461101632857
100.7,101.97615749866873
100.71,101.47069469026907
100.72,100.96820366137085
100.73,100.46866561678134
100.74,99.9720618948741
100.75,99.47837396659564
100.76,98.9875834344782
100.77,98.49967203165902
100.78,98.01462162090579
100.79,97.53241419364842
100.8,97.05303186901705
100.81,96.57645689288627
100.82,96.10267163692563
100.83,95.63165859765634
100.84,95.16340039551407
100.85,94.6978797739181
100.86,94.23507959834647
100.87,93.77498285541735
100.88,93.3175726519765
100.89,92.86283221419087
100.9,92.4107448866482
100.91,91.96129413146281
100.92,91.51446352738729
100.93,91.07023676893034
100.94,90.62859766548053
100.95,90.18953014043605
100.96,89.75301823034047
100.97,89.3190460840244
100.98,88.887597961753
100.99,88.45865823437957
101.0,88.03221138250477
101.01,87.6082419956419
101.02,87.18673477138789
101.03,86.76767451460009
101.04,86.35104613657887
101.05,85.93683465425602
101.06,85.52502518938876
101.07,85.11560296775956
101.08,84.7085533183816
101.09,84.30386167270991
101.1,83.9015135638581
101.11,83.5014946258207
101.12,83.10379059270115
101.13,82.70838729794527
101.14,82.3152706735803
101.15,81.92442674945946
101.16,81.53584165251186
101.17,81.14950160599811
101.18,80.76539292877109
101.19,80.38350203454233
101.2,80.00381543115361
101.21,79.62631971985401
101.22,79.25100159458225
101.23,78.87784784125431
101.24,78.5068453370563
101.25,78.13798104974266
101.26,77.77124203693946
101.27,77.40661544545294
101.28,77.04408851058324
101.29,76.68364855544318
101.3,76.32528299028228
101.31,75.96897931181564
101.32,75.61472510255813
101.33,75.26250803016337
101.34,74.91231584676791
101.35,74.56413638834019
101.36,74.21795757403454
101.37,73.87376740555013
101.38,73.53155396649468
101.39,73.19130542175319
101.4,72.85301001686129
101.41,72.5166560773836
101.42,72.18223200829677
101.43,71.84972629337719
101.44,71.51912749459359
101.45,71.1904242515042
101.46,70.86360528065858
101.47,70.53865937500416
101.48,70.21557540329732
101.49,69.89434230951909
101.5,69.57494911229534
101.51,69.2573849043216
101.52,68.94163885179223
101.53,68.62770019383423
101.54,68.31555824194534
101.55,68.00520237943664
101.56,67.6966220608795
101.57,67.38980681155695
101.58,67.08474622691922
101.59,66.78142997204382
101.6,66.47984778109969
101.61,66.1799894568157
101.62,65.88184486995335
101.63,65.58540395878369
101.64,65.2906567285683
101.65,64.99759325104459
101.66,64.70620366391505
101.67,64.41647817034067
101.68,64.12840703843838
101.69,63.841980600782556
101.7,63.557189253910494
101.71,63.2740234578319
101.72,62.9924737355423
101.73,62.71253067254037
101.74,62.43418491634921
101.75,62.15742717604145
101.76,61.882248221768194
101.77,61.60863888429181
101.78,61.33659005452249
101.79,61.066092683058606
101.8,60.797137779730775
101.81,60.52971641314965
101.82,60.263819710257394
101.83,59.99943885588282
101.84,59.7365650923002
101.85,59.47518971879158
101.86,59.21530409121284
101.87,58.95689962156317
101.88,58.69996777755813
101.89,58.444500082206275
101.9,58.19048811338917
101.91,57.93792350344492
101.92,57.68679793875513
101.93,57.43710315933523
101.94,57.18883095842826
101.95,56.94197318210196
101.96,56.696521728849184
101.97,56.45246854919166
101.98,56.20980564528701
101.99,55.96852507053907
102.0,55.728618929211386
102.01,55.49007937604396
102.02,55.25289861587319
102.03,55.01706890325496
102.04,54.78258254209086
102.05,54.549431885257555
102.06,54.317609334239215
102.07,54.08710733876303
102.08,53.857918396437796
102.09,53.630035052395456
102.1,53.40344989893571
102.11,53.178155575173584
102.12,52.95414476668991
102.13,52.73141020518481
102.14,52.50994466813403
102.15,52.289740978448194
102.16,52.07079200413488
102.17,51.8530906579636
102.18,51.63662989713354
102.19,51.42140272294413
102.2,51.20740218046838
102.21,50.99462135822895
102.22,50.78305338787698
102.23,50.57269144387365
102.24,50.36352874317433
102.25,50.1555585449155
102.26,49.948774150104285
102.27,49.743168901310575
102.28,49.53873618236179
102.29,49.335469418040205
102.3,49.13336207378287
102.31,48.932407655384004
102.32,48.73259970869997
102.33,48.533931819356724
102.34,48.33639761245973
102.35,48.13999075230635
102.36,47.94470494210071
102.37,47.750533923670844
102.38,47.557471477188436
102.39,47.36551142089077
102.4,47.174647610805124
102.41,46.9848739404755
102.42,46.79618434069163
102.43,46.60857277922031
102.44,46.42203326053902
102.45,46.23655982557179
102.46,46.05214655142733
102.47,45.86878755113934
102.48,45.68647697340908
102.49,45.50520900235008
102.5,45.324977857235034
102.51,45.145777792244864
102.52,44.96760309621987
102.53,44.79044809241303
102.54,44.61430713824539
102.55,44.4391746250635
102.56,44.265044977898945
102.57,44.091912655229905
102.58,43.91977214874471
102.59,43.74861798310747
102.6,43.5784447157256
102.61,43.409246936519395
102.62,43.241019267693524
102.63,43.073756363510455
102.64,42.907452910065835
102.65,42.74210362506572
102.66,42.57770325760572
102.67,42.41424658795205
102.68,42.25172842732436
102.69,42.09014361768046
102.7,41.92948703150284
102.71,41.76975357158699
102.72,41.61093817083155
102.73,41.45303579203018
102.74,41.296041427665195
102.75,41.13995009970299
102.76,40.984756859391155
102.77,40.83045678705725
102.78,40.6770449919094
102.79,40.524516611838436
102.8,40.372866813221805
102.81,40.22209079072907
102.82,40.07218376712905
102.83,39.9231409930986
102.84,39.774957747033
102.85,39.62762933485791
102.86,39.48115108984291
102.87,39.33551837241663
102.88,39.19072656998336
102.89,39.04677109674129
102.9,38.90364739350217
102.91,38.76135092751256
102.92,38.61987719227651
102.93,38.47922170737977
102.94,38.3393800183154
102.95,38.200347696310914
102.96,38.06212033815677
102.97,37.92469356603637
102.98,37.78806302735742
102.99,37.65222439458469
103.0,37.51717336507421
103.01,37.38290566090873
103.02,37.24941702873469
103.03,37.11670323960039
103.04,36.9847600887956
103.05,36.85358339569244
103.06,36.72316900358757
103.07,36.593512779545726
103.08,36.464610614244464
103.09,36.33645842182025
103.1,36.20905213971575
103.11,36.08238772852845
103.12,35.956461171860404
103.13,35.831268476169306
103.14,35.706805670620724
103.15,35.583068806941554
103.16,35.46005395927467
103.17,35.33775722403473
103.18,35.2161747197652
103.19,35.09530258699646
103.2,34.97513698810514
103.21,34.85567410717455
103.22,34.736910149856215
103.23,34.618841343232575
103.24,34.50146393568076
103.25,34.38477419673746
103.26,34.26876841696487
103.27,34.153442907817734
103.28,34.03879400151145
103.29,33.92481805089117
103.3,33.81151142930204
103.31,33.69887053046038
103.32,33.586891768325955
103.33,33.475571576975206
103.34,33.36490641047552
103.35,33.25489274276049
103.36,33.14552706750614
103.37,33.03680589800813
103.38,32.92872576705997
103.39,32.821283226832094
103.4,32.71447484875198
103.41,32.608297223385165
103.42,32.50274696031716
103.43,32.39782068803636
103.44,32.29351505381778
103.45,32.18982672360775
103.46,32.0867523819095
103.47,31.984288731669587
103.48,31.882432494165247
103.49,31.7811804088926
103.5,31.680529233455687
103.51,31.580475743456407
103.52,31.481016732385257
103.53,31.38214901151292
103.54,31.28386940978269
103.55,31.186174773703698
103.56,31.089061967244966
103.57,30.99252787173025
103.58,30.89656938573368
103.59,30.801183424976205
103.6,30.70636692222279
103.61,30.61211682718042
103.62,30.518430106396817
103.63,30.42530374315999
103.64,30.332734737398457
103.65,30.240720105582266
103.66,30.149256880624723
103.67,30.058342111784867
103.68,29.967972864570648
103.69,29.878146220642837
103.7,29.788859277719638
103.71,29.700109149481996
103.72,29.61189296547961
103.73,29.524207871037614
103.74,29.43705102716398
103.75,29.350419610457546
103.76,29.264310813016746
103.77,29.178721842348985
103.78,29.093649921280683
103.79,29.009092287867958
103.8,28.92504619530796
103.81,28.84150891185083
103.82,28.758477720712303
103.83,28.675949919986923
103.84,28.593922822561897
103.85,28.512393756031535
103.86,28.431360062612324
103.87,28.350819099058576
103.88,28.2707682365787
103.89,28.191204860752038
103.9,28.11212637144631
103.91,28.033530182735607
103.92,27.955413722819006
103.93,27.87777443393969
103.94,27.80060977230468
103.95,27.72391720800511
103.96,27.647694224937045
103.97,27.57193832072285
103.98,27.496647006633115
103.99,27.421817807509093
104.0,27.347448261685688
104.01,27.27353592091496
104.02,27.20007835029016
104.03,27.127073128170267
104.04,27.054517846105057
104.05,26.982410108760664
104.06,26.910747533845647
104.07,26.839527752037565
104.08,26.76874840691002
104.09,26.69840715486023
104.1,26.628501665037035
104.11,26.55902961926943
104.12,26.489988711995544
104.13,26.421376650192094
104.14,26.353191153304323
104.15,26.28542995317638
104.16,26.218090793982164
104.17,26.15117143215663
104.18,26.08466963632754
104.19,26.018583187247646
104.2,25.952909877727343
104.21,25.887647512567735
104.22,25.822793908494152
104.23,25.758346894090074
104.24,25.694304309731518
104.25,25.6306640075218
104.26,25.567423851226767
104.27,25.504581716210392
104.28,25.442135489370827
104.29,25.38008306907683
104.3,25.318422365104606
104.31,25.257151298575064
104.32,25.196267801891437
104.33,25.135769818677332
104.34,25.075655303715138
104.35,25.015922222884846
104.36,24.95656855310324
104.37,24.89759228226346
104.38,24.83899140917496
104.39,24.780763943503814
104.4,24.722907905713427
104.41,24.66542132700558
104.42,24.608302249261847
104.43,24.55154872498539
104.44,24.495158817243084
104.45,24.439130599608017
104.46,24.383462156102333
104.47,24.328151581140425
104.48,24.27319697947247
104.49,24.218596466128314
104.5,24.164348166361687
104.51,24.110450215594764
104.52,24.05690075936305
104.53,24.00369795326061
104.54,23.950839962885606
104.55,23.89832496378619
104.56,23.84615114140669
104.57,23.79431669103413
104.58,23.742819817745072
104.59,23.69165873635277
104.6,23.640831671354622
104.61,23.590336856879958
104.62,23.540172536638117
104.63,23.49033696386683
104.64,23.44082840128092
104.65,23.391645121021284
104.66,23.34278540460418
104.67,23.294247542870814
104.68,23.246029835937218
104.69,23.198130593144416
104.7,23.150548133008876
104.71,23.10328078317325
104.72,23.05632688035741
104.73,23.00968477030975
104.74,22.96335280775877
104.75,22.91732935636494
104.76,22.871612788672856
104.77,22.826201486063628
104.78,22.781093838707584
104.79,22.736288245517216
104.8,22.691783114100403
104.81,22.64757686071389
104.82,22.603667910217048
104.83,22.560054696025873
104.84,22.516735660067255
104.85,22.47370925273351
104.86,22.430973932837162
104.87,22.38852816756597
104.88,22.346370432438214
104.89,22.30449921125824
104.9,22.262912996072235
104.91,22.221610287124257
104.92,22.180589592812513
104.93,22.139849429645867
104.94,22.09938832220061
104.95,22.059204803077446
104.96,22.019297412858723
104.97,21.979664700065914
104.98,21.940305221117306
104.99,21.901217540285945
105.0,21.862400229657798
105.01,21.82385186909015
105.02,21.78557104617022
105.03,21.747556356174016
105.04,21.70980640202541
105.05,21.67231979425543
105.06,21.63509515096177
105.07,21.598131097768544
105.08,21.561426267786217
105.09,21.524979301571797
105.1,21.48878884708921
105.11,21.45285355966991
105.12,21.41717210197369
105.13,21.3817431439497
105.14,21.34656536279768
105.15,21.311637442929417
105.16,21.27695807593038
105.17,21.24252596052158
105.18,21.20833980252163
105.19,21.174398314808997
105.2,21.140700217284483
105.21,21.10724423683387
105.22,21.0740291072908
105.23,21.04105356939982
105.24,21.00831637077965
105.25,20.975816265886618
105.26,20.943552015978327
105.27,20.911522389077483
105.28,20.87972615993592
105.29,20.848162109998828
105.3,20.816829027369163
105.31,20.785725706772237
105.32,20.754850949520502
105.33,20.724203563478532
105.34,20.693782363028163
105.35,20.663586169033838
105.36,20.63361380880812
105.37,20.603864116077407
105.38,20.574335930947793
105.39,20.545028099871143
105.4,20.515939475611322
105.41,20.48706891721062
105.42,20.458415289956335
105.43,20.42997746534753
105.44,20.401754321061986
105.45,20.37374474092331
105.46,20.345947614868212
105.47,20.318361838913965
105.48,20.290986315126023
105.49,20.263819951585816
105.5,20.23686166235871
105.51,20.210110367462132
105.52,20.183564992833862
105.53,20.157224470300495
105.54,20.13108773754605
105.55,20.10515373808077
105.56,20.07942142121005
105.57,20.05388974200356
105.58,20.0285576612645
105.59,20.003424145499036
105.6,19.978488166885878
105.61,19.95374870324602
105.62,19.929204738012647
105.63,19.904855260201188
105.64,19.88069926437952
105.65,19.85673575063833
105.66,19.832963724561644
105.67,19.80938219719749
105.68,19.785990185028712
105.69,19.76278670994395
105.7,19.739770799208756
105.71,19.71694148543687
105.72,19.69429780656163
105.73,19.671838805807546
105.74,19.649563531662015
105.75,19.627471037847165
105.76,19.605560383291873
105.77,19.58383063210391
105.78,19.562280853542234
105.79,19.540910121989416
105.8,19.519717516924224
105.81,19.49870212289434
105.82,19.47786302948922
105.83,19.457199331313088
105.84,19.436710127958076
105.85,19.416394523977498
105.86,19.396251628859265
105.87,19.376280556999436
105.88,19.356480427675905
105.89,19.33685036502222
105.9,19.317389498001543
105.91,19.298096960380736
105.92,19.278971890704593
105.93,19.260013432270195
105.94,19.241220733101393
105.95,19.222592945923438
105.96,19.204129228137724
105.97,19.185828741796676
105.98,19.16769065357876
105.99,19.149714134763613
106.0,19.131898361207334
106.01,19.11424251331785
106.02,19.09674577603046
106.03,19.079407338783472
106.04,19.062226395493983
106.05,19.045202144533775
106.06,19.02833378870534
106.07,19.011620535218018
106.08,18.99506159566428
106.09,18.97865618599611
106.1,18.96240352650152
106.11,18.9463028417812
106.12,18.93035336072525
106.13,18.914554316490065
106.14,18.898904946475348
106.15,18.883404492301196
106.16,18.86805219978535
106.17,18.85284731892054
106.18,18.83778910385195
106.19,18.82287681285481
106.2,18.808109708312085
106.21,18.7934870566923
106.22,18.77900812852746
106.23,18.764672198391107
106.24,18.75047854487646
106.25,18.736426450574704
106.26,18.722515202053362
106.27,18.708744089834795
106.28,18.695112408374808
106.29,18.681619456041368
106.3,18.668264535093435
106.31,18.655046951659898
106.32,18.641966015718623
106.33,18.629021041075607
106.34,18.61621134534425
106.35,18.603536249924726
106.36,18.590995079983454
106.37,18.578587164432694
106.38,18.566311835910238
106.39,18.554168430759205
106.4,18.542156289007952
106.41,18.53027475435007
106.42,18.518523174124518
106.43,18.50690089929581
106.44,18.495407284434368
106.45,18.484041687696912
106.46,18.47280347080701
106.47,18.461691999035683
106.48,18.45070664118216
106.49,18.43984676955467
106.5,18.429111759951407
106.51,18.418500991641533
106.52,18.408013847346314
106.53,18.397649713220346
106.54,18.38740797883288
106.55,18.377288037149242
106.56,18.367289284512363
106.57,18.35741112062438
106.58,18.347652948528363
106.59,18.338014174590118
106.6,18.32849420848009
106.61,18.31909246315537
106.62,18.309808354841785
106.63,18.300641303016082
106.64,18.291590730388226
106.65,18.28265606288376
106.66,18.273836729626282
106.67,18.265132162920004
106.68,18.25654179823241
106.69,18.248065074176985
106.7,18.239701432496076
106.71,18.231450318043798
106.72,18.223311178769055
106.73,18.215283465698654
106.74,18.20736663292049
106.75,18.199560137566838
106.76,18.19186343979773
106.77,18.184276002784397
106.78,18.176797292692846
106.79,18.169426778667475
106.8,18.162163932814803
106.81,18.155008230187278
106.82,18.147959148767175
106.83,18.141016169450573
106.84,18.134178776031426
106.85,18.127446455185712
106.86,18.120818696455668
106.87,18.114294992234104
106.88,18.107874837748813
106.89,18.101557731047055
106.9,18.095343172980122
106.91,18.089230667187994
106.92,18.083219720084067
106.93,18.07730984083997
106.94,18.07150054137046
106.95,18.0657913363184
106.96,18.060181743039816
106.97,18.054671281589023
106.98,18.04925947470386
106.99,18.04394584779097
107.0,18.038729928911177
107.01,18.03361124876495
107.02,18.028589340677915
107.03,18.023663740586482
107.04,18.01883398702352
107.05,18.014099621104116
107.06,18.00946018651143
107.07,18.00491522948259
107.08,18.000464298794707
107.09,17.99610694575092
107.1,17.99184272416655
107.11,17.98767119035531
107.12,17.983591903115606
107.13,17.979604423716893
107.14,17.975708315886113
107.15,17.971903145794215
107.16,17.96818848204273
107.17,17.96456389565044
107.18,17.96102896004009
107.19,17.957583251025213
107.2,17.954226346796982
107.21,17.950957827911168
107.22,17.947777277275144
107.23,17.94468428013498
107.24,17.941678424062594
107.25,17.938759298942976
107.26,17.93592649696149
107.27,17.933179612591225
107.28,17.93051824258044
107.29,17.92794198594006
107.3,17.925450443931243
107.31,17.92304322005302
107.32,17.920719920030002
107.33,17.918480151800143
107.34,17.916323525502584
107.35,17.914249653465557
107.36,17.912258150194354
107.37,17.910348632359366
107.38,17.90852071878418
107.39,17.906774030433755
107.4,17.90510819040264
107.41,17.903522823903277
107.42,17.90201755825437
107.43,17.9005920228693
107.44,17.899245849244604
107.45,17.897978670948547
107.46,17.896790123609716
107.47,17.895679844905708
107.48,17.894647474551864
107.49,17.893692654290067
107.5,17.892815027877614
107.51,17.89201424107613
107.52,17.89128994164055
107.53,17.89064177930818
107.54,17.89006940578778
107.55,17.88957247474875
107.56,17.88915064181034
107.57,17.888803564530946
107.58,17.88853090239745
107.59,17.888332316814616
107.6,17.888207471094567
107.61,17.888156030446293
107.62,17.88817766196523
107.63,17.8882720346229
107.64,17.888438819256606
107.65,17.88867768855917
107.66,17.88898831706875
107.67,17.889370381158713
107.68,17.889823559027526
107.69,17.890347530688764
107.7,17.89094197796112
107.71,17.891606584458504
107.72,17.892341035580177
107.73,17.893145018500956
107.74,17.894018222161456
107.75,17.894960337258404
107.76,17.895971056235
107.77,17.89705007327132
107.78,17.898197084274795
107.79,17.89941178687073
107.8,17.900693880392865
107.81,17.902043065874015
107.82,17.903459046036744
107.83,17.904941525284098
107.84,17.906490209690375
107.85,17.90810480699198
107.86,17.909785026578284
107.87,17.91153057948259
107.88,17.9133411783731
107.89,17.91521653754395
107.9,17.91715637290632
107.91,17.919160401979543
107.92,17.92122834388232
107.93,17.923359919323936
107.94,17.92555485059556
107.95,17.927812861561573
107.96,17.930133677650954
107.97,17.932517025848718
107.98,17.934962634687388
107.99,17.937470234238532
108.0,17.94003955610433
108.01,17.942670333409215
108.02,17.945362300791523
108.03,17.948115194395225
108.04,17.950928751861692
108.05,17.953802712321497
108.06,17.95673681638629
108.07,17.95973080614068
108.08,17.962784425134203
108.09,17.965897418373306
108.1,17.969069532313394
108.11,17.972300514850918
108.12,17.97559011531549
108.13,17.97893808446208
108.14,17.982344174463215
108.15,17.985808138901255
108.16,17.9893297327607
108.17,17.992908712420537
108.18,17.99654483564663
108.19,18.00023786158417
108.2,18.003987550750146
108.21,18.007793665025872
108.22,18.011655967649553
108.23,18.01557422320889
108.24,18.019548197633735
108.25,18.023577658188785
108.26,18.027662373466306
108.27,18.031802113378916
108.28,18.035996649152406
108.29,18.04024575331858
108.3,18.044549199708175
108.31,18.048906763443785
108.32,18.053318220932844
108.33,18.05778334986065
108.34,18.062301929183413
108.35,18.066873739121366
108.36,18.0714985611519
108.37,18.07617617800273
108.38,18.080906373645128
108.39,18.085688933287177
108.4,18.09052364336705
108.41,18.095410291546358
108.42,18.100348666703514
108.43,18.105338558927144
108.44,18.110379759509534
108.45,18.11547206094011
108.46,18.120615256898965
108.47,18.125809142250418
108.48,18.131053513036605
108.49,18.136348166471116
108.5,18.141692900932664
108.51,18.14708751595879
108.52,18.152531812239605
108.53,18.15802559161157
108.54,18.163568657051307
108.55,18.169160812669457
108.56,18.17480186370455
108.57,18.180491616516935
108.58,18.18622987858274
108.59,18.192016458487856
108.6,18.19785116592196
108.61,18.203733811672578
108.62,18.209664207619184
108.63,18.21564216672732
108.64,18.22166750304276
108.65,18.22774003168571
108.66,18.23385956884503
108.67,18.24002593177251
108.68,18.246238938777154
108.69,18.252498409219513
108.7,18.258804163506042
108.71,18.26515602308351
108.72,18.271553810433414
108.73,18.27799734906644
108.74,18.284486463516956
108.75,18.291020979337542
108.76,18.297600723093538
108.77,18.304225522357637
108.78,18.310895205704497
108.79,18.3176096027054
108.8,18.324368543922922
108.81,18.33117186090566
108.82,18.338019386182957
108.83,18.344910953259696
108.84,18.351846396611087
108.85,18.358825551677512
108.86,18.365848254859383
108.87,18.37291434351204
108.88,18.38002365594068
108.89,18.3871760313953
108.9,18.39437131006569
108.91,18.401609333076443
108.92,18.408889942481995
108.93,18.416212981261697
108.94,18.423578293314915
108.95,18.430985723456164
108.96,18.438435117410254
108.97,18.445926321807487
108.98,18.45345918417886
108.99,18.46103355295132
109.0,18.46864927744302
109.01,18.476306207858624
109.02,18.48400419528463
109.03,18.491743091684725
109.04,18.499522749895164
109.05,18.50734302362017
109.06,18.51520376742738
109.07,18.523104836743297
109.08,18.531046087848782
109.09,18.539027377874568
109.1,18.547048564796796
109.11,18.555109507432586
109.12,18.56321006543563
109.13,18.57135009929181
109.14,18.57952947031484
109.15,18.587748040641944
109.16,18.596005673229545
109.17,18.60430223184899
109.18,18.612637581082296
109.19,18.621011586317923
109.2,18.629424113746566
109.21,18.637875030356984
109.22,18.64636420393184
109.23,18.654891503043576
109.24,18.663456797050312
109.25,18.67205995609176
109.26,18.68070085108517
109.27,18.689379353721293
109.28,18.698095336460383
109.29,18.706848672528213
109.3,18.7156392359121
109.31,18.724466901356983
109.32,18.733331544361505
109.33,18.74223304117412
109.34,18.751171268789232
109.35,18.760146104943342
109.36,18.769157428111235
109.37,18.77820511750218
109.38,18.787289053056146
109.39,18.796409115440063
109.4,18.80556518604408
109.41,18.81475714697786
109.42,18.823984881066895
109.43,18.83324827184884
109.44,18.842547203569872
109.45,18.851881561181063
109.46,18.86125123033479
109.47,18.870656097381154
109.48,18.880096049364422
109.49,18.88957097401949
109.5,18.89908075976838
109.51,18.90862529571674
109.52,18.91820447165036
109.53,18.927818178031746
109.54,18.93746630599668
109.55,18.9471487473508
109.56,18.956865394566222
109.57,18.96661614077817
109.58,18.976400879781632
109.59,18.986219506028014
109.6,18.996071914621858
109.61,19.00595800131753
109.62,19.01587766251597
109.63,19.025830795261424
109.64,19.035817297238243
109.65,19.045837066767643
109.66,19.055890002804535
109.67,19.065976004934345
109.68,19.07609497336987
109.69,19.086246808948136
109.7,19.09643141312729
109.71,19.106648687983512
109.72,19.116898536207916
109.73,19.127180861103522
109.74,19.1374955665822
109.75,19.14784255716165
109.76,19.158221737962403
109.77,19.16863301470484
109.78,19.179076293706228
109.79,19.189551481877754
109.8,19.200058486721623
109.81,19.210597216328132
109.82,19.22116757937277
109.83,19.231769485113357
109.84,19.24240284338717
109.85,19.253067564608106
109.86,19.26376355976387
109.87,19.274490740413157
109.88,19.28524901868286
109.89,19.296038307265302
109.9,19.30685851941549
109.91,19.317709568948352
109.92,19.32859137023604
109.93,19.339503838205218
109.94,19.350446888334364
109.95,19.361420436651105
109.96,19.37242439972957
109.97,19.383458694687732
109.98,19.394523239184803
109.99,19.405617951418616
110.0,19.41674275012304
110.01,19.4278975545654
110.02,19.439082284543932
110.03,19.45029686038522
110.04,19.461541202941678
110.05,19.472815233589046
110.06,19.484118874223885
110.07,19.495452047261097
110.08,19.506814675631464
110.09,19.518206682779194
110.1,19.529627992659492
110.11,19.54107852973613
110.12,19.552558218979055
110.13,19.56406698586199
110.14,19.57560475636007
110.15,19.58717145694747
110.16,19.598767014595065
110.17,19.6103913567681
110.18,19.622044411423882
110.19,19.633726107009462
110.2,19.64543637245936
110.21,19.657175137193292
110.22,19.668942331113907
110.23,19.680737884604547
110.24,19.692561728527014
110.25,19.704413794219356
110.26,19.716294013493663
110.27,19.72820231863388
110.28,19.740138642393635
110.29,19.752102917994076
110.3,19.76409507912172
110.31,19.776115059926322
110.32,19.788162795018767
110.33,19.80023821946894
110.34,19.812341268803657
110.35,19.824471879004566
110.36,19.836629986506093
110.37,19.848815528193384
110.38,19.86102844140026
110.39,19.873268663907204
110.4,19.885536133939322
110.41,19.897830790164367
110.42,19.910152571690734
110.43,19.92250141806549
110.44,19.934877269272413
110.45,19.947280065730034
110.46,19.9597097482897
110.47,19.97216625823366
110.48,19.98464953727313
110.49,19.99715952754641
110.5,20.009696171616987
110.51,20.022259412471666
110.52,20.034849193518692
110.53,20.047465458585904
110.54,20.060108151918904
110.55,20.072777218179212
110.56,20.08547260244246
110.57,20.09819425019659
110.58,20.110942107340037
110.59,20.123716120179985
110.6,20.13651623543057
110.61,20.14934240021113
110.62,20.162194562044455
110.63,20.17507266885506
110.64,20.187976668967448
110.65,20.200906511104407
110.66,20.21386214438531
110.67,20.22684351832442
110.68,20.239850582829202
110.69,20.25288328819868
110.7,20.26594158512176
110.71,20.27902542467558
110.72,20.292134758323893
110.73,20.305269537915432
110.74,20.3184297156823
110.75,20.33161524423836
110.76,20.344826076577654
110.77,20.358062166072813
110.78,20.37132346647349
110.79,20.38460993190481
110.8,20.397921516865786
110.81,20.411258176227825
110.82,20.42461986523317
110.83,20.438006539493383
110.84,20.45141815498785
110.85,20.46485466806227
110.86,20.478316035427174
110.87,20.491802214156444
110.88,20.505313161685844
110.89,20.518848835811568
110.9,20.532409194688785
110.91,20.5459941968302
110.92,20.559603801104636
110.93,20.573237966735608
110.94,20.58689665329991
110.95,20.60057982072622
110.96,20.614287429293725
110.97,20.628019439630712
110.98,20.64177581271322
110.99,20.655556509863676
111.0,20.669361492749534
111.01,20.683190723381944
111.02,20.697044164114413
111.03,20.710921777641484
111.04,20.724823526997422
111.05,20.73874937555491
111.06,20.752699287023752
111.07,20.766673225449587
111.08,20.78067115521261
111.09,20.794693041026303
111.1,20.808738847936183
111.11,20.822808541318548
111.12,20.836902086879224
111.13,20.851019450652352
111.14,20.865160598999147
111.15,20.879325498606697
111.16,20.893514116486745
111.17,20.907726419974498
111.18,20.92196237672744
111.19,20.93622195472414
111.2,20.950505122263092
111.21,20.96481184796155
111.22,20.979142100754366
111.23,20.993495849892856
111.24,21.007873064943645
111.25,21.022273715787556
111.26,21.03669777261847
111.27,21.051145205942234
111.28,21.065615986575533
111.29,21.08011008564481
111.3,21.094627474585174
111.31,21.109168125139316
111.32,21.12373200935644
111.33,21.138319099591197
111.34,21.15292936850263
111.35,21.16756278905312
111.36,21.182219334507366
111.37,21.196898978431317
111.38,21.211601694691183
111.39,21.2263274574524
111.4,21.241076241178618
111.41,21.255848020630715
111.42,21.270642770865788
111.43,21.285460467236177
111.44,21.300301085388483
111.45,21.315164601262595
111.46,21.330050991090733
111.47,21.34496023139649
111.48,21.359892298993888
111.49,21.37484717098642
111.5,21.389824824766144
111.51,21.404825238012734
111.52,21.419848388692575
111.53,21.43489425505785
111.54,21.44996281564563
111.55,21.46505404927699
111.56,21.480167935056105
111.57,21.49530445236938
111.58,21.51046358088456
111.59,21.525645300549893
111.6,21.54084959159323
111.61,21.556076434521202
111.62,21.57132581011836
111.63,21.586597699446337
111.64,21.60189208384302
111.65,21.61720894492172
111.66,21.632548264570357
111.67,21.647910024950644
111.68,21.663294208497287
111.69,21.67870079791719
111.7,21.694129776188653
111.71,21.709581126560593
111.72,21.72505483255177
111.73,21.740550877950017
111.74,21.75606924681147
111.75,21.771609923459817
111.76,21.787172892485536
111.77,21.802758138745165
111.78,21.81836564736056
111.79,21.83399540371816
111.8,21.84964739346826
111.81,21.865321602524304
111.82,21.881018017062164
111.83,21.89673662351944
111.84,21.912477408594764
111.85,21.9282403592471
111.86,21.94402546269506
111.87,21.95983270641623
111.88,21.97566207814649
111.89,21.991513565879362
111.9,22.007387157865324
111.91,22.023282842611177
111.92,22.039200608879394
111.93,22.055140445687467
111.94,22.071102342307285
111.95,22.08708628826449
111.96,22.103092273337875
111.97,22.119120287558744
111.98,22.135170321210314
111.99,22.15124236482711
112.0,22.167336409194355
112.01,22.183452445347395
112.02,22.19959046457109
112.03,22.21575045839926
112.04,22.231932418614083
112.05,22.24813633724554
112.06,22.264362206570855
112.07,22.280610019113926
112.08,22.296879767644782
112.09,22.31317144517904
112.1,22.329485044977357
112.11,22.3458205605449
112.12,22.36217798563082
112.13,22.378557314227724
112.14,22.394958540571164
112.15,22.411381659139124
112.16,22.427826664651512
112.17,22.44429355206967
112.18,22.460782316595864
112.19,22.477292953672816
112.2,22.493825458983203
112.21,22.510379828449192
112.22,22.526956058231967
112.23,22.543554144731253
112.24,22.560174084584872
112.25,22.576815874668277
112.26,22.593479512094106
112.27,22.610164994211736
112.28,22.626872318606857
112.29,22.64360148310102
112.3,22.660352485751226
112.31,22.677125324849495
112.32,22.693919998922457
112.33,22.71073650673093
112.34,22.72757484726953
112.35,22.744435019766257
112.36,22.761317023682107
112.37,22.778220858710682
112.38,22.79514652477781
112.39,22.81209402204115
112.4,22.829063350889843
112.41,22.846054511944125
112.42,22.863067506054968
112.43,22.88010233430373
112.44,22.897158998001792
112.45,22.914237498690223
112.46,22.931337838139424
112.47,22.9484600183488
112.48,22.96560404154643
112.49,22.982769910188736
112.5,22.99995762696016
112.51,23.017167194772856
112.52,23.034398616766367
112.53,23.051651896307334
112.54,23.068927036989184
112.55,23.086224042631837
112.56,23.10354291728142
112.57,23.120883665209973
112.58,23.138246290915177
112.59,23.155630799120072
112.6,23.17303719477279
112.61,23.19046548304629
112.62,23.2079156693381
112.63,23.225387759270053
112.64,23.242881758688046
112.65,23.260397673661792
112.66,23.277935510484575
112.67,23.29549527567302
112.68,23.313076975966855
112.69,23.3306806183287
112.7,23.348306209943832
112.71,23.365953758219977
112.72,23.38362327078709
112.73,23.401314755497165
112.74,23.41902822042402
112.75,23.43676367386311
112.76,23.45452112433132
112.77,23.4723005805668
112.78,23.49010205152877
112.79,23.507925546397345
112.8,23.52577107457337
112.81,23.543638645678243
112.82,23.561528269553754
112.83,23.57943995626194
112.84,23.59737371608491
112.85,23.61532955952472
112.86,23.63330749730322
112.87,23.651307540361913
112.88,23.66932969986182
112.89,23.68737398718336
112.9,23.705440413926222
112.91,23.723528991909244
112.92,23.741639733170295
112.93,23.759772649966173
112.94,23.7779277547725
112.95,23.796105060283608
112.96,23.814304579412465
112.97,23.832526325290566
112.98,23.85077031126785
112.99,23.869036550912632
113.0,23.88732505801151
113.01,23.905635846569293
113.02,23.923968930808947
113.03,23.942324325171523
113.04,23.9607020443161
113.05,23.97910210311973
113.06,23.99752451667739
113.07,24.015969300301947
113.08,24.0344364695241
113.09,24.05292604009236
113.1,24.071438027973013
113.11,24.089972449350103
113.12,24.108529320625404
113.13,24.1271086584184
113.14,24.14571047956628
113.15,24.16433480112393
113.16,24.182981640363924
113.17,24.201651014776544
113.18,24.22034294206977
113.19,24.23905744016929
113.2,24.25779452721853
113.21,24.276554221578664
113.22,24.295336541828643
113.23,24.31414150676523
113.24,24.33296913540302
113.25,24.351819446974496
113.26,24.37069246093006
113.27,24.38958819693809
113.28,24.40850667488499
113.29,24.427447914875245
113.3,24.446411937231485
113.31,24.465398762494555
113.32,24.484408411423583
113.33,24.503440904996054
113.34,24.5224962644079
113.35,24.541574511073566
113.36,24.560675666626125
113.37,24.579799752917353
113.38,24.598946792017838
113.39,24.61811680621708
113.4,24.6373098180236
113.41,24.656525850165043
113.42,24.675764925588318
113.43,24.6950270674597
113.44,24.714312299164966
113.45,24.73362064430952
113.46,24.752952126718537
113.47,24.772306770437094
113.48,24.791684599730324
113.49,24.81108563908356
113.5,24.830509913202494
113.51,24.849957447013328
113.52,24.869428265662947
113.53,24.888922394519078
113.54,24.90843985917047
113.55,24.92798068542707
113.56,24.9475448993202
113.57,24.967132527102752
113.58,24.986743595249372
113.59,25.00637813045666
113.6,25.02603615964337
113.61,25.04571770995061
113.62,25.065422808742063
113.63,25.085151483604196
113.64,25.10490376234647
113.65,25.12467967300158
113.66,25.144479243825675
113.67,25.164302503298586
113.68,25.184149480124077
113.69,25.20402020323008
113.7,25.22391470176894
113.71,25.243833005117676
113.72,25.263775142878224
113.73,25.283741144877713
113.74,25.303731041168717
113.75,25.323744862029542
113.76,25.343782637964487
113.77,25.363844399704135
113.78,25.383930178205627
113.79,25.404040004652963
113.8,25.424173910457288
113.81,25.444331927257203
113.82,25.46451408691905
113.83,25.48472042153724
113.84,25.504950963434556
113.85,25.525205745162477
113.86,25.545484799501494
113.87,25.565788159461448
113.88,25.58611585828185
113.89,25.60646792943223
113.9,25.62684440661248
113.91,25.647245323753193
113.92,25.667670715016015
113.93,25.688120614794013
113.94,25.708595057712024
113.95,25.72909407862704
113.96,25.749617712628552
113.97,25.770165995038955
113.98,25.79073896141391
113.99,25.811336647542742
114.0,25.831959089448823
114.01,25.85260632338997
114.02,25.87327838585886
114.03,25.89397531358341
114.04,25.914697143527214
114.05,25.935443912889937
114.06,25.95621565910776
114.07,25.977012419853782
114.08,25.99783423303847
114.09,26.018681136810084
114.1,26.039553169555123
114.11,26.060450369898767
114.12,26.081372776705336
114.13,26.10232042907874
114.14,26.123293366362944
114.15,26.144291628142426
114.16,26.165315254242664
114.17,26.1863642847306
114.18,26.207438759915135
114.19,26.228538720347593
114.2,26.249664206822242
114.21,26.270815260376768
114.22,26.291991922292794
114.23,26.313194234096375
114.24,26.334422237558524
114.25,26.355675974695718
114.26,26.37695548777043
114.27,26.398260819291657
114.28,26.41959201201545
114.29,26.440949108945457
114.3,26.462332153333463
114.31,26.48374118867995
114.32,26.505176258734643
114.33,26.526637407497073
114.34,26.54812467921715
114.35,26.56963811839572
114.36,26.59117776978516
114.37,26.61274367838994
114.38,26.634335889467238
114.39,26.65595444852751
114.4,26.677599401335094
114.41,26.69927079390882
114.42,26.720968672522616
114.43,26.742693083706126
114.44,26.76444407424533
114.45,26.786221691183165
114.46,26.80802598182017
114.47,26.829856993715104
114.48,26.851714774685615
114.49,26.87359937280887
114.5,26.895510836422208
114.51,26.917449214123817
114.52,26.93941455477339
114.53,26.961406907492787
114.54,26.983426321666737
114.55,27.005472846943498
114.56,27.027546533235554
114.57,27.049647430720324
114.58,27.071775589840833
114.59,27.09393106130645
114.6,27.11611389609358
114.61,27.13832414544639
114.62,27.160561860877532
114.63,27.182827094168875
114.64,27.205119897372242
114.65,27.227440322810143
114.66,27.249788423076538
114.67,27.272164251037577
114.68,27.294567859832373
114.69,27.316999302873764
114.7,27.339458633849077
114.71,27.36194590672092
114.72,27.38446117572796
114.73,27.407004495385713
114.74,27.429575920487345
114.75,27.452175506104474
114.76,27.47480330758798
114.77,27.497459380568817
114.78,27.52014378095884
114.79,27.542856564951638
114.8,27.56559778902336
114.81,27.58836750993356
114.82,27.61116578472604
114.83,27.633992670729725
114.84,27.656848225559493
114.85,27.679732507117063
114.86,27.702645573591862
114.87,27.725587483461908
114.88,27.748558295494696
114.89,27.771558068748096
114.9,27.794586862571236
114.91,27.817644736605434
114.92,27.840731750785093
114.93,27.86384796533863
114.94,27.886993440789393
114.95,27.910168237956615
114.96,27.933372417956335
114.97,27.956606042202353
114.98,27.97986917240718
114.99,28.003161870583014
115.0,28.026484199042688
115.01,28.049836220400657
115.02,28.073217997573984
115.03,28.096629593783316
115.04,28.120071072553895
115.05,28.143542497716552
115.06,28.16704393340872
115.07,28.190575444075456
115.08,28.214137094470455
115.09,28.237728949657097
115.1,28.261351075009472
115.11,28.285003536213445
115.12,28.30868639926769
115.13,28.332399730484763
115.14,28.356143596492178
115.15,28.37991806423346
115.16,28.40372320096926
115.17,28.42755907427842
115.18,28.451425752059087
115.19,28.475323302529816
115.2,28.49925179423068
115.21,28.5232112960244
115.22,28.547201877097468
115.23,28.57122360696129
115.24,28.59527655545333
115.25,28.619360792738263
115.26,28.64347638930913
115.27,28.667623415988515
115.28,28.691801943929722
115.29,28.716012044617955
115.3,28.740253789871513
115.31,28.764527251842992
115.32,28.788832503020494
115.33,28.813169616228844
115.34,28.83753866463082
115.35,28.861939721728376
115.36,28.886372861363892
115.37,28.91083815772143
115.38,28.935335685327978
115.39,28.95986551905473
115.4,28.98442773411836
115.41,29.009022406082295
115.42,29.033649610858028
115.43,29.058309424706398
115.44,29.083001924238918
115.45,29.10772718641908
115.46,29.132485288563696
115.47,29.157276308344223
115.48,29.182100323788106
115.49,29.20695741328015
115.5,29.231847655563868
115.51,29.25677112974285
115.52,29.281727915282165
115.53,29.30671809200972
115.54,29.331741740117685
115.55,29.356798940163895
115.56,29.38188977307326
115.57,29.407014320139204
115.58,29.432172663025085
115.59,29.45736488376566
115.6,29.482591064768528
115.61,29.507851288815598
115.62,29.53314563906456
115.63,29.558474199050377
115.64,29.583837052686768
115.65,29.609234284267718
115.66,29.63466597846899
115.67,29.660132220349652
115.68,29.6856330953536
115.69,29.71116868931111
115.7,29.736739088440373
115.71,29.76234437934909
115.72,29.78798464903602
115.73,29.81365998489256
115.74,29.83937047470436
115.75,29.865116206652907
115.76,29.890897269317144
115.77,29.9167137516751
115.78,29.942565743105522
115.79,29.968453333389515
115.8,29.994376612712205
115.81,30.020335671664398
115.82,30.046330601244264
115.83,30.072361492859027
115.84,30.098428438326653
115.85,30.12453152987757
115.86,30.150670860156378
115.87,30.1768465222236
115.88,30.203058609557402
115.89,30.229307216055364
115.9,30.255592436036235
115.91,30.281914364241715
115.92,30.30827309583824
115.93,30.334668726418784
115.94,30.36110135200467
115.95,30.38757106904739
115.96,30.414077974430437
115.97,30.44062216547116
115.98,30.467203739922617
115.99,30.493822795975433
116.0,30.5204794322597
116.01,30.547173747846866
116.02,30.573905842251623
116.03,30.60067581543385
116.04,30.627483767800523
116.05,30.654329800207677
116.06,30.681214013962336
116.07,30.708136510824502
116.08,30.735097393009124
116.09,30.76209676318809
116.1,30.789134724492232
116.11,30.816211380513348
116.12,30.843326835306232
116.13,30.870481193390713
116.14,30.89767455975371
116.15,30.924907039851313
116.16,30.95217873961085
116.17,30.979489765433
116.18,31.006840224193887
116.19,31.03423022324721
116.2,31.06165987042638
116.21,31.089129274046662
116.22,31.116638542907353
116.23,31.144187786293948
116.24,31.171777113980333
116.25,31.199406636230993
116.26,31.227076463803225
116.27,31.254786707949382
116.28,31.28253748041911
116.29,31.310328893461612
116.3,31.338161059827932
116.31,31.366034092773237
116.32,31.39394810605912
116.33,31.421903213955932
116.34,31.44989953124511
116.35,31.477937173221513
116.36,31.506016255695815
116.37,31.534136894996866
116.38,31.562299207974085
116.39,31.59050331199988
116.4,31.61874932497206
116.41,31.647037365316297
116.42,31.675367551988558
116.43,31.703740004477595
116.44,31.732154842807425
116.45,31.760612187539834
116.46,31.789112159776902
116.47,31.81765488116353
116.48,31.84624047389
116.49,31.874869060694532
116.5,31.903540764865888
116.51,31.932255710245954
116.52,31.96101402123237
116.53,31.989815822781154
116.54,32.018661240409365
116.55,32.04755040019776
116.56,32.07648342879349
116.57,32.10546045341279
116.58,32.13448160184372
116.59,32.163547002448865
116.6,32.19265678416814
116.61,32.221811076521526
116.62,32.25101000961186
116.63,32.28025371412767
116.64,32.30954232134596
116.65,32.3388759631351
116.66,32.368254771957666
116.67,32.39767888087331
116.68,32.427148423541674
116.69,32.456663534225314
116.7,32.486224347792614
116.71,32.51583099972077
116.72,32.54548362609874
116.73,32.575182363630255
116.74,32.60492734963682
116.75,32.63471872206075
116.76,32.66455661946822
116.77,32.69444118105236
116.78,32.7243725466363
116.79,32.75435085667633
116.8,32.784376252265005
116.81,32.81444887513429
116.82,32.84456886765875
116.83,32.87473637285874
116.84,32.904951534403615
116.85,32.93521449661496
116.86,32.96552540446985
116.87,32.99588440360412
116.88,33.026291640315684
116.89,33.056747261567814
116.9,33.087251414992515
116.91,33.117804248893876
116.92,33.14840591225145
116.93,33.179056554723665
116.94,33.20975632665125
116.95,33.24050537906068
116.96,33.271303863667654
116.97,33.3021519328806
116.98,33.33304973980416
116.99,33.363997438242784
117.0,33.394995182704236
117.01,33.42604312840322
117.02,33.457141431264986
117.03,33.48829024792895
117.04,33.519489735752366
117.05,33.55074005281399
117.06,33.58204135791782
117.07,33.61339381059677
117.08,33.64479757111649
117.09,33.67625280047911
117.1,33.70775966042705
117.11,33.73931831344683
117.12,33.77092892277296
117.13,33.802591652391804
117.14,33.834306667045475
117.15,33.86607413223578
117.16,33.89789421422817
117.17,33.92976708005572
117.18,33.96169289752315
117.19,33.993671835210854
117.2,34.02570406247896
117.21,34.05778974947141
117.22,34.08992906712011
117.23,34.12212218714903
117.24,34.15436928207841
117.25,34.18667052522894
117.26,34.219026090725976
117.27,34.25143615350383
117.28,34.283900889310026
117.29,34.3164204747096
117.3,34.348995087089484
117.31,34.38162490466282
117.32,34.41431010647341
117.33,34.4470508724001
117.34,34.47984738316125
117.35,34.51269982031925
117.36,34.54560836628499
117.37,34.578573204322424
117.38,34.611594518553176
117.39,34.644672493961096
117.4,34.67780731639693
117.41,34.710999172582994
117.42,34.74424825011785
117.43,34.77755473748106
117.44,34.810918824037955
117.45,34.84434070004439
117.46,34.87782055665163
117.47,34.91135858591116
117.48,34.94495498077962
117.49,34.9786099351237
117.5,35.01232364372512
117.51,35.046096302285605
117.52,35.07992810743193
117.53,35.11381925672099
117.54,35.14776994864484
117.55,35.181780382635914
117.56,35.2158507590721
117.57,35.249981279282
117.58,35.28417214555013
117.59,35.31842356112224
117.6,35.35273573021055
117.61,35.38710885799914
117.62,35.42154315064933
117.63,35.45603881530507
117.64,35.49059606009842
117.65,35.525215094155016
117.66,35.559896127599615
117.67,35.59463937156165
117.68,35.62944503818083
117.69,35.66431334061282
117.7,35.699244493034854
117.71,35.73423871065151
117.72,35.76929620970044
117.73,35.8044172074582
117.74,35.83960192224604
117.75,35.87485057343582
117.76,35.91016338145593
117.77,35.945540567797224
117.78,35.980982355019044
117.79,36.01648896675525
117.8,36.0520606277203
117.81,36.08769756371541
117.82,36.123400001634664
117.83,36.15916816947129
117.84,36.19500229632388
117.85,36.23090261240267
117.86,36.26686934903594
117.87,36.30290273867634
117.88,36.33900301490735
117.89,36.375170412449755
117.9,36.41140516716817
117.91,36.44770751607759
117.92,36.48407769735002
117.93,36.52051595032111
117.94,36.5570225154969
117.95,36.59359763456051
117.96,36.63024155037901
117.97,36.66695450701023
117.98,36.70373674970965
117.99,36.74058852493735
118.0,36.777510080365026
118.01,36.814501664883
118.02,36.851563528607315
118.03,36.88869592288691
118.04,36.92589910031078
118.05,36.96317331471522
118.06,37.000518821191136
118.07,37.03793587609138
118.08,37.07542473703816
118.09,37.112985662930484
118.1,37.15061891395165
118.11,37.188324751576815
118.12,37.22610343858064
118.13,37.26395523904488
118.14,37.30188041836618
118.15,37.3398792432638
118.16,37.377951981787476
118.17,37.416098903325285
118.18,37.454320278611604
118.19,37.492616379735104
118.2,37.530987480146806
118.21,37.569433854668205
118.22,37.60795577949943
118.23,37.646553532227486
118.24,37.68522739183455
118.25,37.72397763870632
118.26,37.762804554640425
118.27,37.80170842285489
118.28,37.84068952799668
118.29,37.87974815615031
118.3,37.91888459484648
118.31,37.958099133070796
118.32,37.99739206127258
118.33,38.036763671373684
118.34,38.07621425677743
118.35,38.11574411237759
118.36,38.1553535345674
118.37,38.1950428212487
118.38,38.23481227184108
118.39,38.27466218729115
118.4,38.31459287008184
118.41,38.35460462424178
118.42,38.39469775535475
118.43,38.434872570569176
118.44,38.47512937860775
118.45,38.51546848977706
118.46,38.555890215977335
118.47,38.596394870712246
118.48,38.63698276909875
118.49,38.677654227877085
118.5,38.718409565420735
118.51,38.75924910174657
118.52,38.80017315852498
118.53,38.84118205909013
118.54,38.88227612845029
118.55,38.92345569329822
118.56,38.96472108202164
118.57,39.00607262471378
118.58,39.04751065318403
118.59,39.08903550096862
118.6,39.130647503341436
118.61,39.17234699732487
118.62,39.21413432170079
118.63,39.25600981702155
118.64,39.297973825621135
118.65,39.34002669162633
118.66,39.38216876096802
118.67,39.42440038139257
118.68,39.46672190247327
118.69,39.50913367562184
118.7,39.55163605410012
118.71,39.59422939303176
118.72,39.636914049414
118.73,39.67969038212961
118.74,39.72255875195882
118.75,39.76551952159145
118.76,39.80857305563904
118.77,39.85171972064711
118.78,39.89495988510754
118.79,39.938293919470986
118.8,39.98172219615944
118.81,40.02524508957887
118.82,40.068862976131925
118.83,40.112576234230815
118.84,40.1563852443102
118.85,40.20029038884024
118.86,40.244292052339695
118.87,40.28839062138921
118.88,40.3325864846446
118.89,40.376880032850295
118.9,40.42127165885289
118.91,40.46576175761477
118.92,40.510350726227884
118.93,40.55503896392757
118.94,40.59982687210655
118.95,40.64471485432896
118.96,40.68970331634456
118.97,40.73479266610303
118.98,40.77998331376834
118.99,40.82527567173327
119.0,40.87067015463408
119.01,40.916167179365175
119.02,40.96176716509403
119.03,41.00747053327613
119.04,41.05327770767005
119.05,41.0991891143527
119.06,41.145205181734596
119.07,41.191326340575365
119.08,41.23755302399928
119.09,41.28388566751096
119.1,41.33032470901118
119.11,41.37687058881282
119.12,41.42352374965693
119.13,41.47028463672892
119.14,41.51715369767488
119.15,41.56413138261803
119.16,41.61121814417531
119.17,41.65841443747409
119.18,41.70572072016901
119.19,41.75313745245897
119.2,41.800665097104236
119.21,41.8483041194437
119.22,41.89605498741228
119.23,41.94391817155841
119.24,41.991894145061764
119.25,42.039983383751036
119.26,42.088186366121896
119.27,42.1365035733551
119.28,42.18493548933473
119.29,42.233482600666576
119.3,42.282145396696706
119.31,42.330924369530116
119.32,42.3798200140496
119.33,42.42883282793474
119.34,42.47796331168104
119.35,42.527211968619234
119.36,42.57657930493477
119.37,42.62606582968738
119.38,42.675672054830905
119.39,42.725398495233215
119.4,42.77524566869629
119.41,42.82521409597654
119.42,42.87530430080517
119.43,42.92551680990883
119.44,42.97585215303035
119.45,43.02631086294972
119.46,43.07689347550515
119.47,43.127600529614384
119.48,43.17843256729616
119.49,43.22939013369184
119.5,43.28047377708721
119.51,43.33168404893452
119.52,43.38302150387461
119.53,43.4344866997593
119.54,43.48608019767393
119.55,43.5378025619601
119.56,43.58965436023859
119.57,43.64163616343247
119.58,43.69374854579041
119.59,43.74599208491018
119.6,43.79836736176234
119.61,43.85087496071416
119.62,43.903515469553696
119.63,43.95628947951409
119.64,44.00919758529808
119.65,44.062240385102704
119.66,44.1154184806442
119.67,44.16873247718317
119.68,44.22218298354988
119.69,44.27577061216982
119.7,44.32949597908951
119.71,44.38335970400242
119.72,44.43736241027525
119.73,44.491504724974284
119.74,44.5457872788921
119.75,44.60021070657444
119.76,44.65477564634728
119.77,44.70948274034424
119.78,44.7643326345341
119.79,44.81932597874862
119.8,44.87446342671062
119.81,44.92974563606222
119.82,44.985173268393424
119.83,45.04074698927084
119.84,45.09646746826676
119.85,45.152335378988376
119.86,45.208351399107364
119.87,45.264516210389615
119.88,45.320830498725314
119.89,45.37729495415921
119.9,45.43391027092119
119.91,45.49067714745709
119.92,45.54759628645982
119.93,45.6046683949007
119.94,45.661894184061104
119.95,45.71927436956439
119.96,45.77680967140806
119.97,45.834500813996264
119.98,45.89234852617255
119.99,45.95035354125289
120.0,46.00851659705905
120.01,46.06683843595218
120.02,46.12531980486676
120.03,46.183961455344836
120.04,46.24276414357049
120.05,46.30172863040473
120.06,46.360855681420595
120.07,46.42014606693861
120.08,46.47960056206254
120.09,46.53921994671548
120.1,46.599005005676254
120.11,46.65895652861614
120.12,46.7190753101359
120.13,46.7793621498032
120.14,46.839817852190286
120.15,46.90044322691207
120.16,46.961239088664485
120.17,47.022206257263264
120.18,47.083345557683
120.19,47.1446578200966
120.2,47.206143879915025
120.21,47.267804577827526
120.22,47.329640759842086
120.23,47.39165327732632
120.24,47.45384298704873
120.25,47.51621075122032
120.26,47.578757437536595
120.27,47.64148391921994
120.28,47.704391075062375
120.29,47.767479789468744
120.3,47.830750952500225
120.31,47.8942054599183
120.32,47.95784421322908
120.33,48.02166811972809
120.34,48.0856780925454
120.35,48.14987505069123
120.36,48.21425991910191
120.37,48.27883362868635
120.38,48.343597116372834
120.39,48.40855132515634
120.4,48.473697204146234
120.41,48.53903570861443
120.42,48.604567800043995
120.43,48.67029444617821
120.44,48.73621662107006
120.45,48.80233530513221
120.46,48.868651485187456
120.47,48.93516615451961
120.48,49.001880312924875
120.49,49.068794966763726
120.5,49.13591112901323
120.51,49.2032298193199
120.52,49.27075206405301
120.53,49.33847889635844
120.54,49.406411356213
120.55,49.47455049047929
120.56,49.54289735296106
120.57,49.611453004459115
120.58,49.6802185128277
120.59,49.74919495303149
120.6,49.818383407203065
120.61,49.887784964700934
120.62,49.95740072216816
120.63,50.02723178359147
120.64,50.097279260360985
120.65,50.16754427133051
120.66,50.23802794287838
120.67,50.308731408968896
120.68,50.379655811214356
120.69,50.450802298937695
120.7,50.52217202923569
120.71,50.59376616704281
120.72,50.66558588519565
120.73,50.73763236449801
120.74,50.80990679378662
120.75,50.88241036999741
120.76,50.955144298232554
120.77,51.02810979182807
120.78,51.10130807242212
120.79,51.174740370023926
120.8,51.24840792308341
120.81,51.32231197856152
120.82,51.396453792001175
120.83,51.47083462759896
120.84,51.54545575827752
120.85,51.620318465758636
120.86,51.69542404063705
120.87,51.77077378245499
120.88,51.84636899977743
120.89,51.92221101026815
120.9,51.998301140766436
120.91,52.074640727364645
120.92,52.151231115486475
120.93,52.228073659966036
120.94,52.30516972512771
120.95,52.38252068486678
120.96,52.4601279227309
120.97,52.53799283200232
120.98,52.61611681578099
120.99,52.6945012870685
121.0,52.77314766885276
121.01,52.85205739419367
121.02,52.93123190630955
121.03,53.01067265866447
121.04,53.09038111505647
121.05,53.17035874970666
121.06,53.25060704734919
121.07,53.331127503322215
121.08,53.41192162365965
121.09,53.492990925184
121.1,53.57433693560003
121.11,53.6559611935894
121.12,53.73786524890631
121.13,53.820050662474095
121.14,53.90251900648279
121.15,53.985271864487714
121.16,54.06831083150905
121.17,54.15163751413246
121.18,54.23525353061071
121.19,54.319160510966384
121.2,54.403360097095586
121.21,54.48785394287279
121.22,54.572643714256714
121.23,54.657731089397316
121.24,54.74311775874389
121.25,54.82880542515428
121.26,54.91479580400524
121.27,55.00109062330392
121.28,55.08769162380055
121.29,55.174600559102274
121.3,55.26181919578814
121.31,55.34934931352538
121.32,55.4371927051868
121.33,55.52535117696952
121.34,55.61382654851485
121.35,55.70262065302949
121.36,55.791735337408
121.37,55.88117246235654
121.38,55.970933902517956
121.39,56.06102154659814
121.4,56.151437297493764
121.41,56.24218307242136
121.42,56.333260803047786
121.43,56.42467243562202
121.44,56.516419931108466
121.45,56.60850526532156
121.46,56.70093042906193
121.47,56.7936974282539
121.48,56.886808284084594
121.49,56.98026503314441
121.5,57.07406972756909
121.51,57.16822443518327
121.52,57.26273123964561
121.53,57.35759224059548
121.54,57.45280955380122
121.55,57.54838531131001
121.56,57.6443216615994
121.57,57.74062076973043
121.58,57.83728481750244
121.59,57.9343160036096
121.6,58.03171654379908
121.61,58.129488671030984
121.62,58.22763463564007
121.63,58.32615670549918
121.64,58.42505716618448
121.65,58.52433832114254
121.66,58.62400249185923
121.67,58.7240520180305
121.68,58.824489257735
121.69,58.925316587608684
121.7,59.02653640302125
121.71,59.12815111825461
121.72,59.23016316668333
121.73,59.332575000957064
121.74,59.435389093184995
121.75,59.53860793512239
121.76,59.64223403835919
121.77,59.746269934510735
121.78,59.85071817541061
121.79,59.955581333305695
121.8,60.060862001053316
121.81,60.16656279232074
121.82,60.2726863417868
121.83,60.37923530534588
121.84,60.486212360314155
121.85,60.5936202056382
121.86,60.70146156210594
121.87,60.80973917255999
121.88,60.918455802113485
121.89,61.02761423836825
121.9,61.137217291635594
121.91,61.2472677951595
121.92,61.35776860534248
121.93,61.46872260197393
121.94,61.580132688461156
121.95,61.69200179206305
121.96,61.80433286412643
121.97,61.91712888032512
121.98,62.030392840901825
121.99,62.14412777091272
122.0,62.258336720474944
122.01,62.37302276501697
122.02,62.488189005531794
122.03,62.60383856883319
122.04,62.71997460781485
122.05,62.83660030171261
122.06,62.953718856369704
122.07,63.071333504505155
122.08,63.18944750598528
122.09,63.30806414809841
122.1,63.42718674583282
122.11,63.546818642157945
122.12,63.6669632083089
122.13,63.78762384407438
122.14,63.90880397808795
122.15,64.03050706812279
122.16,64.15273660138993
122.17,64.27549609484008
122.18,64.39878909546893
122.19,64.52261918062626
122.2,64.64698995832862
122.21,64.77190506757574
122.22,64.89736817867085
122.23,65.02338299354467
122.24,65.1499532460835
122.25,65.27708270246102
122.26,65.4047751614743
122.27,65.53303445488378
122.28,65.66186444775727
122.29,65.7912690388183
122.3,65.92125216079856
122.31,66.05181778079464
122.32,66.18296990062916
122.33,66.31471255721627
122.34,66.44704982293155
122.35,66.57998580598652
122.36,66.71352465080776
122.37,66.8476705384205
122.38,66.98242768683716
122.39,67.11780035145043
122.4,67.25379282543139
122.41,67.39040944013244
122.42,67.5276545654952
122.43,67.66553261046349
122.44,67.80404802340146
122.45,67.94320529251682
122.46,68.08300894628941
122.47,68.22346355390506
122.48,68.36457372569492
122.49,68.5063441135802
122.5,68.64877941152248
122.51,68.7918843559798
122.52,68.93566372636825
122.53,69.08012234552953
122.54,69.22526508020437
122.55,69.37109684151183
122.56,69.51762258543478
122.57,69.6648473133114
122.58,69.812776072333
122.59,69.96141395604809
122.6,70.11076610487292
122.61,70.26083770660846
122.62,70.41163399696397
122.63,70.56316026008733
122.64,70.71542182910203
122.65,70.86842408665117
122.66,71.02217246544836
122.67,71.17667244883569
122.68,71.33192957134891
122.69,71.48794941928989
122.7,71.64473763130648
122.71,71.80229989897987
122.72,71.96064196741948
122.73,72.11976963586567
122.74,72.27968875830025
122.75,72.4404052440649
122.76,72.60192505848768
122.77,72.76425422351767
122.78,72.92739881836799
122.79,73.0913649801672
122.8,73.25615890461917
122.81,73.42178684667176
122.82,73.5882551211942
122.83,73.75557010366335
122.84,73.92373823085917
122.85,74.09276600156926
122.86,74.26265997730277
122.87,74.43342678301376
122.88,74.60507310783416
122.89,74.77760570581654
122.9,74.95103139668672
122.91,75.12535706660637
122.92,75.30058966894599
122.93,75.476736225068
122.94,75.6538038251205
122.95,75.83179962884164
122.96,76.01073086637473
122.97,76.19060483909449
122.98,76.37142892044433
122.99,76.55321055678493
123.0,76.7359572682544
123.01,76.91967664964002
123.02,77.10437637126186
123.03,77.29006417986841
123.04,77.47674789954435
123.05,77.6644354326308
123.06,77.85313476065808
123.07,78.04285394529126
123.08,78.23360112928862
123.09,78.42538453747338
123.1,78.61821247771863
123.11,78.812093341946
123.12,79.00703560713792
123.13,79.20304783636405
123.14,79.40013867982174
123.15,79.59831687589104
123.16,79.79759125220428
123.17,79.99797072673053
123.18,80.19946430887518
123.19,80.40208110059481
123.2,80.60583029752772
123.21,80.81072119014011
123.22,81.01676316488853
123.23,81.22396570539846
123.24,81.43233839365952
123.25,81.64189091123755
123.26,81.85263304050369
123.27,82.06457466588087
123.28,82.27772577510791
123.29,82.49209646052152
123.3,82.7076969203565
123.31,82.92453746006436
123.32,83.14262849365078
123.33,83.36198054503207
123.34,83.58260424941102
123.35,83.8045103546724
123.36,84.02770972279845
123.37,84.2522133313046
123.38,84.47803227469598
123.39,84.70517776594464
123.4,84.93366113798825
123.41,85.16349384525033
123.42,85.3946874651824
123.43,85.62725369982857
123.44,85.86120437741269
123.45,86.09655145394859
123.46,86.33330701487371
123.47,86.57148327670652
123.48,86.81109258872807
123.49,87.0521474346882
123.5,87.29466043453651
123.51,87.53864434617891
123.52,87.78411206725976
123.53,88.03107663697021
123.54,88.27955123788327
123.55,88.52954919781574
123.56,88.78108399171776
123.57,89.03416924359018
123.58,89.28881872843036
123.59,89.54504637420676
123.6,89.80286626386292
123.61,90.06229263735113
123.62,90.32333989369643
123.63,90.58602259309134
123.64,90.85035545902196
123.65,91.11635338042565
123.66,91.38403141388129
123.67,91.65340478583214
123.68,91.9244888948422
123.69,92.19729931388646
123.7,92.4718517926757
123.71,92.74816226001617
123.72,93.0262468262052
123.73,93.3061217854627
123.74,93.58780361839973
123.75,93.87130899452444
123.76,94.15665477478595
123.77,94.44385801415707
123.78,94.7329359642563
123.79,95.02390607600977
123.8,95.31678600235385
123.81,95.61159360097915
123.82,95.90834693711638
123.83,96.20706428636511
123.84,96.50776413756581
123.85,96.81046519571615
123.86,97.1151863849321
123.87,97.42194685145476
123.88,97.73076596670354
123.89,98.04166333037655
123.9,98.35465877359896
123.91,98.66977236212017
123.92,98.98702439956057
123.93,99.3064354307087
123.94,99.62802624486979
123.95,99.95181787926633
123.96,100.27783162249179
123.97,100.60608901801821
123.98,100.93661186775859
123.99,101.26942223568511
124.0,101.60454245150405
124.01,101.94199511438825
124.02,102.2818030967684
124.03,102.6239895481838
124.04,102.96857789919386
124.05,103.31559186535117
124.06,103.66505545123738
124.07,104.01699295456281
124.08,104.37142897033088
124.09,104.72838839506858
124.1,105.08789643112391
124.11,105.44997859103165
124.12,105.81466070194843
124.13,106.18196891015833
124.14,106.55192968565036
124.15,106.92456982676873
124.16,107.29991646493748
124.17,107.67799706946052
124.18,108.05883945239844
124.19,108.44247177352341
124.2,108.82892254535336
124.21,109.21822063826714
124.22,109.61039528570149
124.23,110.0054760894318
124.24,110.40349302493762
124.25,110.80447644685468
124.26,111.20845709451464
124.27,111.61546609757428
124.28,112.02553498173555
124.29,112.43869567455792
124.3,112.85498051136489
124.31,113.2744222412459
124.32,113.69705403315557
124.33,114.12290948211171
124.34,114.55202261549393
124.35,114.98442789944441
124.36,115.42016024537276
124.37,115.85925501656642
124.38,116.3017480349088
124.39,116.7476755877066
124.4,117.19707443462842
124.41,117.6499818147564
124.42,118.10643545375285
124.43,118.56647357114382
124.44,119.03013488772152
124.45,119.4974586330677
124.46,119.96848455319993
124.47,120.44325291834289
124.48,120.9218045308267
124.49,121.4041807331146
124.5,121.89042341596186
124.51,122.38057502670846
124.52,122.8746785777074
124.53,123.37277765489127
124.54,123.87491642647909
124.55,124.38113965182589
124.56,124.89149269041741
124.57,125.40602151101221
124.58,125.92477270093381
124.59,126.44779347551514
124.6,126.97513168769788
124.61,127.50683583778935
124.62,128.04295508337935
124.63,128.58353924941963
124.64,129.12863883846867
124.65,129.67830504110455
124.66,130.2325897465083
124.67,130.79154555322089
124.68,131.3552257800765
124.69,131.92368447731474
124.7,132.49697643787496
124.71,133.07515720887534
124.72,133.65828310327987
124.73,134.24641121175603
124.74,134.83959941472634
124.75,135.43790639461676
124.76,136.0413916483049
124.77,136.65011549977146
124.78,137.2641391129576
124.79,137.883524504832
124.8,138.5083345586703
124.81,139.13863303755048
124.82,139.77448459806735
124.83,140.41595480426943
124.84,141.06311014182174
124.85,141.71601803239767
124.86,142.37474684830343
124.87,143.0393659273386
124.88,143.7099455878959
124.89,144.38655714430425
124.9,145.06927292241795
124.91,145.75816627545612
124.92,146.45331160009545
124.93,147.15478435282023
124.94,147.86266106653298
124.95,148.57701936742941
124.96,149.29793799214144
124.97,150.02549680515145
124.98,150.75977681648217
124.99,151.50086019966506
125.0,152.2488303099914
125.01,153.00377170304952
125.02,153.76577015355176
125.03,154.53491267445503
125.04,155.31128753637847
125.05,156.0949842873218
125.06,156.88609377268813
125.07,157.68470815561466
125.08,158.49092093761513
125.09,159.30482697953718
125.1,160.12652252283848
125.11,160.956105211185
125.12,161.79367411237476
125.13,162.6393297405907
125.14,163.49317407898582
125.15,164.35531060260374
125.16,165.22584430163855
125.17,166.10488170503626
125.18,166.9925309044415
125.19,167.88890157849224
125.2,168.79410501746548
125.21,169.7082541482768
125.22,170.6314635598362
125.23,171.563849528763
125.24,172.5055300454623
125.25,173.45662484056515
125.26,174.41725541173452
125.27,175.38754505083932
125.28,176.36761887149814
125.29,177.35760383699423
125.3,178.35762878856346
125.31,179.36782447405628
125.32,180.38832357697473
125.33,181.41926074588525
125.34,182.46077262420806
125.35,183.51299788038298
125.36,184.576077238412
125.37,185.65015350877812
125.38,186.73537161973985
125.39,187.83187864900043
125.4,188.9398238557504
125.41,190.05935871308185
125.42,191.19063694077215
125.43,192.33381453843484
125.44,193.48904981903448
125.45,194.6565034427622
125.46,195.83633845126784
125.47,197.02872030224466
125.48,198.23381690436096
125.49,199.45179865253368
125.5,200.6828384635375
125.51,201.92711181194275
125.52,203.1847967663746
125.53,204.45607402608547
125.54,205.7411269578317
125.55,207.04014163304495
125.56,208.35330686528758
125.57,209.68081424798115
125.58,211.0228581923956
125.59,212.37963596588588
125.6,213.75134773036228
125.61,215.1381965809792
125.62,216.54038858502634
125.63,217.95813282100468
125.64,219.39164141786966
125.65,220.84112959442106
125.66,222.3068156988194
125.67,223.78892124820635
125.68,225.28767096840576
125.69,226.80329283368036
125.7,228.33601810651757
125.71,229.88608137741667
125.72,231.45372060464743
125.73,233.03917715394925
125.74,234.64269583813757
125.75,236.26452495658276
125.76,237.90491633452493
125.77,239.5641253621857
125.78,241.2424110336366
125.79,242.9400359853809
125.8,244.657266534604
125.81,246.39437271704537
125.82,248.151628324442
125.83,249.9293109414912
125.84,251.72770198227872
125.85,253.54708672611437
125.86,255.3877543527153
125.87,257.24999797667436
125.88,259.1341146811479
125.89,261.0404055506937
125.9,262.9691757031885
125.91,264.9207343207486
125.92,266.8953946795765
125.93,268.8934741786517
125.94,270.9152943671796
125.95,272.961180970711
125.96,275.03146391583834
125.97,277.12647735337356
125.98,279.2465596799064
125.99,281.3920535576392
126.0,283.5633059323894
126.01,285.76066804964773
126.02,287.98449546857364
126.03,290.2351480738078
126.04,292.51299008497443
126.05,294.8183900637431
126.06,297.151720918314
126.07,299.5133599051867
126.08,301.9036886280656
126.09,304.32309303375297
126.1,306.77196340487257
126.11,309.2506943492632
126.12,311.7596847858756
126.13,314.29933792700086
126.14,316.87006125665283
126.15,319.4722665049217
126.16,322.10636961810997
126.17,324.7727907244563
126.18,327.47195409524795
126.19,330.2042881011153
126.2,332.97022516329685
126.21,335.7702016996579
126.22,338.60465806523933
126.23,341.47403848710746
126.24,344.37879099327057
126.25,347.3193673354215
126.26,350.29622290526004
126.27,353.30981664414423
126.28,356.3606109458122
126.29,359.44907155191345
126.3,362.5756674400808
126.31,365.7408707042707
126.32,368.9451564270945
126.33,372.18900254385755
126.34,375.47288969802054
126.35,378.79730108779114
126.36,382.16272230355196
126.37,385.569641155826
126.38,389.01854749347837
126.39,392.50993301185014
126.4,396.0442910505177
126.41,399.6221163803689
126.42,403.2439049796864
126.43,406.9101537989281
126.44,410.6213605138924
126.45,414.3780232669597
126.46,418.1806403960994
126.47,422.0297101513356
126.48,425.9257303983666
126.49,429.8691983090367
126.5,433.86061003836295
126.51,437.9004603878262
126.52,441.98924245463877
126.53,446.12744726671275
126.54,450.31556340305724
126.55,454.55407659934525
126.56,458.84346933839976
126.57,463.1842204253618
126.58,467.57680454731576
126.59,472.0216918171624
126.6,476.51934730154545
126.61,481.0702305326561
126.62,485.674795003758
126.63,490.33348764829594
126.64,495.04674830247507
126.65,499.8150091512191
126.66,504.6386941574435
126.67,509.51821847460667
126.68,514.4539878425301
126.69,519.4463979665113
126.7,524.4958338797852
126.71,529.6026692894237
126.72,534.767265905801
126.73,539.9899727557903
126.74,545.271125479898
126.75,550.6110456135831
126.76,556.0100398530537
126.77,561.4683993058817
126.78,566.9863987268183
126.79,572.5642957392502
126.8,578.2023300427813
126.81,583.9007226074825
126.82,589.6596748554039
126.83,595.479367830003
126.84,601.3599613541978
126.85,607.3015931778147
126.86,613.30437811526
126.87,619.3684071743082
126.88,625.4937466769595
126.89,631.6804373733852
126.9,637.9284935500424
126.91,644.2379021331055
126.92,650.6086217884244
126.93,657.040582019288
126.94,663.533682263333
126.95,670.0877909900067
126.96,676.7027448000513
126.97,683.3783475285461
126.98,690.1143693531026
126.99,696.9105459088682
127.0,703.766577412056
127.01,710.6821277937714
127.02,717.6568238459658
127.03,724.6902543813944
127.04,731.7819694095097
127.05,738.9314793302642
127.06,746.1382541478422
127.07,753.401722706375
127.08,760.7212719497323
127.09,768.0962462075097
127.1,775.525946509359
127.11,783.0096299298274
127.12,790.5465089658854
127.13,798.1357509493336
127.14,805.7764774962785
127.15,813.4677639958686
127.16,821.2086391404654
127.17,828.9980844994127
127.18,836.8350341385404
127.19,844.7183742875084
127.2,852.6469430570578
127.21,860.6195302081915
127.22,868.6348769752493
127.23,876.6916759447864
127.24,884.7885709920891
127.25,892.9241572770893
127.26,901.0969813013521
127.27,909.3055410277202
127.28,917.5482860640957
127.29,925.823617912737
127.3,934.1298902863291
127.31,942.465409491968
127.32,950.8284348840664
127.33,959.2171793870584
127.34,967.6298100886337
127.35,976.0644489040883
127.36,984.5191733122244
127.37,992.9920171630738
127.38,1001.4809715575572
127.39,1009.9839857990253
127.4,1018.498968416457
127.41,1027.0237882589165
127.42,1035.5562756606955
127.43,1044.0942236763901
127.44,1052.6353893849823
127.45,1061.1774952618164
127.46,1069.7182306171821
127.47,1078.2552531000385
127.48,1086.7861902652319
127.49,1095.3086412023931
127.5,1103.8201782245185
127.51,1112.3183486140779
127.52,1120.8006764243232
127.53,1129.2646643333142
127.54,1137.7077955480215
127.55,1146.1275357557215
127.56,1154.5213351197503
127.57,1162.886630316559
127.58,1171.2208466108727
127.59,1179.521399965652
127.6,1187.7856991834328
127.61,1196.0111480755274
127.62,1204.1951476554807
127.63,1212.3350983530863
127.64,1220.4284022452061
127.65,1228.4724652995724
127.66,1236.464699627705
127.67,1244.402525743036
127.68,1252.2833748203134
127.69,1260.1046909523343
127.7,1267.8639334000598
127.71,1275.5585788321685
127.72,1283.1861235501297
127.73,1290.7440856949015
127.74,1298.230007431409
127.75,1305.6414571070038
127.76,1312.976031380176
127.77,1320.23135731586
127.78,1327.4050944437624
127.79,1334.4949367762347
127.8,1341.4986147823154
127.81,1348.4138973146828
127.82,1355.2385934863785
127.83,1361.97055449429
127.84,1368.6076753865234
127.85,1375.147896770935
127.86,1381.5892064622446
127.87,1387.92964106531
127.88,1394.1672874923013
127.89,1400.3002844116807
127.9,1406.3268236270676
127.91,1412.2451513842332
127.92,1418.0535696046547
127.93,1423.7504370442318
127.94,1429.334170375948
127.95,1434.8032451954411
127.96,1440.1561969486293
127.97,1445.3916217807127
127.98,1450.5081773060585
127.99,1455.5045832986468
128.0,1460.379622302935
128.01,1465.132140165168
128.02,1469.761046485331
128.03,1474.265314990109
128.04,1478.6439838273755
128.05,1482.8961557828904
128.06,1487.02099842004
128.07,1491.0177441435944
128.08,1494.885690188603
128.09,1498.6241985356767
128.1,1502.232695754039
128.11,1505.710672773843
128.12,1509.0576845893731
128.13,1512.2733498948487
128.14,1515.3573506546552
128.15,1518.3094316099136
128.16,1521.129399723391
128.17,1523.8171235648267
128.18,1526.3725326388233
128.19,1528.7956166575134
128.2,1531.0864247602676
128.21,1533.2450646827583
128.22,1535.2717018777341
128.23,1537.1665585898952
128.24,1538.9299128872835
128.25,1540.5620976516252
128.26,1542.0634995300716
128.27,1543.4345578507978
128.28,1544.6757635049112
128.29,1545.7876577971215
128.3,1546.7708312676123
128.31,1547.625922487533
128.32,1548.3536168305138
128.33,1548.954645222574
128.34,1549.4297828727633
128.35,1549.7798479868402
128.36,1550.0057004662506
128.37,1550.1082405946233
128.38,1550.0884077139542
128.39,1549.9471788925937
128.4,1549.6855675871052
128.41,1549.3046222999978
128.42,1548.8054252352804
128.43,1548.1890909537206
128.44,1547.4567650296315
128.45,1546.6096227109374
128.46,1545.6488675842083
128.47,1544.575730246283
128.48,1543.3914669840294
128.49,1542.0973584637259
128.5,1540.6947084314713
128.51,1539.1848424259665
128.52,1537.5691065049357
128.53,1535.8488659863876
128.54,1534.025504205848
128.55,1532.1004212906203
128.56,1530.075032952071
128.57,1527.95076929686
128.58,1525.7290736579735
128.59,1523.4114014463528
128.6,1520.999219023845
128.61,1518.4940025981366
128.62,1515.8972371402767
128.63,1513.2104153253267
128.64,1510.4350364966224
128.65,1507.5726056540736
128.66,1504.6246324668714
128.67,1501.592630310921
128.68,1498.4781153312663
128.69,1495.2826055297196
128.7,1492.007619877868
128.71,1488.6546774555736
128.72,1485.2252966150515
128.73,1481.7209941705548
128.74,1478.143284613666
128.75,1474.4936793541517
128.76,1470.7736859862994
128.77,1466.9848075806242
128.78,1463.1285420007991
128.79,1459.2063812456308
128.8,1455.219810815875
128.81,1451.1703091056593
128.82,1447.0593468182535
128.83,1442.8883864059067
128.84,1438.6588815334437
128.85,1434.372276565302
128.86,1430.0300060756583
128.87,1425.633494381292
128.88,1421.1841550968024
128.89,1416.6833907117948
128.9,1412.1325921896273
128.91,1407.533138587308
128.92,1402.8863966961142
128.93,1398.1937207025007
128.94,1393.4564518688564
128.95,1388.6759182336596
128.96,1383.8534343305787
128.97,1378.9903009260609
128.98,1374.0878047749454
128.99,1369.1472183936387
129.0,1364.1697998503844
129.01,1359.1567925721633
129.02,1354.109425167755
129.03,1349.028911266496
129.04,1343.9164493722703
129.05,1338.773222732272
129.06,1333.6003992200758
129.07,1328.3991312325659
129.08,1323.1705556002664
129.09,1317.9157935106284
129.1,1312.6359504438299
129.11,1307.3321161206516
129.12,1302.0053644619973
129.13,1296.6567535596337
129.14,1291.2873256577293
129.15,1285.8981071447806
129.16,1280.4901085555214
129.17,1275.064324582415
129.18,1269.621734096341
129.19,1264.163300176089
129.2,1258.689970146291
129.21,1253.2026756234175
129.22,1247.7023325694827
129.23,1242.189841353106
129.24,1236.6660868175857
129.25,1231.131938355651
129.26,1225.5882499905667
129.27,1220.0358604632684
129.28,1214.4755933252225
129.29,1208.9082570367068
129.3,1203.3346450702186
129.31,1197.7555360187246
129.32,1192.1716937084764
129.33,1186.583867316122
129.34,1180.9927914898524
129.35,1175.3991864743298
129.36,1169.8037582391541
129.37,1164.2071986106278
129.38,1158.6101854065914
129.39,1153.0133825741077
129.4,1147.4174403297782
129.41,1141.8229953024868
129.42,1136.2306706783695
129.43,1130.6410763478175
129.44,1125.0548090543273
129.45,1119.47245254502
129.46,1113.8945777226556
129.47,1108.3217427989787
129.48,1102.754493449232
129.49,1097.193362967691
129.5,1091.6388724240653
129.51,1086.0915308206322
129.52,1080.551835249962
129.53,1075.0202710531091
129.54,1069.497311978142
129.55,1063.9834203388968
129.56,1058.479047173837
129.57,1052.9846324049154
129.58,1047.5006049963306
129.59,1042.0273831130833
129.6,1036.5653742792358
129.61,1031.1149755357878
129.62,1025.6765735980807
129.63,1020.2505450126537
129.64,1014.837256313471
129.65,1009.4370641774512
129.66,1004.0503155792285
129.67,998.6773479450803
129.68,993.318489305963
129.69,987.9740584495942
129.7,982.6443650715305
129.71,977.329709925188
129.72,972.0303849707582
129.73,966.7466735229742
129.74,961.4788503976864
129.75,956.2271820572064
129.76,950.9919267543851
129.77,945.7733346753902
129.78,940.5716480811515
129.79,935.3871014474461
129.8,930.2199216035963
129.81,925.0703278697565
129.82,919.9385321927668
129.83,914.824739280553
129.84,909.7291467350548
129.85,904.6519451836676
129.86,899.5933184091814
129.87,894.5534434782047
129.88,889.5324908680637
129.89,884.5306245921663
129.9,879.5480023238222
129.91,874.5847755185152
129.92,869.6410895346199
129.93,864.7170837525603
129.94,859.812891692408
129.95,854.9286411299187
129.96,850.0644542110052
129.97,845.2204475646506
129.98,840.3967324142603
129.99,835.5934146874594
130.0,830.810595124335
130.01,826.0483693841327
130.02,821.3068281504083
130.03,816.5860572346445
130.04,811.8861376783376
130.05,807.2071458535621
130.06,802.5491535620225
130.07,797.9122281326001
130.08,793.296432517405
130.09,788.7018253863429
130.1,784.1284612202078
130.11,779.5763904023113
130.12,775.0456593086594
130.13,770.5363103966902
130.14,766.0483822925825
130.15,761.5819098771507
130.16,757.136924370336
130.17,752.7134534143096
130.18,748.3115211551992
130.19,743.9311483234547
130.2,739.5723523128656
130.21,735.2351472582442
130.22,730.9195441117901
130.23,726.6255507181496
130.24,722.353171888185
130.25,718.1024094714679
130.26,713.8732624275133
130.27,709.6657268957664
130.28,705.4797962643609
130.29,701.3154612376603
130.3,697.1727099026006
130.31,693.0515277938465
130.32,688.9518979577796
130.33,684.8738010153311
130.34,680.8172152236758
130.35,676.7821165368024
130.36,672.7684786649746
130.37,668.7762731330994
130.38,664.8054693380167
130.39,660.856034604726
130.4,656.9279342415647
130.41,653.0211315943535
130.42,649.1355880995234
130.43,645.2712633362394
130.44,641.428115077536
130.45,637.6060993404776
130.46,633.8051704353612
130.47,630.0252810139725
130.48,626.2663821169123
130.49,622.5284232200066
130.5,618.8113522798147
130.51,615.1151157782482
130.52,611.4396587663166
130.53,607.7849249070123
130.54,604.1508565173485
130.55,600.537394609564
130.56,596.9444789315073
130.57,593.3720480062154
130.58,589.8200391706973
130.59,586.288388613938
130.6,582.777031414134
130.61,579.285901575174
130.62,575.8149320623767
130.63,572.3640548374984
130.64,568.9332008930226
130.65,565.5223002857432
130.66,562.1312821696546
130.67,558.7600748281586
130.68,555.4086057056013
130.69,552.0768014381507
130.7,548.7645878840266
130.71,545.4718901530941
130.72,542.1986326358312
130.73,538.9447390316824
130.74,535.7101323768075
130.75,532.4947350712381
130.76,529.2984689054513
130.77,526.1212550863696
130.78,522.9630142628002
130.79,519.8236665503207
130.8,516.7031315556229
130.81,513.6013284003237
130.82,510.51817574425314
130.83,507.45359180822817
130.84,504.40749439632253
130.85,501.37980091764115
130.86,498.3704284076082
130.87,495.3792935487781
130.88,492.4063126911776
130.89,489.4514018721881
130.9,486.51447683597627
130.91,483.5954530524815
130.92,480.6942457359686
130.93,477.81076986315327
130.94,474.944940190909
130.95,472.09667127356244
130.96,469.26587747978573
130.97,466.45247300909284
130.98,463.65637190794735
130.99,460.8774880854895
131.0,458.11573532888923
131.01,455.3710273183322
131.02,452.64327764164665
131.03,449.93239980857663
131.04,447.2383072647095
131.05,444.56091340506356
131.06,441.9001315873431
131.07,439.25587514486614
131.08,436.62805739917246
131.09,434.0165916723171
131.1,431.42139129885584
131.11,428.8423696375289
131.12,426.2794400826481
131.13,423.73251607519353
131.14,421.20151111362594
131.15,418.68633876441953
131.16,416.18691267232117
131.17,413.7031465703415
131.18,411.2349542894828
131.19,408.78224976820906
131.2,406.3449470616635
131.21,403.92296035063845
131.22,401.5162039503022
131.23,399.1245923186883
131.24,396.74804006495134
131.25,394.38646195739454
131.26,392.03977293127343
131.27,389.7078880963799
131.28,387.39072274441173
131.29,385.088192356131
131.3,382.80021260831654
131.31,380.52669938051406
131.32,378.2675687615883
131.33,376.02273705608116
131.34,373.7921207903799
131.35,371.57563671869906
131.36,369.37320182888016
131.37,367.1847333480128
131.38,365.0101487478811
131.39,362.8493657502385
131.4,360.70230233191546
131.41,358.56887672976217
131.42,356.4490074454314
131.43,354.34261325000307
131.44,352.2496131884554
131.45,350.16992658398465
131.46,348.1034730421776
131.47,346.0501724550391
131.48,344.00994500487826
131.49,341.9827111680562
131.5,339.96839171859807
131.51,337.9669077316725
131.52,335.9781805869413
131.53,334.00213197178164
131.54,332.0386838843849
131.55,330.08775863673276
131.56,328.14927885745504
131.57,326.22316749457093
131.58,324.3093478181163
131.59,322.4077434226596
131.6,320.5182782297091
131.61,318.640876490013
131.62,316.77546278575596
131.63,314.92196203265337
131.64,313.08029948194604
131.65,311.2504007222977
131.66,309.4321916815968
131.67,307.62559862866567
131.68,305.83054817487846
131.69,304.04696727569
131.7,302.27478323207805
131.71,300.51392369190023
131.72,298.76431665116814
131.73,297.02589045524036
131.74,295.298573799936
131.75,293.5822957325711
131.76,291.8769856529191
131.77,290.1825733140976
131.78,288.4989888233831
131.79,286.82616264295484
131.8,285.1640255905704
131.81,283.51250884017367
131.82,281.8715439224375
131.83,280.24106272524233
131.84,278.620997494092
131.85,277.01128083246937
131.86,275.4118457021314
131.87,273.8226254233472
131.88,272.24355367507854
131.89,270.674564495106
131.9,269.11559228010043
131.91,267.5665717856425
131.92,266.0274381261907
131.93,264.4981267749993
131.94,262.9785735639881
131.95,261.46871468356414
131.96,259.9684866823977
131.97,258.4778264671529
131.98,256.99667130217443
131.99,255.52495880913182
132.0,254.0626269666218
132.01,252.60961410973016
132.02,251.1658589295543
132.03,249.7313004726872
132.04,248.3058781406641
132.05,246.8895316893729
132.06,245.48220122842886
132.07,244.08382722051536
132.08,242.69435048069082
132.09,241.31371217566323
132.1,239.94185382303317
132.11,238.57871729050595
132.12,237.22424479507396
132.13,235.8783789021701
132.14,234.54106252479303
132.15,233.21223892260508
132.16,231.89185170100367
132.17,230.579844810167
132.18,229.27616254407488
132.19,227.98074953950524
132.2,226.69355077500725
132.21,225.41451156985184
132.22,224.14357758296003
132.23,222.8806948118101
132.24,221.62580959132399
132.25,220.37886859273408
132.26,219.13981882243024
132.27,217.90860762078856
132.28,216.6851826609818
132.29,215.4694919477728
132.3,214.26148381629065
132.31,213.06110693079097
132.32,211.86831028340038
132.33,210.68304319284601
132.34,209.50525530317046
132.35,208.33489658243263
132.36,207.17191732139545
132.37,206.01626813220028
132.38,204.86789994702917
132.39,203.72676401675514
132.4,202.59281190958092
132.41,201.46599550966687
132.42,200.34626701574834
132.43,199.2335789397429
132.44,198.12788410534816
132.45,197.0291356466303
132.46,195.9372870066039
132.47,194.85229193580346
132.48,193.77410449084704
132.49,192.70267903299228
132.5,191.6379702266854
132.51,190.57993303810358
132.52,189.52852273369058
132.53,188.48369487868686
132.54,187.44540533565362
132.55,186.41361026299185
132.56,185.38826611345624
132.57,184.36932963266452
132.58,183.35675785760253
132.59,182.3505081151253
132.6,181.35053802045442
132.61,180.35680547567202
132.62,179.36926866821182
132.63,178.3878860693472
132.64,177.41261643267686
132.65,176.44341879260838
132.66,175.48025246283956
132.67,174.52307703483828
132.68,173.5718523763208
132.69,172.62653862972903
132.7,171.6870962107066
132.71,170.75348580657453
132.72,169.82566837480613
132.73,168.90360514150197
132.74,167.98725759986453
132.75,167.07658750867324
132.76,166.1715568907599
132.77,165.27212803148456
132.78,164.37826347721247
132.79,163.48992603379185
132.8,162.6070787650328
132.81,161.72968499118792
132.82,160.85770828743404
132.83,159.99111248235607
132.84,159.1298616564326
132.85,158.27392014052356
132.86,157.42325251436017
132.87,156.57782360503728
132.88,155.73759848550833
132.89,154.90254247308283
132.9,154.07262112792694
132.91,153.24780025156684
132.92,152.42804588539536
132.93,151.6133243091818
132.94,150.80360203958517
132.95,149.998845828671
132.96,149.1990226624317
132.97,148.4040997593108
132.98,147.614044568731
132.99,146.82882476962624
133.0,146.04840826897785
133.01,145.27276320035503
133.02,144.50185792245944
133.03,143.7356610176744
133.04,142.97414129061852
133.05,142.21726776670388
133.06,141.46500969069908
133.07,140.71733652529693
133.08,139.97421794968704
133.09,139.23562385813344
133.1,138.50152435855708
133.11,137.77188977112368
133.12,137.04669062683658
133.13,136.32589766613486
133.14,135.60948183749693
133.15,134.89741429604933
133.16,134.1896664021812
133.17,133.48620972016406
133.18,132.7870160167774
133.19,132.09205725993965
133.2,131.40130561734517
133.21,130.71473345510674
133.22,130.03231333640392
133.23,129.35401802013732
133.24,128.67982045958877
133.25,128.00969380108734
133.26,127.34361138268149
133.27,126.68154673281717
133.28,126.023473569022
133.29,125.36936579659562
133.3,124.71919750730609
133.31,124.07294297809258
133.32,123.43057666977421
133.33,122.79207322576517
133.34,122.15740747079609
133.35,121.52655440964176
133.36,120.89948922585516
133.37,120.2761872805078
133.38,119.65662411093655
133.39,119.04077542949678
133.4,118.42861712232197
133.41,117.82012524808974
133.42,117.21527603679438
133.43,116.61404588852582
133.44,116.01641137225512
133.45,115.42234922462644
133.46,114.83183634875557
133.47,114.24484981303496
133.48,113.66136684994531
133.49,113.08136485487373
133.5,112.50482138493842
133.51,111.93171415781997
133.52,111.36202105059915
133.53,110.79572009860142
133.54,110.23278949424785
133.55,109.67320758591278
133.56,109.11695287678796
133.57,108.56400402375338
133.58,108.0143398362546
133.59,107.4679392751867
133.6,106.92478145178478
133.61,106.38484562652123
133.62,105.84811120800926
133.63,105.31455775191331
133.64,104.78416495986586
133.65,104.25691267839085
133.66,103.73278089783366
133.67,103.21174975129769
133.68,102.69379951358738
133.69,102.17891060015788
133.7,101.66706356607116
133.71,101.1582391049587
133.72,100.6524180479906
133.73,100.14958136285132
133.74,99.64971015272177
133.75,99.15278565526792
133.76,98.65878924163592
133.77,98.16770241545352
133.78,97.67950681183812
133.79,97.19418419641106
133.8,96.71171646431836
133.81,96.23208563925789
133.82,95.75527387251289
133.83,95.28126344199175
133.84,94.81003675127428
133.85,94.34157632866412
133.86,93.87586482624758
133.87,93.41288501895872
133.88,92.95261980365065
133.89,92.49505219817311
133.9,92.04016534045626
133.91,91.58794248760061
133.92,91.13836701497328
133.93,90.69142241531024
133.94,90.24709229782479
133.95,89.80536038732212
133.96,89.36621052331998
133.97,88.92962665917538
133.98,88.49559286121742
133.99,88.06409330788603
134.0,87.6351122888768
134.01,87.20863420429177
134.02,86.78464356379612
134.03,86.36312498578089
134.04,85.94406319653146
134.05,85.5274430294021
134.06,85.11324942399618
134.07,84.70146742535238
134.08,84.29208218313657
134.09,83.88507895083957
134.1,83.4804430849806
134.11,83.07816004431652
134.12,82.67821538905667
134.13,82.28059478008358
134.14,81.88528397817905
134.15,81.49226884325614
134.16,81.1015353335966
134.17,80.71306950509386
134.18,80.32685751050164
134.19,79.94288559868806
134.2,79.56114011389519
134.21,79.18160749500412
134.22,78.80427427480544
134.23,78.42912707927516
134.24,78.05615262685593
134.25,77.68533772774373
134.26,77.31666928317978
134.27,76.95013428474782
134.28,76.5857198136766
134.29,76.22341304014772
134.3,75.8632012226085
134.31,75.50507170709021
134.32,75.14901192653143
134.33,74.79500940010644
134.34,74.44305173255877
134.35,74.0931266135399
134.36,73.74522181695284
134.37,73.39932520030091
134.38,73.05542470404134
134.39,72.71350835094398
134.4,72.37356424545482
134.41,72.03558057306445
134.42,71.69954559968147
134.43,71.36544767101063
134.44,71.03327521193584
134.45,70.70301672590804
134.46,70.37466079433766
134.47,70.04819607599195
134.48,69.72361130639705
134.49,69.40089529724452
134.5,69.0800369358028
134.51,68.76102518433305
134.52,68.44384907950972
134.53,68.12849773184561
134.54,67.81496032512155
134.55,67.50322611582044
134.56,67.19328443256593
134.57,66.88512467556544
134.58,66.57873631605761
134.59,66.27410889576424
134.6,65.97123202634643
134.61,65.67009538886516
134.62,65.37068873324624
134.63,65.07300187774936
134.64,64.77702470844157
134.65,64.48274717867487
134.66,64.19015930856803
134.67,63.899251184492606
134.68,63.61001295856307
134.69,63.32243484813104
134.7,63.03650713528364
134.71,62.75222016634587
134.72,62.469564351387035
134.73,62.188530163731166
134.74,61.909108139471435
134.75,61.631288876988506
134.76,61.355063036472785
134.77,61.080421339450616
134.78,60.8073545683143
134.79,60.53585356585598
134.8,60.26590923480533
134.81,59.99751253737103
134.82,59.730654494786016
134.83,59.465326186856444
134.84,59.201518751514385
134.85,58.93922338437417
134.86,58.678431338292434
134.87,58.41913392293173
134.88,58.16132250432782
134.89,57.90498850446048
134.9,57.6501234008279
134.91,57.39671872602455
134.92,57.144766067322635
134.93,56.89425706625694
134.94,56.64518341821318
134.95,56.39753687201972
134.96,56.151309229542775
134.97,55.90649234528489
134.98,55.66307812598683
134.99,55.42105853023277
135.0,55.18042556805878
135.01,54.941171300564605
135.02,54.70328783952867
135.03,54.46676734702631
135.04,54.23160203505122
135.05,53.99778416514005
135.06,53.7653060480002
135.07,53.53416004314067
135.08,53.3043385585061
135.09,53.0758340501138
135.1,52.848639021693884
135.11,52.62274602433247
135.12,52.3981476561178
135.13,52.17483656178942
135.14,51.95280543239028
135.15,51.732047004921796
135.16,51.51255406200181
135.17,51.294319431525466
135.18,51.07733598632892
135.19,50.86159664385592
135.2,50.647094365827215
135.21,50.43382215791276
135.22,50.221773069406666
135.23,50.01094019290498
135.24,49.80131666398613
135.25,49.592895660894115
135.26,49.38567040422439
135.27,49.1796341566124
135.28,48.97478022242478
135.29,48.77110194745318
135.3,48.56859271861067
135.31,48.36724596363075
135.32,48.167055150768945
135.33,47.96801378850687
135.34,47.77011542525891
135.35,47.5733536490813
135.36,47.37772208738376
135.37,47.18321440664355
135.38,46.98982431212199
135.39,46.79754554758335
135.4,46.606371895016174
135.41,46.416297174357005
135.42,46.227315243216395
135.43,46.039419996607315
135.44,45.85260536667584
135.45,45.66686532243417
135.46,45.4821938694959
135.47,45.29858504981356
135.48,45.116032941418396
135.49,44.93453165816237
135.5,44.75407534946235
135.51,44.5746582000465
135.52,44.396274429702835
135.53,44.21891829302989
135.54,44.04258407918956
135.55,43.86726611166201
135.56,43.69295874800271
135.57,43.51965637960149
135.58,43.347353431443736
135.59,43.1760443618735
135.6,43.00572366235875
135.61,42.83638585725853
135.62,42.668025503592155
135.63,42.50063719081037
135.64,42.33421554056841
135.65,42.168755206501025
135.66,42.00425087399945
135.67,41.8406972599902
135.68,41.67808911271579
135.69,41.516421211517326
135.7,41.355688366618914
135.71,41.19588541891392
135.72,41.03700723975302
135.73,40.87904873073407
135.74,40.72200482349377
135.75,40.56587047950104
135.76,40.41064068985219
135.77,40.25631047506782
135.78,40.10287488489143
135.79,39.95032899808971
135.8,39.79866792225455
135.81,39.64788679360673
135.82,39.4979807768012
135.83,39.34894506473408
135.84,39.200774878351254
135.85,39.053465466458555
135.86,38.90701210553356
135.87,38.761410099539
135.88,38.61665477973768
135.89,38.47274150450899
135.9,38.329665659166935
135.91,38.18742265577972
135.92,38.0460079329908
135.93,37.90541695584145
135.94,37.765645215594844
135.95,37.62668822956152
135.96,37.488541540926406
135.97,37.3512007185772
135.98,37.21466135693424
135.99,37.07891907578174
136.0,36.94396952010044
136.01,36.809808359901666
136.02,36.67643129006275
136.03,36.5438340301638
136.04,36.41201232432584
136.05,36.280961941050286
136.06,36.1506786730597
136.07,36.02115833713992
136.08,35.89239677398347
136.09,35.76438984803421
136.1,35.63713344733333
136.11,35.510623483366565
136.12,35.38485589091265
136.13,35.25982662789304
136.14,35.13553167522288
136.15,35.01196703666311
136.16,34.88912873867384
136.17,34.767012830268904
136.18,34.64561538287158
136.19,34.5249324901715
136.2,34.40496026798268
136.21,34.28569485410274
136.22,34.16713240817324
136.23,34.04926911154113
136.24,33.93210116712134
136.25,33.81562479926045
136.26,33.69983625360146
136.27,33.58473179694966
136.28,33.47030771713954
136.29,33.35656032290278
136.3,33.243485943737284
136.31,33.13108092977727
136.32,33.01934165166437
136.33,32.90826450041977
136.34,32.797845887317344
136.35,32.6880822437578
136.36,32.5789700211438
136.37,32.47050569075612
136.38,32.36268574363068
136.39,32.25550669043664
136.4,32.1489650613554
136.41,32.04305740596051
136.42,31.937780293098626
136.43,31.833130310771253
136.44,31.72910406601751
136.45,31.62569818479776
136.46,31.52290931187814
136.47,31.420734110716005
136.48,31.319169263346208
136.49,31.218211470268304
136.5,31.117857450334593
136.51,31.018103940639016
136.52,30.918947696406914
136.53,30.820385490885617
136.54,30.722414115235868
136.55,30.625030378424064
136.56,30.528231107115328
136.57,30.43201314556737
136.58,30.336373355525165
136.59,30.241308616116402
136.6,30.146815823747747
136.61,30.05289189200185
136.62,29.959533751535147
136.63,29.866738349976412
136.64,29.77450265182606
136.65,29.682823638356215
136.66,29.59169830751148
136.67,29.501123673810486
136.68,29.41109676824814
136.69,29.321614638198586
136.7,29.232674347318902
136.71,29.14427297545347
136.72,29.056407618539083
136.73,28.96907538851069
136.74,28.882273413207876
136.75,28.795998836282003
136.76,28.710248817104002
136.77,28.62502053067286
136.78,28.540311167524738
136.79,28.45611793364277
136.8,28.37243805036747
136.81,28.289268754307827
136.82,28.20660729725298
136.83,28.12445094608456
136.84,28.042796982689644
136.85,27.961642703874304
136.86,27.880985421277792
136.87,27.800822461287318
136.88,27.721151164953415
136.89,27.641968887905914
136.9,27.5632730002705
136.91,27.485060886585835
136.92,27.40732994572128
136.93,27.330077590795163
136.94,27.253301249093628
136.95,27.176998361990037
136.96,27.101166384864925
136.97,27.025802787026503
136.98,26.950905051631707
136.99,26.876470675607788
137.0,26.802497169574423
137.01,26.72898205776637
137.02,26.65592287795663
137.03,26.583317181380153
137.04,26.511162532658012
137.05,26.439456509722145
137.06,26.368196703740544
137.07,26.29738071904298
137.08,26.227006173047215
137.09,26.15707069618569
137.1,26.087571931832727
137.11,26.018507536232168
137.12,25.949875178425533
137.13,25.881672540180634
137.14,25.813897315920656
137.15,25.74654721265369
137.16,25.679619949902758
137.17,25.61311325963625
137.18,25.547024886198848
137.19,25.48135258624288
137.2,25.416094128660127
137.21,25.351247294514046
137.22,25.286809876972455
137.23,25.22277968124064
137.24,25.15915452449488
137.25,25.095932235816402
137.26,25.033110656125764
137.27,24.970687638117635
137.28,24.908661046196006
137.29,24.847028756409795
137.3,24.785788656388863
137.31,24.724938645280435
137.32,24.66447663368591
137.33,24.604400543598075
137.34,24.544708308338695
137.35,24.48539787249651
137.36,24.426467191865605
137.37,24.367914233384152
137.38,24.309736975073548
137.39,24.251933405977912
137.4,24.194501526103966
137.41,24.137439346361273
137.42,24.08074488850283
137.43,24.024416185066066
137.44,23.96845127931413
137.45,23.91284822517761
137.46,23.85760508719653
137.47,23.802719940462758
137.48,23.74819087056273
137.49,23.69401597352052
137.5,23.64019335574125
137.51,23.586721133954846
137.52,23.533597435160125
137.53,23.48082039656921
137.54,23.42838816555228
137.55,23.376298899582647
137.56,23.324550766182146
137.57,23.27314194286687
137.58,23.222070617093202
137.59,23.171334986204158
137.6,23.120933257376084
137.61,23.070863647565613
137.62,23.02112438345696
137.63,22.971713701409534
137.64,22.922629847405812
137.65,22.873871076999556
137.66,22.825435655264315
137.67,22.77732185674221
137.68,22.729527965393032
137.69,22.682052274543636
137.7,22.63489308683759
137.71,22.588048714185156
137.72,22.54151747771353
137.73,22.495297707717366
137.74,22.4493877436096
137.75,22.40378593387252
137.76,22.358490636009154
137.77,22.31350021649489
137.78,22.268813050729403
137.79,22.22442752298883
137.8,22.180342026378227
137.81,22.136554962784288
137.82,22.09306474282833
137.83,22.049869785819524
137.84,22.00696851970843
137.85,21.96435938104073
137.86,21.922040814911274
137.87,21.880011274918346
137.88,21.838269223118196
137.89,21.796813129979824
137.9,21.755641474340003
137.91,21.714752743358567
137.92,21.67414543247393
137.93,21.63381804535886
137.94,21.59376909387648
137.95,21.553997098036533
137.96,21.514500585951858
137.97,21.475278093795136
137.98,21.43632816575584
137.99,21.397649353997434
138.0,21.35924021861482
138.01,21.321099327591973
138.02,21.28322525675986
138.03,21.245616589754533
138.04,21.208271917975498
138.05,21.17118984054427
138.06,21.134368964263164
138.07,21.09780790357432
138.08,21.06150528051893
138.09,21.025459724696695
138.1,20.9896698732255
138.11,20.954134370701283
138.12,20.918851869158164
138.13,20.883821028028738
138.14,20.849040514104605
138.15,20.814509001497115
138.16,20.7802251715983
138.17,20.746187713042037
138.18,20.712395321665404
138.19,20.678846700470245
138.2,20.645540559584937
138.21,20.612475616226355
138.22,20.579650594662052
138.23,20.547064226172626
138.24,20.514715249014287
138.25,20.48260240838163
138.26,20.450724456370594
138.27,20.419080151941614
138.28,20.38766826088299
138.29,20.35648755577441
138.3,20.32553681595071
138.31,20.29481482746577
138.32,20.26432038305666
138.33,20.234052282107914
138.34,20.204009330616046
138.35,20.17419034115421
138.36,20.144594132837053
138.37,20.11521953128578
138.38,20.086065368593363
138.39,20.057130483289953
138.4,20.028413720308468
138.41,19.999913930950356
138.42,19.971629972851545
138.43,19.943560709948564
138.44,19.915705012444832
138.45,19.88806175677714
138.46,19.8606298255823
138.47,19.833408107663956
138.48,19.80639549795958
138.49,19.779590897507646
138.5,19.752993213414936
138.51,19.726601358824077
138.52,19.700414252881185
138.53,19.674430820703716
138.54,19.648649993348467
138.55,19.62307070777975
138.56,19.597691906837717
138.57,19.57251253920687
138.58,19.547531559384712
138.59,19.522747927650574
138.6,19.4981606100346
138.61,19.473768578286883
138.62,19.449570809846783
138.63,19.42556628781237
138.64,19.401754000910053
138.65,19.37813294346435
138.66,19.354702115367832
138.67,19.33146052205119
138.68,19.30840717445349
138.69,19.28554108899255
138.7,19.2628612875355
138.71,19.240366797369486
138.72,19.218056651172496
138.73,19.19592988698437
138.74,19.173985548177953
138.75,19.152222683430384
138.76,19.13064034669454
138.77,19.109237597170633
138.78,19.08801349927793
138.79,19.066967122626664
138.8,19.046097541990033
138.81,19.02540383727639
138.82,19.004885093501546
138.83,18.984540400761233
138.84,18.964368854203702
138.85,18.944369554002456
138.86,18.92454160532914
138.87,18.90488411832655
138.88,18.8853962080818
138.89,18.866076994599617
138.9,18.846925602775762
138.91,18.82794116237062
138.92,18.809122807982895
138.93,18.790469679023452
138.94,18.771980919689298
138.95,18.753655678937694
138.96,18.73549311046039
138.97,18.71749237265801
138.98,18.699652628614565
138.99,18.681973046072077
139.0,18.664452797405367
139.01,18.64709105959695
139.02,18.62988701421206
139.03,18.612839847373813
139.04,18.595948749738504
139.05,18.579212916471008
139.06,18.562631547220324
139.07,18.546203846095256
139.08,18.529929021640193
139.09,18.51380628681103
139.1,18.49783485895122
139.11,18.48201395976793
139.12,18.46634281530834
139.13,18.45082065593606
139.14,18.435446716307645
139.15,18.420220235349273
139.16,18.40514045623351
139.17,18.39020662635622
139.18,18.37541799731357
139.19,18.360773824879164
139.2,18.346273368981315
139.21,18.331915893680407
139.22,18.31770066714638
139.23,18.30362696163635
139.24,18.289694053472328
139.25,18.275901223019048
139.26,18.26224775466194
139.27,18.24873293678518
139.28,18.235356061749897
139.29,18.222116425872443
139.3,18.209013329402815
139.31,18.196046076503183
139.32,18.183213975226515
139.33,18.17051633749532
139.34,18.157952479080514
139.35,18.145521719580373
139.36,18.13322338239962
139.37,18.121056794728606
139.38,18.109021287522605
139.39,18.097116195481213
139.4,18.08534085702786
139.41,18.073694614289423
139.42,18.062176813075958
139.43,18.050786802860525
139.44,18.039523936759117
139.45,18.02838757151071
139.46,18.0173770674574
139.47,18.006491788524663
139.48,17.995731102201695
139.49,17.985094379521875
139.5,17.974580995043326
139.51,17.964190326829566
139.52,17.953921756430283
139.53,17.943774668862186
139.54,17.93374845258998
139.55,17.92384249950743
139.56,17.91405620491851
139.57,17.904388967518685
139.58,17.894840189376264
139.59,17.88540927591387
139.6,17.87609563588998
139.61,17.8668986813806
139.62,17.857817827761018
139.63,17.848852493687634
139.64,17.84000210107992
139.65,17.83126607510247
139.66,17.82264384414711
139.67,17.814134839815154
139.68,17.805738496899714
139.69,17.79745425336813
139.7,17.78928155034447
139.71,17.781219832092145
139.72,17.7732685459966
139.73,17.76542714254811
139.74,17.75769507532465
139.75,17.750071800974887
139.76,17.742556779201216
139.77,17.735149472742936
139.78,17.72784934735948
139.79,17.720655871813754
139.8,17.713568517855553
139.81,17.70658676020507
139.82,17.699710076536505
139.83,17.692937947461736
139.84,17.6862698565141
139.85,17.679705290132254
139.86,17.67324373764411
139.87,17.666884691250885
139.88,17.6606276460112
139.89,17.654472099825295
139.9,17.64841755341931
139.91,17.64246351032967
139.92,17.636609476887518
139.93,17.630854962203276
139.94,17.62519947815126
139.95,17.61964253935438
139.96,17.614183663168937
139.97,17.608822369669486
139.98,17.603558181633787
139.99,17.59839062452785
140.0,17.593319226491026
140.01,17.588343518321228
140.02,17.583463033460177
140.03,17.578677307978776
140.04,17.573985880562535
140.05,17.56938829249708
140.06,17.56488408765375
140.07,17.560472812475247
140.08,17.556154015961415
140.09,17.55192724965503
140.1,17.547792067627718
140.11,17.543748026465924
140.12,17.539794685256965
140.13,17.535931605575165
140.14,17.532158351468055
140.15,17.52847448944265
140.16,17.524879588451807
140.17,17.52137321988064
140.18,17.51795495753305
140.19,17.51462437761827
140.2,17.51138105873753
140.21,17.50822458187078
140.22,17.505154530363484
140.23,17.50217048991347
140.24,17.4992720485579
140.25,17.496458796660242
140.26,17.493730326897392
140.27,17.49108623424679
140.28,17.488526115973663
140.29,17.486049571618306
140.3,17.48365620298346
140.31,17.481345614121725
140.32,17.47911741132307
140.33,17.476971203102405
140.34,17.47490660018721
140.35,17.472923215505247
140.36,17.471020664172332
140.37,17.469198563480173
140.38,17.46745653288428
140.39,17.465794193991943
140.4,17.464211170550268
140.41,17.46270708843428
140.42,17.4612815756351
140.43,17.459934262248186
140.44,17.458664780461636
140.45,17.457472764544544
140.46,17.456357850835445
140.47,17.4553196777308
140.48,17.454357885673566
140.49,17.453472117141814
140.5,17.45266201663741
140.51,17.451927230674777
140.52,17.45126740776969
140.53,17.450682198428165
140.54,17.450171255135384
140.55,17.449734232344696
140.56,17.449370786466673
140.57,17.449080575858233
140.58,17.44886326081181
140.59,17.448718503544605
140.6,17.448645968187883
140.61,17.44864532077633
140.62,17.44871622923747
140.63,17.44885836338114
140.64,17.44907139488905
140.65,17.449354997304336
140.66,17.449708846021256
140.67,17.450132618274875
140.68,17.45062599313084
140.69,17.45118865147521
140.7,17.451820276004334
140.71,17.452520551214793
140.72,17.4532891633934
140.73,17.45412580060724
140.74,17.455030152693794
140.75,17.456001911251086
140.76,17.457040769627916
140.77,17.45814642291413
140.78,17.459318567930943
140.79,17.460556903221324
140.8,17.461861129040436
140.81,17.463230947346126
140.82,17.464666061789465
140.83,17.466166177705354
140.84,17.467731002103164
140.85,17.469360243657455
140.86,17.47105361269871
140.87,17.472810821204163
140.88,17.474631582788646
140.89,17.476515612695508
140.9,17.47846262778758
140.91,17.480472346538175
140.92,17.482544489022175
140.93,17.48467877690712
140.94,17.486874933444405
140.95,17.48913268346046
140.96,17.491451753348052
140.97,17.493831871057573
140.98,17.496272766088417
140.99,17.49877416948039
141.0,17.50133581380518
141.01,17.50395743315785
141.02,17.506638763148416
141.03,17.50937954089344
141.04,17.5121795050077
141.05,17.515038395595877
141.06,17.517955954244307
141.07,17.52093192401279
141.08,17.523966049426416
141.09,17.52705807646747
141.1,17.530207752567357
141.11,17.533414826598587
141.12,17.53667904886681
141.13,17.540000171102875
141.14,17.54337794645496
141.15,17.546812129480735
141.16,17.550302476139564
141.17,17.55384874378476
141.18,17.557450691155886
141.19,17.561108078371092
141.2,17.564820666919505
141.21,17.568588219653655
141.22,17.572410500781945
141.23,17.57628727586117
141.24,17.58021831178907
141.25,17.584203376796943
141.26,17.58824224044227
141.27,17.592334673601417
141.28,17.596480448462355
141.29,17.600679338517434
141.3,17.604931118556188
141.31,17.60923556465819
141.32,17.613592454185945
141.33,17.61800156577783
141.34,17.622462679341066
141.35,17.626975576044725
141.36,17.6315400383128
141.37,17.63615584981729
141.38,17.640822795471337
141.39,17.64554066142241
141.4,17.65030923504551
141.41,17.655128304936426
141.42,17.65999766090503
141.43,17.664917093968615
141.44,17.669886396345245
141.45,17.67490536144718
141.46,17.679973783874328
141.47,17.685091459407708
141.48,17.69025818500299
141.49,17.695473758784043
141.5,17.70073798003655
141.51,17.706050649201615
141.52,17.711411567869458
141.53,17.716820538773113
141.54,17.722277365782173
141.55,17.727781853896566
141.56,17.733333809240378
141.57,17.738933039055706
141.58,17.744579351696537
141.59,17.750272556622683
141.6,17.756012464393734
141.61,17.761798886663055
141.62,17.767631636171814
141.63,17.77351052674304
141.64,17.779435373275728
141.65,17.78540599173898
141.66,17.791422199166153
141.67,17.79748381364907
141.68,17.803590654332258
141.69,17.80974254140721
141.7,17.815939296106695
141.71,17.82218074069908
141.72,17.82846669848271
141.73,17.834796993780305
141.74,17.841171451933395
141.75,17.847589899296782
141.76,17.854052163233042
141.77,17.860558072107057
141.78,17.86710745528058
141.79,17.873700143106813
141.8,17.880335966925063
141.81,17.887014759055376
141.82,17.89373635279323
141.83,17.900500582404263
141.84,17.907307283119014
141.85,17.914156291127718
141.86,17.921047443575105
141.87,17.927980578555253
141.88,17.934955535106457
141.89,17.94197215320613
141.9,17.94903027376574
141.91,17.956129738625773
141.92,17.963270390550722
141.93,17.970452073224116
141.94,17.97767463124357
141.95,17.984937910115853
141.96,17.992241756252014
141.97,17.999586016962514
141.98,18.006970540452393
141.99,18.014395175816464
142.0,18.02185977303454
142.01,18.029364182966678
142.02,18.036908257348472
142.03,18.04449184878635
142.04,18.052114810752915
142.05,18.059776997582304
142.06,18.06747826446558
142.07,18.07521846744616
142.08,18.082997463415236
142.09,18.090815110107272
142.1,18.098671266095483
142.11,18.106565790787375
142.12,18.11449854442029
142.13,18.122469388056977
142.14,18.130478183581214
142.15,18.13852479369342
142.16,18.14660908190632
142.17,18.154730912540625
142.18,18.162890150720745
142.19,18.17108666237051
142.2,18.17932031420894
142.21,18.187590973746023
142.22,18.19589850927852
142.23,18.20424278988581
142.24,18.212623685425736
142.25,18.221041066530496
142.26,18.229494804602545
142.27,18.23798477181053
142.28,18.246510841085247
142.29,18.255072886115613
142.3,18.26367078134468
142.31,18.27230440196566
142.32,18.28097362391797
142.33,18.28967832388332
142.34,18.29841837928179
142.35,18.307193668267985
142.36,18.316004069727143
142.37,18.324849463271327
142.38,18.33372972923561
142.39,18.342644748674285
142.4,18.351594403357105
142.41,18.360578575765537
142.42,18.369597149089053
142.43,18.37865000722142
142.44,18.387737034757038
142.45,18.39685811698728
142.46,18.40601313989686
142.47,18.41520199016023
142.48,18.424424555137996
142.49,18.43368072287334
142.5,18.442970382088486
142.51,18.45229342218117
142.52,18.461649733221147
142.53,18.4710392059467
142.54,18.48046173176119
142.55,18.489917202729607
142.56,18.49940551157517
142.57,18.5089265516759
142.58,18.518480217061267
142.59,18.52806640240883
142.6,18.537685003040885
142.61,18.547335914921167
142.62,18.557019034651542
142.63,18.56673425946874
142.64,18.57648148724108
142.65,18.586260616465257
142.66,18.59607154626311
142.67,18.605914176378423
142.68,18.61578840717375
142.69,18.625694139627253
142.7,18.63563127532957
142.71,18.645599716480678
142.72,18.655599365886804
142.73,18.66563012695734
142.74,18.675691903701765
142.75,18.68578460072662
142.76,18.69590812323246
142.77,18.706062377010852
142.78,18.716247268441393
142.79,18.726462704488718
142.8,18.73670859269956
142.81,18.74698484119981
142.82,18.757291358691596
142.83,18.767628054450377
142.84,18.777994838322066
142.85,18.788391620720166
142.86,18.798818312622913
142.87,18.80927482557045
142.88,18.81976107166202
142.89,18.830276963553143
142.9,18.840822414452873
142.91,18.851397338121007
142.92,18.862001648865355
142.93,18.872635261539
142.94,18.883298091537593
142.95,18.893990054796657
142.96,18.904711067788902
142.97,18.915461047521575
142.98,18.926239911533795
142.99,18.93704757789394
143.0,18.94788396519702
143.01,18.95874899256209
143.02,18.969642579629667
143.03,18.980564646559152
143.04,18.991515114026292
143.05,19.002493903220643
143.06,19.013500935843048
143.07,19.024536134103137
143.08,19.03559942071684
143.09,19.046690718903903
143.1,19.05780995238545
143.11,19.068957045381527
143.12,19.080131922608675
143.13,19.09133450927753
143.14,19.102564731090414
143.15,19.113822514238954
143.16,19.125107785401724
143.17,19.136420471741882
143.18,19.147760500904837
143.19,19.159127801015927
143.2,19.170522300678105
143.21,19.181943928969645
143.22,19.193392615441866
143.23,19.204868290116863
143.24,19.21637088348526
143.25,19.22790032650396
143.26,19.239456550593932
143.27,19.251039487637996
143.28,19.262649069978632
143.29,19.27428523041579
143.3,19.285947902204718
143.31,19.297637019053827
143.32,19.309352515122526
143.33,19.321094325019107
143.34,19.332862383798627
143.35,19.344656626960802
143.36,19.356476990447923
143.37,19.368323410642784
143.38,19.380195824366613
143.39,19.392094168877023
143.4,19.40401838186598
143.41,19.415968401457786
143.42,19.427944166207045
143.43,19.43994561509669
143.44,19.451972687535985
143.45,19.46402532335856
143.46,19.47610346282044
143.47,19.48820704659811
143.48,19.50033601578657
143.49,19.512490311897412
143.5,19.524669876856915
143.51,19.536874653004148
143.52,19.549104583089072
143.53,19.561359610270678
143.54,19.573639678115118
143.55,19.585944730593855
143.56,19.598274712081825
143.57,19.61062956735561
143.58,19.62300924159162
143.59,19.6354136803643
143.6,19.647842829644325
143.61,19.660296635796826
143.62,19.672775045579616
143.63,19.685278006141438
143.64,19.69780546502022
143.65,19.710357370141335
143.66,19.722933669815877
143.67,19.735534312738952
143.68,19.748159247987974
143.69,19.760808425020976
143.7,19.77348179367493
143.71,19.786179304164072
143.72,19.798900907078263
143.73,19.811646553381323
143.74,19.824416194409398
143.75,19.83720978186934
143.76,19.850027267837092
143.77,19.862868604756077
143.78,19.875733745435614
143.79,19.888622643049324
143.8,19.901535251133566
143.81,19.91447152358587
143.82,19.92743141466339
143.83,19.940414878981343
143.84,19.953421871511505
143.85,19.966452347580674
143.86,19.979506262869155
143.87,19.992583573409267
143.88,20.005684235583843
143.89,20.018808206124756
143.9,20.031955442111446
143.91,20.045125900969452
143.92,20.058319540468965
143.93,20.07153631872338
143.94,20.084776194187867
143.95,20.098039125657955
143.96,20.1113250722681
143.97,20.1246339934903
143.98,20.137965849132677
143.99,20.15132059933812
144.0,20.164698204582887
144.01,20.178098625675247
144.02,20.191521823754123
144.03,20.204967760287737
144.04,20.218436397072278
144.05,20.231927696230567
144.06,20.24544162021074
144.07,20.258978131784932
144.08,20.272537194047977
144.09,20.286118770416113
144.1,20.299722824625697
144.11,20.313349320731927
144.12,20.326998223107577
144.13,20.340669496441734
144.14,20.354363105738553
144.15,20.368079016316013
144.16,20.381817193804682
144.17,20.395577604146492
144.18,20.409360213593533
144.19,20.423164988706834
144.2,20.43699189635517
144.21,20.450840903713868
144.22,20.46471197826363
144.23,20.47860508778935
144.24,20.492520200378962
144.25,20.50645728442227
144.26,20.520416308609807
144.27,20.534397241931686
144.28,20.548400053676474
144.29,20.56242471343007
144.3,20.576471191074575
144.31,20.590539456787194
144.32,20.604629481039137
144.33,20.618741234594513
144.34,20.632874688509258
144.35,20.64702981413005
144.36,20.661206583093247
144.37,20.675404967323814
144.38,20.689624939034278
144.39,20.70386647072368
144.4,20.71812953517653
144.41,20.732414105461785
144.42,20.746720154931822
144.43,20.761047657221415
144.44,20.775396586246735
144.45,20.789766916204346
144.46,20.804158621570213
144.47,20.81857167709871
144.48,20.833006057821645
144.49,20.847461739047294
144.5,20.861938696359417
144.51,20.876436905616327
144.52,20.89095634294992
144.53,20.90549698476474
144.54,20.92005880773704
144.55,20.934641788813863
144.56,20.949245905212106
144.57,20.963871134417612
144.58,20.978517454184264
144.59,20.993184842533086
144.6,21.00787327775134
144.61,21.02258273839165
144.62,21.037313203271122
144.63,21.052064651470452
144.64,21.06683706233309
144.65,21.081630415464353
144.66,21.096444690730593
144.67,21.111279868258336
144.68,21.12613592843345
144.69,21.141012851900307
144.7,21.155910619560967
144.71,21.170829212574347
144.72,21.185768612355417
144.73,21.200728800574385
144.74,21.215709759155907
144.75,21.23071147027828
144.76,21.24573391637267
144.77,21.260777080122327
144.78,21.2758409444618
144.79,21.290925492576186
144.8,21.306030707900348
144.81,21.321156574118184
144.82,21.336303075161858
144.83,21.351470195211064
144.84,21.366657918692297
144.85,21.38186623027811
144.86,21.397095114886397
144.87,21.412344557679678
144.88,21.427614544064372
144.89,21.442905059690116
144.9,21.45821609044904
144.91,21.473547622475085
144.92,21.488899642143323
144.93,21.50427213606926
144.94,21.51966509110817
144.95,21.535078494354416
144.96,21.550512333140798
144.97,21.565966595037885
144.98,21.58144126785337
144.99,21.596936339631423
145.0,21.61245179865204
145.01,21.627987633430415
145.02,21.643543832716322
145.03,21.659120385493473
145.04,21.67471728097891
145.05,21.690334508622392
145.06,21.70597205810579
145.07,21.721629919342483
145.08,21.737308082476765
145.09,21.753006537883255
145.1,21.768725276166315
145.11,21.784464288159466
145.12,21.800223564924824
145.13,21.816003097752528
145.14,21.83180287816018
145.15,21.847622897892276
145.16,21.86346314891968
145.17,21.87932362343906
145.18,21.895204313872348
145.19,21.911105212866218
145.2,21.92702631329154
145.21,21.942967608242878
145.22,21.958929091037945
145.23,21.97491075521711
145.24,21.99091259454288
145.25,22.006934602999408
145.26,22.022976774791974
145.27,22.03903910434652
145.28,22.055121586309145
145.29,22.071224215545627
145.3,22.087346987140943
145.31,22.10348989639881
145.32,22.1196529388412
145.33,22.135836110207897
145.34,22.15203940645603
145.35,22.168262823759623
145.36,22.184506358509154
145.37,22.200770007311103
145.38,22.217053766987533
145.39,22.23335763457564
145.4,22.249681607327343
145.41,22.266025682708854
145.42,22.28238985840026
145.43,22.298774132295126
145.44,22.31517850250007
145.45,22.33160296733438
145.46,22.348047525329598
145.47,22.36451217522914
145.48,22.380996915987918
145.49,22.39750174677194
145.5,22.414026666957948
145.51,22.43057167613303
145.52,22.44713677409427
145.53,22.46372196084838
145.54,22.480327236611327
145.55,22.496952601808005
145.56,22.51359805707187
145.57,22.530263603244602
145.58,22.546949241375767
145.59,22.563654972722478
145.6,22.58038079874907
145.61,22.597126721126774
145.62,22.613892741733398
145.63,22.63067886265301
145.64,22.647485086175625
145.65,22.664311414796906
145.66,22.681157851217858
145.67,22.69802439834453
145.68,22.71491105928772
145.69,22.731817837362694
145.7,22.748744736088902
145.71,22.765691759189696
145.72,22.782658910592055
145.73,22.799646194426316
145.74,22.816653615025913
145.75,22.833681176927115
145.76,22.850728884868765
145.77,22.86779674379203
145.78,22.884884758840162
145.79,22.901992935358244
145.8,22.91912127889296
145.81,22.936269795192352
145.82,22.953438490205606
145.83,22.970627370082806
145.84,22.987836441174732
145.85,23.00506571003264
145.86,23.022315183408033
145.87,23.039584868252483
145.88,23.056874771717403
145.89,23.07418490115386
145.9,23.091515264112378
145.91,23.10886586834275
145.92,23.12623672179385
145.93,23.143627832613447
145.94,23.16103920914804
145.95,23.178470859942678
145.96,23.195922793740785
145.97,23.213395019484008
145.98,23.230887546312054
145.99,23.248400383562526
146.0,23.26593354077078
146.01,23.283487027669782
146.02,23.30106085418995
146.03,23.318655030459023
146.04,23.336269566801935
146.05,23.353904473740677
146.06,23.371559761994167
146.07,23.389235442478135
146.08,23.40693152630501
146.09,23.424648024783785
146.1,23.442384949419935
146.11,23.460142311915295
146.12,23.477920124167966
146.13,23.495718398272217
146.14,23.51353714651839
146.15,23.531376381392818
146.16,23.549236115577727
146.17,23.567116361951175
146.18,23.585017133586963
146.19,23.602938443754564
146.2,23.620880305919066
146.21,23.638842733741097
146.22,23.65682574107677
146.23,23.674829341977624
146.24,23.692853550690582
146.25,23.710898381657895
146.26,23.7289638495171
146.27,23.747049969100992
146.28,23.765156755437573
146.29,23.78328422375003
146.3,23.801432389456714
146.31,23.81960126817111
146.32,23.83779087570181
146.33,23.856001228052524
146.34,23.874232341422044
146.35,23.892484232204254
146.36,23.910756916988117
146.37,23.92905041255769
146.38,23.947364735892116
146.39,23.965699904165646
146.4,23.984055934747644
146.41,24.002432845202613
146.42,24.020830653290208
146.43,24.039249376965273
146.44,24.057689034377862
146.45,24.076149643873283
146.46,24.094631223992124
146.47,24.11313379347031
146.48,24.131657371239143
146.49,24.15020197642534
146.5,24.168767628351112
146.51,24.187354346534207
146.52,24.205962150687974
146.53,24.22459106072143
146.54,24.24324109673934
146.55,24.261912279042274
146.56,24.280604628126707
146.57,24.299318164685083
146.58,24.318052909605917
146.59,24.336808883973873
146.6,24.35558610906987
146.61,24.374384606371166
146.62,24.393204397551486
146.63,24.412045504481107
146.64,24.430907949226974
146.65,24.44979175405282
146.66,24.468696941419285
146.67,24.487623533984035
146.68,24.50657155460189
146.69,24.525541026324962
146.7,24.54453197240278
146.71,24.563544416282433
146.72,24.582578381608723
146.73,24.6016338922243
146.74,24.620710972169814
146.75,24.639809645684082
146.76,24.65892993720424
146.77,24.678071871365898
146.78,24.69723547300333
146.79,24.716420767149625
146.8,24.73562777903687
146.81,24.754856534096337
146.82,24.774107057958656
146.83,24.793379376454006
146.84,24.81267351561231
146.85,24.83198950166344
146.86,24.85132736103739
146.87,24.87068712036452
146.88,24.89006880647572
146.89,24.909472446402663
146.9,24.928898067377997
146.91,24.94834569683557
146.92,24.96781536241067
146.93,24.987307091940224
146.94,25.006820913463063
146.95,25.02635685522014
146.96,25.04591494565478
146.97,25.065495213412916
146.98,25.085097687343353
146.99,25.10472239649801
147.0,25.12436937013218
147.01,25.1440386377048
147.02,25.163730228878705
147.03,25.18344417352091
147.04,25.203180501702878
147.05,25.222939243700797
147.06,25.24272042999587
147.07,25.262524091274596
147.08,25.282350258429066
147.09,25.302198962557252
147.1,25.322070234963316
147.11,25.341964107157906
147.12,25.36188061085847
147.13,25.381819777989566
147.14,25.401781640683176
147.15,25.42176623127903
147.16,25.441773582324927
147.17,25.461803726577077
147.18,25.48185669700042
147.19,25.501932526768968
147.2,25.522031249266156
147.21,25.542152898085174
147.22,25.562297507029328
147.23,25.582465110112395
147.24,25.60265574155898
147.25,25.622869435804876
147.26,25.643106227497444
147.27,25.663366151495968
147.28,25.68364924287205
147.29,25.703955536909977
147.3,25.72428506910712
147.31,25.744637875174305
147.32,25.76501399103623
147.33,25.785413452831847
147.34,25.805836296914773
147.35,25.8262825598537
147.36,25.84675227843279
147.37,25.867245489652117
147.38,25.88776223072807
147.39,25.90830253909379
147.4,25.928866452399582
147.41,25.949454008513374
147.42,25.970065245521138
147.43,25.990700201727332
147.44,26.011358915655368
147.45,26.032041426048043
147.46,26.052747771868003
147.47,26.073477992298212
147.48,26.09423212674241
147.49,26.115010214825585
147.5,26.13581229639445
147.51,26.156638411517932
147.52,26.177488600487628
147.53,26.19836290381833
147.54,26.219261362248503
147.55,26.24018401674077
147.56,26.261130908482443
147.57,26.28210207888601
147.58,26.303097569589657
147.59,26.324117422457782
147.6,26.34516167958152
147.61,26.366230383279266
147.62,26.387323576097213
147.63,26.408441300809884
147.64,26.429583600420667
147.65,26.45075051816238
147.66,26.471942097497802
147.67,26.493158382120242
147.68,26.51439941595409
147.69,26.535665243155396
147.7,26.55695590811242
147.71,26.578271455446227
147.72,26.59961193001126
147.73,26.620977376895926
147.74,26.64236784142318
147.75,26.663783369151133
147.76,26.685224005873636
147.77,26.706689797620903
147.78,26.728180790660105
147.79,26.749697031495998
147.8,26.771238566871535
147.81,26.792805443768493
147.82,26.814397709408112
147.83,26.83601541125172
147.84,26.85765859700137
147.85,26.879327314600513
147.86,26.901021612234608
147.87,26.922741538331813
147.88,26.94448714156363
147.89,26.96625847084558
147.9,26.988055575337867
147.91,27.00987850444606
147.92,27.03172730782178
147.93,27.053602035363372
147.94,27.07550273721662
147.95,27.09742946377543
147.96,27.119382265682543
147.97,27.141361193830235
147.98,27.163366299361044
147.99,27.18539763366848
148.0,27.207455248397757
148.01,27.229539195446524
148.02,27.251649526965593
148.03,27.2737862953597
148.04,27.295949553288228
148.05,27.318139353665988
148.06,27.340355749663953
148.07,27.36259879471004
148.08,27.384868542489873
148.09,27.40716504694756
148.1,27.42948836228648
148.11,27.45183854297006
148.12,27.474215643722573
148.13,27.49661971952995
148.14,27.51905082564056
148.15,27.54150901756604
148.16,27.5639943510821
148.17,27.58650688222936
148.18,27.609046667314168
148.19,27.631613762909424
148.2,27.654208225855445
148.21,27.676830113260788
148.22,27.69947948250312
148.23,27.722156391230058
148.24,27.744860897360056
148.25,27.767593059083254
148.26,27.790352934862366
148.27,27.81314058343356
148.28,27.835956063807348
148.29,27.858799435269475
148.3,27.88167075738183
148.31,27.904570089983345
148.32,27.927497493190916
148.33,27.950453027400318
148.34,27.97343675328713
148.35,27.996448731807675
148.36,28.019489024199952
148.37,28.042557691984584
148.38,28.06565479696577
148.39,28.08878040123225
148.4,28.111934567158258
148.41,28.135117357404503
148.42,28.158328834919146
148.43,28.181569062938784
148.44,28.204838104989435
148.45,28.228136024887547
148.46,28.251462886741
148.47,28.274818754950108
148.48,28.298203694208656
148.49,28.32161776950491
148.5,28.34506104612266
148.51,28.36853358964224
148.52,28.392035465941603
148.53,28.41556674119735
148.54,28.439127481885798
148.55,28.462717754784055
148.56,28.486337626971082
148.57,28.50998716582878
148.58,28.533666439043074
148.59,28.557375514605017
148.6,28.581114460811886
148.61,28.604883346268295
148.62,28.628682239887308
148.63,28.65251121089157
148.64,28.676370328814436
148.65,28.700259663501104
148.66,28.724179285109777
148.67,28.7481292641128
148.68,28.772109671297837
148.69,28.79612057776903
148.7,28.82016205494818
148.71,28.84423417457593
148.72,28.868337008712963
148.73,28.89247062974119
148.74,28.916635110364968
148.75,28.94083052361232
148.76,28.96505694283614
148.77,28.989314441715443
148.78,29.013603094256595
148.79,29.03792297479456
148.8,29.062274157994164
148.81,29.08665671885134
148.82,29.111070732694426
148.83,29.135516275185413
148.84,29.159993422321264
148.85,29.184502250435187
148.86,29.209042836197952
148.87,29.233615256619192
148.88,29.25821958904874
148.89,29.282855911177943
148.9,29.307524301041013
148.91,29.332224837016362
148.92,29.35695759782796
148.93,29.381722662546707
148.94,29.40652011059179
148.95,29.43135002173208
148.96,29.456212476087508
148.97,29.481107554130478
148.98,29.50603533668726
148.99,29.53099590493941
149.0,29.5559893404252
149.01,29.581015725041052
149.02,29.60607514104298
149.03,29.631167671048033
149.04,29.656293398035775
149.05,29.681452405349738
149.06,29.706644776698916
149.07,29.731870596159244
149.08,29.7571299481751
149.09,29.782422917560815
149.1,29.807749589502194
149.11,29.833110049558034
149.12,29.858504383661668
149.13,29.88393267812251
149.14,29.909395019627603
149.15,29.934891495243203
149.16,29.960422192416342
149.17,29.98598719897641
149.18,30.01158660313676
149.19,30.03722049349631
149.2,30.062888959041157
149.21,30.08859208914621
149.22,30.114329973576815
149.23,30.140102702490406
149.24,30.165910366438165
149.25,30.19175305636669
149.26,30.21763086361966
149.27,30.243543879939537
149.28,30.269492197469255
149.29,30.295475908753936
149.3,30.321495106742606
149.31,30.347549884789924
149.32,30.373640336657925
149.33,30.39976655651777
149.34,30.425928638951515
149.35,30.452126678953878
149.36,30.478360771934028
149.37,30.504631013717383
149.38,30.53093750054741
149.39,30.55728032908745
149.4,30.583659596422553
149.41,30.610075400061305
149.42,30.63652783793769
149.43,30.66301700841296
149.44,30.6895430102775
149.45,30.716105942752723
149.46,30.74270590549297
149.47,30.76934299858741
149.48,30.796017322561983
149.49,30.822728978381324
149.5,30.849478067450708
149.51,30.876264691618015
149.52,30.9030889531757
149.53,30.929950954862782
149.54,30.95685079986683
149.55,30.983788591825984
149.56,31.010764434830968
149.57,31.03777843342713
149.58,31.064830692616486
149.59,31.09192131785978
149.6,31.119050415078554
149.61,31.14621809065724
149.62,31.173424451445253
149.63,31.20066960475911
149.64,31.227953658384543
149.65,31.255276720578646
149.66,31.282638900072023
149.67,31.31004030607096
149.68,31.33748104825959
149.69,31.3649612368021
149.7,31.39248098234492
149.71,31.420040396018965
149.72,31.447639589441845
149.73,31.475278674720133
149.74,31.502957764451608
149.75,31.530676971727548
149.76,31.558436410135005
149.77,31.586236193759124
149.78,31.614076437185446
149.79,31.641957255502252
149.8,31.66987876430291
149.81,31.697841079688235
149.82,31.725844318268866
149.83,31.753888597167663
149.84,31.78197403402211
149.85,31.810100746986738
149.86,31.838268854735563
149.87,31.866478476464543
149.88,31.894729731894042
149.89,31.923022741271314
149.9,31.951357625373003
149.91,31.97973450550766
149.92,32.00815350351828
149.93,32.03661474178483
149.94,32.06511834322684
149.95,32.09366443130596
149.96,32.12225313002856
149.97,32.15088456394835
149.98,32.179558858169
149.99,32.2082761383468
150.0,32.23703653069329
150.01,32.26584016197797
150.02,32.29468715953099
150.03,32.32357765124585
150.04,32.352511765582136
150.05,32.38148963156827
150.06,32.41051137880428
150.07,32.43957713746456
150.08,32.46868703830069
150.09,32.49784121264426
150.1,32.52703979240967
150.11,32.556282910097
150.12,32.58557069879493
150.13,32.61490329218354
150.14,32.64428082453729
150.15,32.673703430727905
150.16,32.70317124622735
150.17,32.73268440711076
150.18,32.76224305005947
150.19,32.791847312363956
150.2,32.82149733192691
150.21,32.85119324726626
150.22,32.880935197518205
150.23,32.91072332244034
150.24,32.94055776241472
150.25,32.97043865845099
150.26,33.00036615218952
150.27,33.03034038590459
150.28,33.060361502507504
150.29,33.09042964554987
150.3,33.12054495922675
150.31,33.15070758837995
150.32,33.18091767850125
150.33,33.21117537573571
150.34,33.241480826884946
150.35,33.271834179410476
150.36,33.30223558143705
150.37,33.33268518175605
150.38,33.36318312982882
150.39,33.39372957579013
150.4,33.4243246704516
150.41,33.45496856530512
150.42,33.48566141252638
150.43,33.51640336497832
150.44,33.54719457621469
150.45,33.57803520048357
150.46,33.60892539273095
150.47,33.63986530860433
150.48,33.6708551044563
150.49,33.70189493734823
150.5,33.73298496505388
150.51,33.764125346063125
150.52,33.79531623958564
150.53,33.82655780555464
150.54,33.85785020463065
150.55,33.88919359820527
150.56,33.92058814840498
150.57,33.952034018095006
150.58,33.98353137088313
150.59,34.01508037112359
150.6,34.04668118392101
150.61,34.0783339751343
150.62,34.110038911380634
150.63,34.141796160039426
150.64,34.17360588925635
150.65,34.20546826794737
150.66,34.237383465802786
150.67,34.26935165329137
150.68,34.30137300166445
150.69,34.33344768296005
150.7,34.36557587000707
150.71,34.397757736429504
150.72,34.42999345665064
150.73,34.46228320589733
150.74,34.494627160204246
150.75,34.52702549641825
150.76,34.55947839220266
150.77,34.591986026041674
150.78,34.624548577244745
150.79,34.65716622595101
150.8,34.68983915313375
150.81,34.72256754060486
150.82,34.755351571019375
150.83,34.78819142788004
150.84,34.82108729554183
150.85,34.85403935921661
150.86,34.88704780497773
150.87,34.92011281976474
150.88,34.95323459138803
150.89,34.98641330853361
150.9,35.01964916076785
150.91,35.05294233854226
150.92,35.08629303319836
150.93,35.11970143697249
150.94,35.15316774300073
150.95,35.18669214532381
150.96,35.22027483889208
150.97,35.25391601957048
150.98,35.28761588414359
150.99,35.32137463032066
151.0,35.355192456740724
151.01,35.38906956297771
151.02,35.423006149545614
151.03,35.45700241790368
151.04,35.491058570461654
151.05,35.52517481058502
151.06,35.55935134260034
151.07,35.593588371800536
151.08,35.62788610445033
151.09,35.66224474779161
151.1,35.69666451004889
151.11,35.73114560043479
151.12,35.76568822915557
151.13,35.80029260741668
151.14,35.83495894742835
151.15,35.869687462411235
151.16,35.90447836660211
151.17,35.93933187525955
151.18,35.97424820466967
151.19,36.009227572151985
151.2,36.04427019606516
151.21,36.07937629581294
151.22,36.11454609185003
151.23,36.14977980568806
151.24,36.18507765990159
151.25,36.2204398781341
151.26,36.255866685104124
151.27,36.291358306611336
151.28,36.326914969542706
151.29,36.36253690187873
151.3,36.398224332699634
151.31,36.43397749219172
151.32,36.46979661165365
151.33,36.50568192350284
151.34,36.54163366128189
151.35,36.57765205966504
151.36,36.61373735446469
151.37,36.64988978263793
151.38,36.686109582293184
151.39,36.72239699269683
151.4,36.75875225427989
151.41,36.795175608644804
151.42,36.83166729857218
151.43,36.86822756802765
151.44,36.904856662168754
151.45,36.94155482735188
151.46,36.97832231113922
151.47,37.01515936230583
151.48,37.052066230846684
151.49,37.089043167983824
151.5,37.126090426173526
151.51,37.163208259113546
151.52,37.20039692175038
151.53,37.237656670286626
151.54,37.27498776218834
151.55,37.31239045619249
151.56,37.349865012314446
151.57,37.38741169185552
151.58,37.42503075741057
151.59,37.46272247287563
151.6,37.500487103455654
151.61,37.538324915672234
151.62,37.57623617737145
151.63,37.61422115773172
151.64,37.652280127271744
151.65,37.690413357858475
151.66,37.728621122715175
151.67,37.7669036964295
151.68,37.80526135496167
151.69,37.84369437565268
151.7,37.88220303723258
151.71,37.9207876198288
151.72,37.95944840497457
151.73,37.99818567561735
151.74,38.03699971612734
151.75,38.0758908123061
151.76,38.114859251395146
151.77,38.15390532208469
151.78,38.19302931452238
151.79,38.232231520322124
151.8,38.27151223257303
151.81,38.31087174584832
151.82,38.35031035621435
151.83,38.38982836123975
151.84,38.42942606000452
151.85,38.4691037531093
151.86,38.50886174268464
151.87,38.54870033240034
151.88,38.588619827474915
151.89,38.628620534685076
151.9,38.66870276237528
151.91,38.708866820467385
151.92,38.74911302047035
151.93,38.789441675489996
151.94,38.82985310023891
151.95,38.8703476110463
151.96,38.910925525868045
151.97,38.951587164296726
151.98,38.9923328475718
151.99,39.03316289858981
152.0,39.07407764191466
152.01,39.11507740378804
152.02,39.156162512139815
152.03,39.19733329659858
152.04,39.23859008850227
152.05,39.279933220908845
152.06,39.32136302860704
152.07,39.36287984812721
152.08,39.404484017752274
152.09,39.44617587752871
152.1,39.48795576927764
152.11,39.52982403660602
152.12,39.571781024917875
152.13,39.61382708142566
152.14,39.65596255516167
152.15,39.69818779698958
152.16,39.740503159616004
152.17,39.78290899760222
152.18,39.82540566737593
152.19,39.86799352724314
152.2,39.910672937400065
152.21,39.95344425994526
152.22,39.99630785889167
152.23,40.03926410017891
152.24,40.082313351685585
152.25,40.125455983241686
152.26,40.16869236664111
152.27,40.21202287565427
152.28,40.2554478860408
152.29,40.29896777556233
152.3,40.34258292399544
152.31,40.386293713144575
152.32,40.43010052685522
152.33,40.47400375102705
152.34,40.51800377362724
152.35,40.562100984703875
152.36,40.60629577639944
152.37,40.65058854296444
152.38,40.694979680771105
152.39,40.73946958832721
152.4,40.784058666290015
152.41,40.82874731748028
152.42,40.87353594689642
152.43,40.918424961728746
152.44,40.96341477137386
152.45,41.008505787449096
152.46,41.05369842380712
152.47,41.098993096550636
152.48,41.14439022404721
152.49,41.18989022694418
152.5,41.23549352818374
152.51,41.281200553018074
152.52,41.32701172902466
152.53,41.37292748612169
152.54,41.41894825658356
152.55,41.46507447505657
152.56,41.51130657857465
152.57,41.55764500657529
152.58,41.604090200915564
152.59,41.65064260588825
152.6,41.69730266823815
152.61,41.74407083717847
152.62,41.790947564407354
152.63,41.83793330412458
152.64,41.88502851304835
152.65,41.9322336504322
152.66,41.97954917808211
152.67,42.026975560373685
152.68,42.07451326426951
152.69,42.12216275933663
152.7,42.16992451776417
152.71,42.2177990143811
152.72,42.26578672667415
152.73,42.31388813480586
152.74,42.36210372163275
152.75,42.4104339727237
152.76,42.45887937637843
152.77,42.50744042364611
152.78,42.556117608344195
152.79,42.60491142707733
152.8,42.653822379256475
152.81,42.70285096711814
152.82,42.75199769574378
152.83,42.8012630730794
152.84,42.850647609955224
152.85,42.90015182010564
152.86,42.9497762201892
152.87,42.999521329808836
152.88,43.04938767153227
152.89,43.09937577091252
152.9,43.14948615650863
152.91,43.19971935990654
152.92,43.25007591574015
152.93,43.30055636171254
152.94,43.35116123861737
152.95,43.40189109036047
152.96,43.45274646398157
152.97,43.50372790967624
152.98,43.55483598081805
152.99,43.6060712339808
153.0,43.65743422896106
153.01,43.70892552880081
153.02,43.76054569981033
153.03,43.81229531159121
153.04,43.86417493705962
153.05,43.91618515246975
153.06,43.96832653743743
153.07,44.02059967496394
153.08,44.073005151460094
153.09,44.12554355677042
153.1,44.1782154841976
153.11,44.23102153052716
153.12,44.28396229605223
153.13,44.337038384598685
153.14,44.39025040355036
153.15,44.44359896387456
153.16,44.49708468014771
153.17,44.55070817058134
153.18,44.60447005704815
153.19,44.65837096510841
153.2,44.712411524036526
153.21,44.76659236684784
153.22,44.820914130325654
153.23,44.87537745504853
153.24,44.92998298541774
153.25,44.984731369685036
153.26,45.0396232599806
153.27,45.09465931234126
153.28,45.14984018673893
153.29,45.205166547109314
153.3,45.260639061380864
153.31,45.31625840150393
153.32,45.37202524348025
153.33,45.427940267392614
153.34,45.484004157434825
153.35,45.54021760194192
153.36,45.59658129342064
153.37,45.65309592858018
153.38,45.70976220836317
153.39,45.76658083797698
153.4,45.82355252692525
153.41,45.880677989039704
153.42,45.937957942512284
153.43,45.995393109927505
153.44,46.05298421829514
153.45,46.11073199908313
153.46,46.16863718825089
153.47,46.226700526282784
153.48,46.28492275822198
153.49,46.34330463370457
153.5,46.401846906993995
153.51,46.46055033701578
153.52,46.51941568739256
153.53,46.57844372647944
153.54,46.637635227399656
153.55,46.696990968080534
153.56,46.756511731289805
153.57,46.81619830467222
153.58,46.876051480786494
153.59,46.93607205714258
153.6,46.996260836239294
153.61,47.05661862560222
153.62,47.117146237822034
153.63,47.17784449059312
153.64,47.23871420675252
153.65,47.2997562143193
153.66,47.36097134653421
153.67,47.42236044189969
153.68,47.48392434422033
153.69,47.545663902643554
153.7,47.60757997170083
153.71,47.66967341134911
153.72,47.73194508701275
153.73,47.794395869625745
153.74,47.85702663567439
153.75,47.91983826724029
153.76,47.98283165204381
153.77,48.046007683487886
153.78,48.10936726070224
153.79,48.17291128858801
153.8,48.23664067786279
153.81,48.30055634510606
153.82,48.36465921280508
153.83,48.42895020940115
153.84,48.49343026933634
153.85,48.55810033310064
153.86,48.62296134727951
153.87,48.688014264601925
153.88,48.75326004398885
153.89,48.81869965060213
153.9,48.884334055893845
153.91,48.95016423765618
153.92,49.01619118007169
153.93,49.08241587376404
153.94,49.1488393158493
153.95,49.21546250998758
153.96,49.28228646643528
153.97,49.34931220209774
153.98,49.41654074058246
153.99,49.483973112252734
154.0,49.551610354281856
154.01,49.61945351070781
154.02,49.68750363248848
154.03,49.75576177755738
154.04,49.824229010879925
154.05,49.892906404510185
154.06,49.96179503764826
154.07,50.03089599669811
154.08,50.10021037532603
154.09,50.16973927451957
154.1,50.23948380264712
154.11,50.30944507551801
154.12,50.3796242164432
154.13,50.450022356296515
154.14,50.52064063357654
154.15,50.59148019446905
154.16,50.662542192910045
154.17,50.733827790649414
154.18,50.80533815731521
154.19,50.87707447047853
154.2,50.94903791571902
154.21,51.02122968669102
154.22,51.09365098519039
154.23,51.16630302122191
154.24,51.239187013067365
154.25,51.312304187354336
154.26,51.38565577912559
154.27,51.45924303190922
154.28,51.533067197789364
154.29,51.60712953747776
154.3,51.68143132038588
154.31,51.755973824697826
154.32,51.83075833744393
154.33,51.90578615457508
154.34,51.98105858103779
154.35,52.05657693084998
154.36,52.13234252717753
154.37,52.20835670241159
154.38,52.28462079824665
154.39,52.36113616575937
154.4,52.43790416548822
154.41,52.514926167513885
154.42,52.59220355154051
154.43,52.669737706977685
154.44,52.747530033023345
154.45,52.825581938747405
154.46,52.903894843176296
154.47,52.982470175378324
154.48,53.061309374549886
154.49,53.14041389010255
154.5,53.21978518175103
154.51,53.29942471960202
154.52,53.37933398424398
154.53,53.45951446683772
154.54,53.53996766920803
154.55,53.620695103936185
154.56,53.70169829445334
154.57,53.78297877513494
154.58,53.864538091396106
154.59,53.9463777997879
154.6,54.02849946809468
154.61,54.11090467543237
154.62,54.1935950123478
154.63,54.276572080918996
154.64,54.35983749485657
154.65,54.44339287960611
154.66,54.52723987245162
154.67,54.61138012262007
154.68,54.69581529138698
154.69,54.780547052183096
154.7,54.86557709070223
154.71,54.950907105010145
154.72,55.03653880565461
154.73,55.12247391577659
154.74,55.2087141712226
154.75,55.29526132065824
154.76,55.38211712568288
154.77,55.469283360945575
154.78,55.556761814262195
154.79,55.64455428673378
154.8,55.73266259286612
154.81,55.821088560690626
154.82,55.90983403188643
154.83,55.998900861903834
154.84,56.088290920088994
154.85,56.17800608980999
154.86,56.26804826858419
154.87,56.35841936820696
154.88,56.44912131488179
154.89,56.54015604935175
154.9,56.63152552703238
154.91,56.723231718145975
154.92,56.81527660785735
154.93,56.907662196410996
154.94,57.00039049926976
154.95,57.093463547255
154.96,57.186883386688194
154.97,57.28065207953417
154.98,57.374771703545825
154.99,57.46924435241037
155.0,57.564072135897256
155.01,57.6592571800076
155.02,57.7548016271253
155.03,57.850707636169766
155.04,57.94697738275031
155.05,58.043613059322226
155.06,58.14061687534457
155.07,58.23799105743967
155.08,58.33573784955436
155.09,58.433859513123025
155.1,58.53235832723238
155.11,58.6312365887881
155.12,58.73049661268326
155.13,58.83014073196868
155.14,58.93017129802508
155.15,59.03059068073718
155.16,59.13140126866972
155.17,59.232605469245456
155.18,59.33420570892508
155.19,59.43620443338919
155.2,59.53860410772227
155.21,59.64140721659871
155.22,59.74461626447092
155.23,59.84823377575955
155.24,59.952262295045834
155.25,60.05670438726609
155.26,60.16156263790842
155.27,60.26683965321161
155.28,60.37253806036629
155.29,60.47866050771832
155.3,60.58520966497454
155.31,60.69218822341083
155.32,60.79959889608248
155.33,60.90744441803701
155.34,61.01572754652939
155.35,61.12445106123972
155.36,61.23361776449335
155.37,61.3432304814836
155.38,61.45329206049694
155.39,61.56380537314081
155.4,61.67477331457403
155.41,61.78619880373987
155.42,61.89808478360178
155.43,62.01043422138189
155.44,62.12325010880221
155.45,62.23653546232864
155.46,62.3502933234178
155.47,62.46452675876677
155.48,62.57923886056566
155.49,62.694432746753144
155.5,62.81011156127502
155.51,62.92627847434573
155.52,63.042936682712934
155.53,63.16008940992524
155.54,63.27773990660304
155.55,63.395891450712476
155.56,63.51454734784274
155.57,63.63371093148655
155.58,63.753385563323945
155.59,63.87357463350949
155.6,63.994281560962825
155.61,64.11550979366267
155.62,64.23726280894434
155.63,64.35954411380077
155.64,64.48235724518713
155.65,64.60570577032912
155.66,64.72959328703489
155.67,64.85402342401066
155.68,64.97899984118025
155.69,65.10452623000835
155.7,65.23060631382762
155.71,65.3572438481699
155.72,65.48444262110124
155.73,65.61220645356109
155.74,65.74053919970552
155.75,65.86944474725466
155.76,65.9989270178443
155.77,66.12898996738177
155.78,66.2596375864062
155.79,66.39087390045312
155.8,66.52270297042351
155.81,66.6551288929574
155.82,66.78815580081204
155.83,66.92178786324462
155.84,67.05602928639983
155.85,67.19088431370213
155.86,67.32635722625277
155.87,67.46245234323185
155.88,67.59917402230525
155.89,67.73652666003663
155.9,67.87451469230456
155.91,68.01314259472477
155.92,68.15241488307774
155.93,68.29233611374154
155.94,68.43291088413008
155.95,68.57414383313689
155.96,68.71603964158439
155.97,68.85860303267881
155.98,69.0018387724709
155.99,69.14575167032228
156.0,69.2903465793778
156.01,69.43562839704377
156.02,69.58160206547231
156.03,69.72827257205176
156.04,69.87564494990336
156.05,70.02372427838418
156.06,70.17251568359647
156.07,70.32202433890356
156.08,70.47225546545219
156.09,70.62321433270166
156.1,70.77490625895969
156.11,70.92733661192513
156.12,71.08051080923765
156.13,71.23443431903455
156.14,71.38911266051461
156.15,71.54455140450938
156.16,71.70075617406168
156.17,71.85773264501172
156.18,72.01548654659075
156.19,72.1740236620224
156.2,72.33334982913189
156.21,72.4934709409631
156.22,72.65439294640379
156.23,72.81612185081883
156.24,72.97866371669193
156.25,73.14202466427552
156.26,73.30621087224942
156.27,73.47122857838791
156.28,73.63708408023581
156.29,73.80378373579332
156.3,73.97133396420998
156.31,74.13974124648776
156.32,74.30901212619352
156.33,74.47915321018087
156.34,74.65017116932165
156.35,74.82207273924715
156.36,74.99486472109918
156.37,75.16855398229121
156.38,75.3431474572797
156.39,75.51865214834564
156.4,75.69507512638675
156.41,75.87242353172024
156.42,76.05070457489634
156.43,76.22992553752285
156.44,76.41009377310077
156.45,76.59121670787135
156.46,76.77330184167444
156.47,76.9563567488186
156.48,77.14038907896305
156.49,77.32540655801148
156.5,77.51141698901822
156.51,77.69842825310663
156.52,77.88644831040018
156.53,78.0754852009662
156.54,78.26554704577252
156.55,78.45664204765741
156.56,78.64877849231273
156.57,78.84196474928066
156.58,79.03620927296427
156.59,79.23152060365192
156.6,79.42790736855592
156.61,79.62537828286567
156.62,79.82394215081524
156.63,80.023607866766
156.64,80.22438441630419
156.65,80.42628087735388
156.66,80.62930642130543
156.67,80.83347031415987
156.68,81.03878191768914
156.69,81.24525069061276
156.7,81.45288618979107
156.71,81.66169807143511
156.72,81.87169609233375
156.73,82.08289011109805
156.74,82.29529008942332
156.75,82.50890609336895
156.76,82.72374829465654
156.77,82.9398269719864
156.78,83.1571525123728
156.79,83.37573541249832
156.8,83.59558628008746
156.81,83.81671583530003
156.82,84.03913491214438
156.83,84.26285445991094
156.84,84.48788554462647
156.85,84.71423935052904
156.86,84.94192718156451
156.87,85.17096046290442
156.88,85.40135074248593
156.89,85.63310969257407
156.9,85.8662491113466
156.91,86.10078092450195
156.92,86.33671718689045
156.93,86.57407008416953
156.94,86.81285193448285
156.95,87.0530751901641
156.96,87.2947524394657
156.97,87.5378964083129
156.98,87.78251996208357
156.99,88.02863610741412
157.0,88.27625799403215
157.01,88.52539891661604
157.02,88.77607231668198
157.03,89.02829178449895
157.04,89.28207106103213
157.05,89.53742403991501
157.06,89.79436476945092
157.07,90.05290745464427
157.08,90.31306645926209
157.09,90.57485630792632
157.1,90.83829168823739
157.11,91.10338745292957
157.12,91.37015862205863
157.13,91.63862038522231
157.14,91.90878810381425
157.15,92.1806773133117
157.16,92.45430372559794
157.17,92.72968323131951
157.18,93.0068319022793
157.19,93.2857659938657
157.2,93.56650194751867
157.21,93.8490563932333
157.22,94.13344615210127
157.23,94.41968823889117
157.24,94.70779986466806
157.25,94.99779843945309
157.26,95.28970157492374
157.27,95.58352708715542
157.28,95.87929299940507
157.29,96.17701754493757
157.3,96.4767191698955
157.31,96.77841653621316
157.32,97.08212852457542
157.33,97.38787423742241
157.34,97.69567300200039
157.35,98.00554437346007
157.36,98.31750813800282
157.37,98.63158431607575
157.38,98.94779316561636
157.39,99.2661551853478
157.4,99.58669111812532
157.41,99.90942195433496
157.42,100.2343689353454
157.43,100.56155355701367
157.44,100.89099757324577
157.45,101.22272299961317
157.46,101.55675211702602
157.47,101.89310747546408
157.48,102.23181189776635
157.49,102.57288848348044
157.5,102.91636061277258
157.51,103.26225195039942
157.52,103.6105864497426
157.53,103.9613883569072
157.54,104.31468221488505
157.55,104.67049286778426
157.56,105.02884546512568
157.57,105.38976546620788
157.58,105.75327864454148
157.59,106.11941109235424
157.6,106.4881892251679
157.61,106.85963978644818
157.62,107.23378985232917
157.63,107.61066683641316
157.64,107.9902984946475
157.65,108.37271293027965
157.66,108.75793859889167
157.67,109.14600431351575
157.68,109.53693924983186
157.69,109.93077295144923
157.7,110.32753533527278
157.71,110.72725669695629
157.72,111.12996771644342
157.73,111.53569946359839
157.74,111.94448340392772
157.75,112.3563514043945
157.76,112.77133573932696
157.77,113.18946909642277
157.78,113.61078458285085
157.79,114.03531573145219
157.8,114.46309650704148
157.81,114.89416131281133
157.82,115.32854499684059
157.83,115.76628285870878
157.84,116.2074106562183
157.85,116.65196461222634
157.86,117.09998142158823
157.87,117.55149825821425
157.88,118.00655278224174
157.89,118.46518314732447
157.9,118.92742800804132
157.91,119.39332652742623
157.92,119.86291838462142
157.93,120.33624378265613
157.94,120.81334345635274
157.95,121.29425868036269
157.96,121.77903127733417
157.97,122.26770362621393
157.98,122.76031867068532
157.99,123.25691992774505
158.0,123.75755149642069
158.01,124.26225806663163
158.02,124.7710849281955
158.03,125.28407797998283
158.04,125.80128373922207
158.05,126.32274935095782
158.06,126.84852259766448
158.07,127.37865190901806
158.08,127.91318637182871
158.09,128.4521757401367
158.1,128.99567044547427
158.11,129.54372160729645
158.12,130.09638104358314
158.13,130.65370128161572
158.14,131.21573556893068
158.15,131.78253788445323
158.16,132.35416294981374
158.17,132.93066624085012
158.18,133.5121039992989
158.19,134.09853324467815
158.2,134.69001178636532
158.21,135.2865982358728
158.22,135.8883520193247
158.23,136.49533339013797
158.24,137.1076034419105
158.25,137.72522412152028
158.26,138.34825824243822
158.27,138.97676949825814
158.28,139.61082247644745
158.29,140.25048267232143
158.3,140.895816503245
158.31,141.54689132306504
158.32,142.20377543677697
158.33,142.8665381154288
158.34,143.53524961126647
158.35,144.20998117312377
158.36,144.8908050620605
158.37,145.5777945672526
158.38,146.27102402213742
158.39,146.97056882081856
158.4,147.67650543473292
158.41,148.3889114295845
158.42,149.10786548254825
158.43,149.83344739974754
158.44,150.56573813400948
158.45,151.30481980290114
158.46,152.05077570705097
158.47,152.80369034875895
158.48,153.563649450899
158.49,154.33073997611777
158.5,155.10505014633335
158.51,155.88666946253755
158.52,156.6756887249055
158.53,157.47220005321662
158.54,158.27629690758988
158.55,159.08807410953787
158.56,159.90762786334267
158.57,160.73505577775748
158.58,161.5704568880373
158.59,162.41393167830248
158.6,163.26558210423815
158.61,164.1255116161336
158.62,164.99382518226426
158.63,165.87062931262014
158.64,166.7560320829834
158.65,167.65014315935875
158.66,168.55307382275913
158.67,169.46493699435024
158.68,170.3858472609561
158.69,171.31592090092883
158.7,172.25527591038508
158.71,173.20403202981157
158.72,174.162310771042
158.73,175.13023544460762
158.74,176.10793118746338
158.75,177.09552499109148
158.76,178.09314572998395
158.77,179.10092419050565
158.78,180.11899310013902
158.79,181.14748715711139
158.8,182.18654306040565
158.81,183.23629954015487
158.82,184.29689738842072
158.83,185.36847949035604
158.84,186.4511908557508
158.85,187.5451786509609
158.86,188.65059223121835
158.87,189.76758317332204
158.88,190.8963053087065
158.89,192.03691475688686
158.9,193.18956995927715
158.91,194.35443171337863
158.92,195.53166320733476
158.93,196.7214300548484
158.94,197.9239003304568
158.95,199.1392446051586
158.96,200.36763598238764
158.97,201.60925013432654
158.98,202.86426533855322
158.99,204.13286251501225
159.0,205.4152252633027
159.01,206.71153990027292
159.02,208.02199549791243
159.03,209.34678392152955
159.04,210.68609986820326
159.05,212.0401409054963
159.06,213.40910751041596
159.07,214.79320310860777
159.08,216.19263411376608
159.09,217.60760996724503
159.1,219.03834317785166
159.11,220.48504936180197
159.12,221.94794728281934
159.13,223.4272588923537
159.14,224.92320936989822
159.15,226.43602716337884
159.16,227.96594402959082
159.17,229.51319507465436
159.18,231.0780187944604
159.19,232.6606571150755
159.2,234.2613554330733
159.21,235.88036265575792
159.22,237.51793124124325
159.23,239.17431723834946
159.24,240.8497803262768
159.25,242.54458385401387
159.26,244.25899487943585
159.27,245.99328420804596
159.28,247.7477264313104
159.29,249.52259996453554
159.3,251.3181870842325
159.31,253.1347739649128
159.32,254.9726507152549
159.33,256.8321114135795
159.34,258.7134541425681
159.35,260.6169810231561
159.36,262.5429982475297
159.37,264.491816111151
159.38,266.46374904373386
159.39,268.4591156390881
159.4,270.4782386837487
159.41,272.5214451842993
159.42,274.589066393299
159.43,276.68143783371573
159.44,278.79889932176565
159.45,280.9417949880546
159.46,283.11047329691286
159.47,285.3052870638104
159.48,287.5265934707354
159.49,289.774754079414
159.5,292.0501348422452
159.51,294.35310611081945
159.52,296.6840426418849
159.53,299.0433236006202
159.54,301.4313325610683
159.55,303.8484575035791
159.56,306.29509080910526
159.57,308.77162925018916
159.58,311.2784739784731
159.59,313.8160305085606
159.6,316.38470869805036
159.61,318.9849227235581
159.62,321.6170910525373
159.63,324.2816364107025
159.64,326.97898574485396
159.65,329.70957018089655
159.66,332.47382497683907
159.67,335.27218947055513
159.68,338.10510702208035
159.69,340.97302495021455
159.7,343.8763944631927
159.71,346.8156705831806
159.72,349.79131206434755
159.73,352.80378130426146
159.74,355.8535442483455
159.75,358.94107028713194
159.76,362.06683214604107
159.77,365.23130576740937
159.78,368.43497018448556
159.79,371.67830738710796
159.8,374.9618021787727
159.81,378.2859420247971
159.82,381.6512168912792
159.83,385.0581190745498
159.84,388.5071430208109
159.85,391.99878513565096
159.86,395.5335435831245
159.87,399.1119180740818
159.88,402.7344096434331
159.89,406.4015204160301
159.9,410.1137533608474
159.91,413.87161203314616
159.92,417.6756003043045
159.93,421.5262220789986
159.94,425.42398099942295
159.95,429.3693801362396
159.96,433.362921665952
159.97,437.4051065344025
159.98,441.4964341060992
159.99,445.6374017990856
160.0,449.8285047050732
160.01,454.07023519456766
160.02,458.36308250672874
160.03,462.70753232371726
160.04,467.1040663292937
160.05,471.5531617514491
160.06,476.05529088886414
160.07,480.61092062100886
160.08,485.22051190171703
160.09,489.8845192360859
160.1,494.60339014057814
160.11,499.37756458622357
160.12,504.207474424846
160.13,509.0935427982668
160.14,514.0361835304664
160.15,519.0358005027157
160.16,524.0927870117232
160.17,529.2075251108774
160.18,534.3803849347019
160.19,539.6117240066775
160.2,544.9018865306309
160.21,550.2512026659244
160.22,555.6599877867349
160.23,561.1285417257486
160.24,566.6571480026533
160.25,572.2460730378547
160.26,577.895565351899
160.27,583.6058547511373
160.28,589.3771515002209
160.29,595.2096454820775
160.3,601.1035053460732
160.31,607.0588776451284
160.32,613.0758859626156
160.33,619.1546300299311
160.34,625.2951848356954
160.35,631.4975997276023
160.36,637.7618975080027
160.37,644.0880735243744
160.38,650.4760947558962
160.39,656.9258988974104
160.4,663.4373934421275
160.41,670.0104547644867
160.42,676.64492720466
160.43,683.3406221562454
160.44,690.0973171587628
160.45,696.9147549966272
160.46,703.7926428063352
160.47,710.7306511936603
160.48,717.7284133627069
160.49,724.7855242587306
160.5,731.9015397266804
160.51,739.0759756874693
160.52,746.308307334021
160.53,753.5979683491845
160.54,760.9443501476412
160.55,768.346801143965
160.56,775.8046260490175
160.57,783.3170851968879
160.58,790.8833939045977
160.59,798.5027218668057
160.6,806.1741925877485
160.61,813.8968828526523
160.62,821.669822240842
160.63,829.491992682757
160.64,837.3623280630618
160.65,845.2797138720065
160.66,853.242986907157
160.67,861.2509350275677
160.68,869.3022969624159
160.69,877.3957621760569
160.7,885.5299707913894
160.71,893.7035135733407
160.72,901.9149319742027
160.73,910.1627182424478
160.74,918.4453155965621
160.75,926.7611184653164
160.76,935.108472795786
160.77,943.4856764303034
160.78,951.8909795533975
160.79,960.322585209638
160.8,968.7786498931574
160.81,977.2572842094752
160.82,985.7565536100911
160.83,994.2744792001572
160.84,1002.8090386193676
160.85,1011.3581669960404
160.86,1019.9197579741893
160.87,1028.4916648132066
160.88,1037.0717015595994
160.89,1045.6576442900412
160.9,1054.2472324248151
160.91,1062.8381701105473
160.92,1071.4281276709362
160.93,1080.014743124013
160.94,1088.5956237642756
160.95,1097.1683478078678
160.96,1105.7304660987925
160.97,1114.27950387398
160.98,1122.8129625848592
160.99,1131.3283217729172
161.0,1139.823040996577
161.01,1148.2945618065626
161.02,1156.7403097667836
161.03,1165.1576965176298
161.04,1173.544121878431
161.05,1181.896975985725
161.06,1190.2136414638537
161.07,1198.4914956243108
161.08,1206.7279126901662
161.09,1214.9202660418125
161.1,1223.0659304802018
161.11,1231.1622845036845
161.12,1239.2067125945064
161.13,1247.1966075109829
161.14,1255.1293725813416
161.15,1263.0024239952093
161.16,1270.8131930887128
161.17,1278.5591286191716
161.18,1286.2376990253817
161.19,1293.8463946695165
161.2,1301.382730056716
161.21,1308.8442460284882
161.22,1316.228511926113
161.23,1323.5331277203097
161.24,1330.7557261035197
161.25,1337.893974541252
161.26,1344.94557727904
161.27,1351.90827730168
161.28,1358.7798582415394
161.29,1365.5581462328578
161.3,1372.241011709105
161.31,1378.8263711406041
161.32,1385.3121887097834
161.33,1391.6964779215787
161.34,1397.9773031466764
161.35,1404.1527810954515
161.36,1410.2210822206348
161.37,1416.1804320469148
161.38,1422.0291124258652
161.39,1427.7654627147667
161.4,1433.3878808780794
161.41,1438.8948245105
161.42,1444.2848117807316
161.43,1449.5564222952707
161.44,1454.7082978817002
161.45,1459.7391432911627
161.46,1464.6477268198623
161.47,1469.4328808496225
161.48,1474.0935023076981
161.49,1478.6285530462137
161.5,1483.037060141757
161.51,1487.3181161158243
161.52,1491.4708790769655
161.53,1495.4945727856232
161.54,1499.3884866428104
161.55,1503.1519756039024
161.56,1506.78446001895
161.57,1510.285425401048
161.58,1513.6544221244046
161.59,1516.8910650538721
161.6,1519.9950331077957
161.61,1522.9660687561372
161.62,1525.8039774559124
161.63,1528.5086270260656
161.64,1531.0799469639699
161.65,1533.5179277058135
161.66,1535.8226198331822
161.67,1537.9941332282008
161.68,1540.0326361796365
161.69,1541.938354442403
161.7,1543.7115702529284
161.71,1545.3526213028724
161.72,1546.8618996736893
161.73,1548.2398507345433
161.74,1549.4869720060774
161.75,1550.6038119925377
161.76,1551.5909689847354
161.77,1552.4490898363176
161.78,1553.1788687157923
161.79,1553.781045836722
161.8,1554.2564061684725
161.81,1554.6057781298628
161.82,1554.8300322680182
161.83,1554.9300799246873
161.84,1554.9068718922301
161.85,1554.7613970614336
161.86,1554.4946810632541
161.87,1554.107784906527
161.88,1553.6018036136236
161.89,1552.9778648559707
161.9,1552.2371275912824
161.91,1551.3807807042886
161.92,1550.4100416526726
161.93,1549.3261551198657
161.94,1548.1303916762683
161.95,1546.8240464504047
161.96,1545.4084378114394
161.97,1543.8849060644156
161.98,1542.2548121595028
161.99,1540.519536416468
162.0,1538.6804772655162
162.01,1536.7390500055697
162.02,1534.6966855809947
162.03,1532.554829377704
162.04,1530.3149400395039
162.05,1527.9784883054836
162.06,1525.5469558691796
162.07,1523.0218342601825
162.08,1520.4046237487935
162.09,1517.6968322742734
162.1,1514.8999743971685
162.11,1512.0155702761392
162.12,1509.0451446696634
162.13,1505.9902259629275
162.14,1502.8523452201714
162.15,1499.6330352626965
162.16,1496.3338297727043
162.17,1492.9562624230803
162.18,1489.5018660331953
162.19,1485.9721717507573
162.2,1482.3687082596985
162.21,1478.6930010140502
162.22,1474.9465714977184
162.23,1471.1309365100371
162.24,1467.2476074769465
162.25,1463.2980897876091
162.26,1459.2838821562486
162.27,1455.2064760089695
162.28,1451.0673548952889
162.29,1446.867993924089
162.3,1442.609859223676
162.31,1438.29440742561
162.32,1433.923085171954
162.33,1429.4973286455695
162.34,1425.0185631230738
162.35,1420.488202550057
162.36,1415.9076491381452
162.37,1411.2782929834864
162.38,1406.601511706221
162.39,1401.8786701104955
162.4,1397.1111198645665
162.41,1392.3001992005354
162.42,1387.4472326332539
162.43,1382.5535306979268
162.44,1377.6203897059465
162.45,1372.6490915184818
162.46,1367.6409033373463
162.47,1362.5970775126732
162.48,1357.5188513669175
162.49,1352.4074470347139
162.5,1347.264071318116
162.51,1342.089915556748
162.52,1336.8861555123992
162.53,1331.6539512675993
162.54,1326.3944471377151
162.55,1321.1087715961128
162.56,1315.7980372119346
162.57,1310.463340600049
162.58,1305.1057623827326
162.59,1299.7263671626538
162.6,1294.3262035067316
162.61,1288.9063039404518
162.62,1283.4676849522286
162.63,1278.011347007408
162.64,1272.538274571517
162.65,1267.0494361423694
162.66,1261.5457842906487
162.67,1256.0282557085943
162.68,1250.4977712664283
162.69,1244.9552360761668
162.7,1239.4015395624663
162.71,1233.8375555401692
162.72,1228.2641422982163
162.73,1222.6821426896026
162.74,1217.092384227066
162.75,1211.4956791842012
162.76,1205.8928247017031
162.77,1200.2846028984516
162.78,1194.6717809871566
162.79,1189.0551113942925
162.8,1183.4353318840588
162.81,1177.813165686111
162.82,1172.1893216268138
162.83,1166.5644942637784
162.84,1160.9393640234514
162.85,1155.314597341532
162.86,1149.6908468059999
162.87,1144.0687513025482
162.88,1138.4489361622147
162.89,1132.8320133110226
162.9,1127.2185814214392
162.91,1121.6092260654757
162.92,1116.004519869251
162.93,1110.4050226688564
162.94,1104.8112816673581
162.95,1099.2238315927843
162.96,1093.643194856949
162.97,1088.0698817149716
162.98,1082.5043904253553
162.99,1076.9472074104942
163.0,1071.3988074174858
163.01,1065.859653679129
163.02,1060.330198074993
163.03,1054.8108812924509
163.04,1049.3021329875721
163.05,1043.804371945777
163.06,1038.3180062421566
163.07,1032.8434334013737
163.08,1027.3810405570528
163.09,1021.9312046105862
163.1,1016.4942923892738
163.11,1011.0706608037275
163.12,1005.6606570044705
163.13,1000.2646185376683
163.14,994.8828734999275
163.15,989.515740692109
163.16,984.1635297720974
163.17,978.8265414064789
163.18,973.5050674210794
163.19,968.1993909503168
163.2,962.9097865853283
163.21,957.636520520832
163.22,952.3798507006882
163.23,947.1400269621257
163.24,941.9172911786046
163.25,936.7118774012839
163.26,931.5240119990709
163.27,926.353913797227
163.28,921.2017942145086
163.29,916.0678573988235
163.3,910.9523003613856
163.31,905.8553131093511
163.32,900.7770787769236
163.33,895.7177737549156
163.34,890.6775678187546
163.35,885.6566242549269
163.36,880.6550999858505
163.37,875.6731456931711
163.38,870.7109059394769
163.39,865.7685192884292
163.4,860.8461184233057
163.41,855.9438302639578
163.42,851.061776082179
163.43,846.2000716154889
163.44,841.3588271793335
163.45,836.5381477777048
163.46,831.7381332121859
163.47,826.9588781894239
163.48,822.2004724270397
163.49,817.4630007579784
163.5,812.7465432333101
163.51,808.0511752234877
163.52,803.3769675180712
163.53,798.723986423928
163.54,794.0922938619182
163.55,789.4819474620768
163.56,784.8930006573028
163.57,780.3255027755658
163.58,775.7794991306453
163.59,771.25503111141
163.6,766.7521362696546
163.61,762.270848406504
163.62,757.8111976573991
163.63,753.3732105756782
163.64,748.9569102147669
163.65,744.5623162089926
163.66,740.1894448530345
163.67,735.8383091800276
163.68,731.5089190383324
163.69,727.2012811669863
163.7,722.9153992698523
163.71,718.6512740884789
163.72,714.408903473687
163.73,710.1882824558994
163.74,705.9894033142278
163.75,701.8122556443333
163.76,697.6568264250747
163.77,693.5231000839619
163.78,689.411058561429
163.79,685.3206813739413
163.8,681.251945675955
163.81,677.2048263207414
163.82,673.1792959200943
163.83,669.1753249029339
163.84,665.1928815728234
163.85,661.2319321644137
163.86,657.2924408988317
163.87,653.3743700380267
163.88,649.4776799380904
163.89,645.6023291015666
163.9,641.7482742287633
163.91,637.9154702680843
163.92,634.1038704653939
163.93,630.31342641243
163.94,626.5440880942788
163.95,622.7958039359281
163.96,619.0685208479108
163.97,615.3621842710543
163.98,611.6767382203499
163.99,608.0121253279555
164.0,604.3682868853456
164.01,600.7451628846231
164.02,597.1426920590051
164.03,593.5608119224966
164.04,589.9994588087663
164.05,586.4585679092365
164.06,582.9380733103995
164.07,579.4379080303758
164.08,575.9580040547237
164.09,572.4982923715156
164.1,569.0587030056907
164.11,565.639165052699
164.12,562.2396067114464
164.13,558.8599553165541
164.14,555.500137369944
164.15,552.1600785717612
164.16,548.8397038506453
164.17,545.5389373933613
164.18,542.2577026738032
164.19,538.9959224813787
164.2,535.7535189487868
164.21,532.5304135792003
164.22,529.326527272862
164.23,526.1417803531057
164.24,522.9760925918124
164.25,519.8293832343114
164.26,516.7015710237371
164.27,513.5925742248495
164.28,510.5023106473309
164.29,507.430697668565
164.3,504.37765225591085
164.31,501.3430909884785
164.32,498.326930078417
164.33,495.32908539172297
164.34,492.3494724685788
164.35,489.3880065432289
164.36,486.44460256340284
164.37,483.5191752092936
164.38,480.6116389120997
164.39,477.721907872138
164.4,474.84989607653705
164.41,471.9955173165175
164.42,469.15868520426767
164.43,466.33931318942206
164.44,463.5373145751505
164.45,460.7526025338646
164.46,457.98509012254954
164.47,455.2346902977278
164.48,452.50131593006233
164.49,449.7848798186053
164.5,447.08529470470023
164.51,444.40247328554335
164.52,441.736328227411
164.53,439.0867721785597
164.54,436.45371778180515
164.55,433.83707768678596
164.56,431.23676456191896
164.57,428.65269110605163
164.58,426.0847700598175
164.59,423.53291421670093
164.6,420.9970364338159
164.61,418.47704964240575
164.62,415.97286685806824
164.63,413.484401190712
164.64,411.01156585424945
164.65,408.5542741760315
164.66,406.11243960602917
164.67,403.6859757257669
164.68,401.2747962570131
164.69,398.8788150702322
164.7,396.4979461928031
164.71,394.13210381700947
164.72,391.78120230780496
164.73,389.4451562103595
164.74,387.1238802573901
164.75,384.8172893762808
164.76,382.52529869599624
164.77,380.2478235537926
164.78,377.9847795017308
164.79,375.73608231299517
164.8,373.5016479880219
164.81,371.2813927604417
164.82,369.07523310283955
164.83,366.88308573233627
164.84,364.70486761599466
164.85,362.5404959760548
164.86,360.3898882950013
164.87,358.25296232046657
164.88,356.12963606997295
164.89,354.01982783551773
164.9,351.9234561880039
164.91,349.84043998152026
164.92,347.7706983574733
164.93,345.7141507485752
164.94,343.67071688268993
164.95,341.64031678654106
164.96,339.622870789284
164.97,337.6182995259455
164.98,335.6265239407338
164.99,333.6474652902215
165.0,331.681045146404
165.01,329.7271853996372
165.02,327.7858082614554
165.03,325.85683626727337
165.04,323.9401922789749
165.05,322.03579948738945
165.06,320.1435814146606
165.07,318.26346191650765
165.08,316.3953651843834
165.09,314.53921574753036
165.1,312.6949384749368
165.11,310.8624585771963
165.12,309.041701608272
165.13,307.2325934671675
165.14,305.43506039950745
165.15,303.6490289990292
165.16,301.8744262089876
165.17,300.1111793234749
165.18,298.35921598865826
165.19,296.6184642039358
165.2,294.88885232301396
165.21,293.1703090549074
165.22,291.4627634648637
165.23,289.76614497521405
165.24,288.08038336615226
165.25,286.4054087764435
165.26,284.74115170406424
165.27,283.0875430067755
165.28,281.4445139026306
165.29,279.81199597041916
165.3,278.18992115004863
165.31,276.5782217428654
165.32,274.9768304119166
165.33,273.3856801821535
165.34,271.8047044405796
165.35,270.2338369363424
165.36,268.67301178077275
165.37,267.12216344737095
165.38,265.5812267717423
165.39,264.0501369514829
165.4,262.5288295460169
165.41,261.0172404763865
165.42,259.51530602499633
165.43,258.0229628353122
165.44,256.5401479115171
165.45,255.066798618124
165.46,253.60285267954762
165.47,252.14824817963583
165.48,250.70292356116167
165.49,249.2668176252774
165.5,247.83986953093122
165.51,246.42201879424795
165.52,245.0132052878745
165.53,243.61336924029138
165.54,242.22245123509052
165.55,240.84039221022132
165.56,239.467133457205
165.57,238.10261662031843
165.58,236.7467836957486
165.59,235.39957703071812
165.6,234.0609393225829
165.61,232.73081361790264
165.62,231.40914331148517
165.63,230.09587214540525
165.64,228.79094420799854
165.65,227.4943039328318
165.66,226.20589609764968
165.67,224.9256658232992
165.68,223.65355857263225
165.69,222.3895201493872
165.7,221.13349669705
165.71,219.88543469769553
165.72,218.64528097080998
165.73,217.41298267209467
165.74,216.18848729225218
165.75,214.97174265575518
165.76,213.76269691959874
165.77,212.56129857203658
165.78,211.36749643130202
165.79,210.18123964431388
165.8,209.00247768536818
165.81,207.83116035481615
165.82,206.66723777772876
165.83,205.51066040254878
165.84,204.3613789997305
165.85,203.21934466036777
165.86,202.0845087948107
165.87,200.95682313127173
165.88,199.83623971442145
165.89,198.7227109039743
165.9,197.61618937326523
165.91,196.51662810781707
165.92,195.42398040389966
165.93,194.3381998670806
165.94,193.2592404107684
165.95,192.18705625474843
165.96,191.12160192371164
165.97,190.06283224577697
165.98,189.0107023510076
165.99,187.96516766992116
166.0,186.92618393199467
166.01,185.89370716416434
166.02,184.8676936893205
166.03,183.84810012479824
166.04,182.8348833808637
166.05,181.82800065919685
166.06,180.82740945137053
166.07,179.83306753732637
166.08,178.84493298384788
166.09,177.86296414303084
166.1,176.8871196507514
166.11,175.91735842513214
166.12,174.95363966500628
166.13,173.99592284838047
166.14,173.04416773089616
166.15,172.09833434429012
166.16,171.15838299485404
166.17,170.22427426189367
166.18,169.2959689961876
166.19,168.37342831844612
166.2,167.45661361776985
166.21,166.54548655010916
166.22,165.64000903672388
166.23,164.74014326264384
166.24,163.8458516751304
166.25,162.95709698213912
166.26,162.0738421507838
166.27,161.196050405802
166.28,160.32368522802236
166.29,159.45671035283377
166.3,158.59508976865655
166.31,157.73878771541592
166.32,156.88776868301787
166.33,156.0419974098275
166.34,155.20143888115015
166.35,154.36605832771528
166.36,153.53582122416339
166.37,152.71069328753612
166.38,151.89064047576957
166.39,151.075628986191
166.4,150.26562525401908
166.41,149.46059595086788
166.42,148.66050798325452
166.43,147.86532849111077
166.44,147.07502484629873
166.45,146.2895646511305
166.46,145.5089157368922
166.47,144.73304616237232
166.48,143.96192421239448
166.49,143.1955183963547
166.5,142.4337974467634
166.51,141.67673031779213
166.52,140.92428618382496
166.53,140.17643443801504
166.54,139.43314469084586
166.55,138.69438676869794
166.56,137.96013071242027
166.57,137.23034677590732
166.58,136.5050054246812
166.59,135.78407733447924
166.6,135.06753338984694
166.61,134.35534468273656
166.62,133.64748251111115
166.63,132.94391837755435
166.64,132.24462398788586
166.65,131.54957124978247
166.66,130.85873227140524
166.67,130.17207936003226
166.68,129.48958502069746
166.69,128.8112219548354
166.7,128.13696305893185
166.71,127.46678142318082
166.72,126.80065033014729
166.73,126.13854325343634
166.74,125.48043385636831
166.75,124.82629599066028
166.76,124.17610369511371
166.77,123.52983119430841
166.78,122.88745289730286
166.79,122.24894339634076
166.8,121.61427746556411
166.81,120.98343005973256
166.82,120.35637631294925
166.83,119.73309153739316
166.84,119.11355122205778
166.85,118.4977310314964
166.86,117.88560680457391
166.87,117.27715455322509
166.88,116.67235046121948
166.89,116.0711708829328
166.9,115.473592342125
166.91,114.87959153072481
166.92,114.28914530762103
166.93,113.70223069746032
166.94,113.1188248894517
166.95,112.53890523617764
166.96,111.96244925241182
166.97,111.38943461394352
166.98,110.81983915640873
166.99,110.25364087412784
167.0,109.69081791895
167.01,109.13134859910426
167.02,108.57521137805718
167.03,108.02238487337733
167.04,107.47284785560632
167.05,106.92657924713647
167.06,106.38355812109529
167.07,105.8437637002365
167.08,105.30717535583769
167.09,104.77377260660475
167.1,104.2435351175829
167.11,103.71644269907422
167.12,103.19247530556208
167.13,102.67161303464195
167.14,102.15383612595895
167.15,101.63912496015197
167.16,101.12746005780446
167.17,100.61882207840164
167.18,100.11319181929447
167.19,99.61055021467008
167.2,99.11087833452876
167.21,98.6141573836675
167.22,98.12036870067007
167.23,97.62949375690357
167.24,97.1415141555215
167.25,96.65641163047333
167.26,96.17416804552045
167.27,95.69476539325866
167.28,95.21818579414708
167.29,94.74441149554335
167.3,94.27342487074542
167.31,93.80520841803956
167.32,93.33974475975477
167.33,92.87701664132355
167.34,92.41700693034898
167.35,91.95969861567808
167.36,91.50507480648147
167.37,91.05311873133927
167.38,90.60381373733321
167.39,90.15714328914505
167.4,89.71309096816107
167.41,89.27164047158278
167.42,88.83277561154384
167.43,88.39648031423297
167.44,87.96273861902314
167.45,87.53153467760663
167.46,87.10285275313629
167.47,86.67667721937282
167.48,86.252992559838
167.49,85.83178336697392
167.5,85.41303434130819
167.51,84.99673029062504
167.52,84.58285612914239
167.53,84.17139687669473
167.54,83.76233765792192
167.55,83.35566370146374
167.56,82.95136033916036
167.57,82.54941300525846
167.58,82.14980723562317
167.59,81.75252866695575
167.6,81.35756303601696
167.61,80.96489617885598
167.62,80.57451403004522
167.63,80.1864026219205
167.64,79.80054808382695
167.65,79.4169366413705
167.66,79.03555461567476
167.67,78.65638842264354
167.68,78.27942457222886
167.69,77.90464966770426
167.7,77.53205040494369
167.71,77.1616135717057
167.72,76.7933260469231
167.73,76.42717479999783
167.74,76.06314689010121
167.75,75.70122946547949
167.76,75.3414097627646
167.77,74.98367510629018
167.78,74.62801290741278
167.79,74.2744106638382
167.8,73.92285595895302
167.81,73.57333646116123
167.82,73.22583992322592
167.83,72.880354181616
167.84,72.53686715585805
167.85,72.19536684789304
167.86,71.8558413414381
167.87,71.51827880135315
167.88,71.18266747301259
167.89,70.84899568168166
167.9,70.51725183189785
167.91,70.18742440685698
167.92,69.85950196780416
167.93,69.53347315342953
167.94,69.20932667926861
167.95,68.88705133710756
167.96,68.56663599439293
167.97,68.24806959364614
167.98,67.9313411518826
167.99,67.61643976003542
168.0,67.30335458238358
168.01,66.99207485598481
168.02,66.68258989011282
168.03,66.37488906569912
168.04,66.0689618347792
168.05,65.76479771994319
168.06,65.46238631379089
168.07,65.16171727839117
168.08,64.86278034474569
168.09,64.56556531225698
168.1,64.27006204820073
168.11,63.97626048720233
168.12,63.68415063071773
168.13,63.39372254651836
168.14,63.10496636818033
168.15,62.81787229457769
168.16,62.53243058937987
168.17,62.24863158055313
168.18,61.96646565986611
168.19,61.6859232823994
168.2,61.406994966059116
168.21,61.129671291094425
168.22,60.853942899619035
168.23,60.57980049513661
168.24,60.307234842070045
168.25,60.036236765294625
168.26,59.76679714967503
168.27,59.49890693960611
168.28,59.2325571385575
168.29,58.967738808621945
168.3,58.70444307006734
168.31,58.44266110089255
168.32,58.182384136386815
168.33,57.92360346869285
168.34,57.66631044637358
168.35,57.41049647398242
168.36,57.15615301163717
168.37,56.90327157459747
168.38,56.65184373284568
168.39,56.40186111067137
168.4,56.153315386259216
168.41,55.90619829128031
168.42,55.66050161048696
168.43,55.4162171813108
168.44,55.17333689346432
168.45,54.93185268854571
168.46,54.691756559647054
168.47,54.453040550965746
168.48,54.21569675741922
168.49,53.97971732426291
168.5,53.74509444671143
168.51,53.51182036956292
168.52,53.279887386826594
168.53,53.04928784135338
168.54,52.82001412446974
168.55,52.592058675614524
168.56,52.365413981978904
168.57,52.140072578149415
168.58,51.916027045753914
168.59,51.693270013110634
168.6,51.47179415488014
168.61,51.25159219172028
168.62,51.03265688994402
168.63,50.81498106118026
168.64,50.59855756203743
168.65,50.38337929377002
168.66,50.16943920194792
168.67,49.95673027612855
168.68,49.74524554953186
168.69,49.53497809871795
168.7,49.325921043267606
168.71,49.11806754546543
168.72,48.911410809985725
168.73,48.705944083581066
168.74,48.5016606547735
168.75,48.2985538535484
168.76,48.0966170510509
168.77,47.89584365928499
168.78,47.69622713081512
168.79,47.497760958470344
168.8,47.30043867505107
168.81,47.10425385303822
168.82,46.90920010430497
168.83,46.715271079830856
168.84,46.522460469418405
168.85,46.330762001412175
168.86,46.14016944242016
168.87,45.950676597037614
168.88,45.76227730757322
168.89,45.57496545377763
168.9,45.388734952574275
168.91,45.20357975779255
168.92,45.01949385990323
168.93,44.83647128575613
168.94,44.65450609832012
168.95,44.473592396425204
168.96,44.29372431450695
168.97,44.11489602235305
168.98,43.93710172485199
168.99,43.760335661744
169.0,43.58459210737401
169.01,43.40986537044678
169.02,43.236149793784136
169.03,43.06343975408423
169.04,42.8917296616829
169.05,42.721013960317066
169.06,42.55128712689011
169.07,42.382543671239304
169.08,42.214778135905206
169.09,42.047985095903016
169.1,41.882159158495895
169.11,41.717294962970215
169.12,41.55338718041271
169.13,41.39043051348957
169.14,41.228419696227334
169.15,41.067349493795746
169.16,40.9072147022924
169.17,40.74801014852922
169.18,40.58973068982076
169.19,40.43237121377433
169.2,40.27592663808186
169.21,40.12039191031357
169.22,39.96576200771336
169.23,39.81203193699593
169.24,39.65919673414568
169.25,39.50725146421723
169.26,39.356191221137664
169.27,39.20601112751048
169.28,39.05670633442113
169.29,38.908272021244244
169.3,38.760703395452474
169.31,38.61399569242695
169.32,38.4681441752693
169.33,38.32314413461532
169.34,38.17899088845013
169.35,38.03567978192495
169.36,37.893206187175366
169.37,37.75156550314115
169.38,37.610753155387584
169.39,37.470764595928244
169.4,37.331595303049326
169.41,37.19324078113539
169.42,37.05569656049657
169.43,36.918958197197256
169.44,36.78302127288614
169.45,36.64788139462772
169.46,36.51353419473521
169.47,36.3799753306048
169.48,36.247200484551314
169.49,36.115205363645224
169.5,35.983985699551
169.51,35.85353724836682
169.52,35.72385579046558
169.53,35.5949371303372
169.54,35.46677709643229
169.55,35.339371541007
169.56,35.212716339969234
169.57,35.086807392726094
169.58,34.96164062203253
169.59,34.8372119738413
169.6,34.71351741715408
169.61,34.59055294387385
169.62,34.46831456865846
169.63,34.346798328775314
169.64,34.22600028395739
169.65,34.10591651626026
169.66,33.986543129920356
169.67,33.867876251214376
169.68,33.74991202831978
169.69,33.632646631176456
169.7,33.516076251349475
169.71,33.400197101892935
169.72,33.28500541721491
169.73,33.17049745294349
169.74,33.05666948579386
169.75,32.94351781343644
169.76,32.831038754366126
169.77,32.71922864777247
169.78,32.60808385341099
169.79,32.49760075147544
169.8,32.387775742471085
169.81,32.27860524708902
169.82,32.1700857060814
169.83,32.062213580137744
169.84,31.954985349762126
169.85,31.848397515151365
169.86,31.742446596074167
169.87,31.637129131751188
169.88,31.532441680736042
169.89,31.42838082079723
169.9,31.324943148800987
169.91,31.222125280595016
169.92,31.11992385089314
169.93,31.018335513160828
169.94,30.917356939501598
169.95,30.8169848205443
169.96,30.717215865331244
169.97,30.618046801207203
169.98,30.51947437370924
169.99,30.421495346457384
170.0,30.324106501046117
170.01,30.22730463693671
170.02,30.131086571350348
170.03,30.03544913916205
170.04,29.940389192795422
170.05,29.845903602118163
170.06,29.751989254338365
170.07,29.65864305390159
170.08,29.565861922388702
170.09,29.473642798414467
170.1,29.3819826375269
170.11,29.290878412107347
170.12,29.200327111271317
170.13,29.110325740770033
170.14,29.02087132289271
170.15,28.931960896369535
170.16,28.843591516275385
170.17,28.755760253934202
170.18,28.668464196824097
170.19,28.581700448483133
170.2,28.495466128415778
170.21,28.409758372000045
170.22,28.324574330395283
170.23,28.239911170450647
170.24,28.155766074614217
170.25,28.07213624084276
170.26,27.98901888251213
170.27,27.90641122832832
170.28,27.824310522239134
170.29,27.742714023346473
170.3,27.661619005819258
170.31,27.581022758806952
170.32,27.50092258635369
170.33,27.421315807313
170.34,27.34219975526315
170.35,27.26357177842303
170.36,27.185429239568688
170.37,27.10776951595036
170.38,27.03058999921014
170.39,26.95388809530019
170.4,26.877661224401507
170.41,26.80190682084325
170.42,26.72662233302262
170.43,26.651805223325276
170.44,26.57745296804632
170.45,26.50356305731177
170.46,26.430132995000598
170.47,26.357160298667285
170.48,26.284642499464894
170.49,26.21257714206865
170.5,26.140961784600048
170.51,26.06979399855145
170.52,25.999071368711196
170.53,25.92879149308919
170.54,25.85895198284301
170.55,25.78955046220448
170.56,25.72058456840673
170.57,25.652051951611725
170.58,25.583950274838305
170.59,25.51627721389064
170.6,25.449030457287193
170.61,25.382207706190126
170.62,25.315806674335157
170.63,25.249825087961884
170.64,25.18426068574455
170.65,25.119111218723244
170.66,25.05437445023556
170.67,24.99004815584868
170.68,24.926130123291887
170.69,24.862618152389516
170.7,24.799510054994318
170.71,24.736803654921264
170.72,24.674496787881743
170.73,24.61258730141818
170.74,24.551073054839083
170.75,24.48995191915446
170.76,24.429221777011673
170.77,24.368880522631674
170.78,24.30892606174563
170.79,24.249356311531965
170.8,24.190169200553758
170.81,24.13136266869655
170.82,24.072934667106523
170.83,24.01488315812906
170.84,23.957206115247683
170.85,23.899901523023356
170.86,23.842967377034164
170.87,23.786401683815345
170.88,23.730202460799706
170.89,23.67436773625838
170.9,23.618895549241945
170.91,23.5637839495219
170.92,23.509030997532484
170.93,23.45463476431286
170.94,23.400593331449613
170.95,23.346904791019618
170.96,23.293567245533236
170.97,23.240578807877846
170.98,23.187937601261705
170.99,23.135641759158155
171.0,23.08368942525014
171.01,23.032078753375057
171.02,22.980807907469934
171.03,22.92987506151692
171.04,22.879278399489085
171.05,22.829016115296557
171.06,22.77908641273296
171.07,22.729487505422146
171.08,22.680217616765272
171.09,22.63127497988814
171.1,22.582657837588865
171.11,22.534364442285842
171.12,22.486393055966005
171.13,22.438741950133373
171.14,22.391409405757916
171.15,22.344393713224676
171.16,22.297693172283214
171.17,22.25130609199731
171.18,22.20523079069497
171.19,22.159465595918704
171.2,22.114008844376098
171.21,22.06885888189064
171.22,22.024014063352844
171.23,21.979472752671633
171.24,21.935233322726006
171.25,21.89129415531697
171.26,21.84765364111973
171.27,21.804310179636165
171.28,21.76126217914754
171.29,21.718508056667513
171.3,21.676046237895378
171.31,21.633875157169562
171.32,21.591993257421414
171.33,21.550398990129196
171.34,21.509090815272376
171.35,21.468067201286136
171.36,21.42732662501615
171.37,21.3868675716736
171.38,21.346688534790445
171.39,21.306788016174917
171.4,21.267164525867273
171.41,21.227816582095798
171.42,21.188742711233022
171.43,21.149941447752184
171.44,21.11141133418394
171.45,21.0731509210733
171.46,21.035158766936778
171.47,20.99743343821982
171.48,20.959973509254397
171.49,20.92277756221689
171.5,20.88584418708615
171.51,20.849171981601813
171.52,20.81275955122283
171.53,20.776605509086206
171.54,20.740708475965985
171.55,20.705067080232432
171.56,20.669679957811436
171.57,20.634545752144138
171.58,20.599663114146768
171.59,20.565030702170688
171.6,20.53064718196266
171.61,20.496511226625316
171.62,20.462621516577844
171.63,20.428976739516866
171.64,20.395575590377543
171.65,20.36241677129487
171.66,20.329498991565192
171.67,20.296820967607886
171.68,20.264381422927297
171.69,20.232179088074833
171.7,20.20021270061127
171.71,20.168481005069268
171.72,20.13698275291605
171.73,20.105716702516336
171.74,20.074681619095394
171.75,20.043876274702345
171.76,20.013299448173644
171.77,19.982949925096726
171.78,19.95282649777388
171.79,19.922927965186286
171.8,19.893253132958243
171.81,19.86380081332159
171.82,19.834569825080308
171.83,19.805558993575307
171.84,19.776767150649395
171.85,19.74819313461243
171.86,19.719835790206645
171.87,19.691693968572174
171.88,19.66376652721273
171.89,19.636052329961473
171.9,19.60855024694707
171.91,19.581259154559895
171.92,19.554177935418444
171.93,19.527305478335887
171.94,19.50064067828682
171.95,19.474182436374182
171.96,19.447929659796326
171.97,19.421881261814285
171.98,19.39603616171919
171.99,19.370393284799867
172.0,19.34495156231059
172.01,19.319709931439007
172.02,19.294667335274234
172.03,19.2698227227751
172.04,19.245175048738577
172.05,19.220723273768357
172.06,19.196466364243584
172.07,19.172403292287772
172.08,19.14853303573786
172.09,19.124854578113432
172.1,19.10136690858611
172.11,19.078069021949084
172.12,19.054959918586796
172.13,19.03203860444481
172.14,19.00930409099981
172.15,18.986755395229753
172.16,18.9643915395842
172.17,18.942211551954756
172.18,18.920214465645714
172.19,18.8983993193448
172.2,18.876765157094116
172.21,18.855311028261188
172.22,18.834035987510195
172.23,18.812939094773323
172.24,18.792019415222292
172.25,18.771276019240002
172.26,18.750707982392342
172.27,18.73031438540014
172.28,18.71009431411125
172.29,18.6900468594728
172.3,18.670171117503568
172.31,18.65046618926649
172.32,18.630931180841337
172.33,18.61156520329752
172.34,18.592367372667024
172.35,18.573336809917492
172.36,18.554472640925457
172.37,18.535773996449684
172.38,18.51724001210468
172.39,18.498869828334314
172.4,18.480662590385602
172.41,18.46261744828259
172.42,18.444733556800408
172.43,18.42701007543943
172.44,18.409446168399587
172.45,18.3920410045548
172.46,18.37479375742755
172.47,18.357703605163575
172.48,18.340769730506707
172.49,18.323991320773825
172.5,18.307367567829946
172.51,18.29089766806345
172.52,18.27458082236142
172.53,18.25841623608511
172.54,18.24240311904557
172.55,18.226540685479332
172.56,18.210828154024306
172.57,18.19526474769572
172.58,18.179849693862252
172.59,18.16458222422223
172.6,18.149461574779995
172.61,18.134486985822367
172.62,18.11965770189524
172.63,18.10497297178029
172.64,18.09043204847182
172.65,18.076034189153706
172.66,18.061778655176482
172.67,18.04766471203452
172.68,18.033691629343355
172.69,18.019858680817105
172.7,18.006165144246026
172.71,17.992610301474176
172.72,17.97919343837719
172.73,17.965913844840184
172.74,17.952770814735757
172.75,17.93976364590213
172.76,17.926891640121372
172.77,17.91415410309777
172.78,17.901550344436274
172.79,17.8890796776211
172.8,17.876741419994406
172.81,17.864534892735097
172.82,17.85245942083774
172.83,17.840514333091583
172.84,17.8286989620597
172.85,17.817012644058224
172.86,17.805454719135696
172.87,17.794024531052532
172.88,17.78272142726059
172.89,17.77154475888284
172.9,17.760493880693147
172.91,17.74956815109616
172.92,17.738766932107303
172.93,17.728089589332882
172.94,17.717535491950272
172.95,17.70710401268824
172.96,17.69679452780735
172.97,17.68660641708047
172.98,17.676539063773404
172.99,17.666591854625604
173.0,17.656764179830986
173.01,17.64705543301886
173.02,17.63746501123495
173.03,17.627992314922526
173.04,17.618636747903604
173.05,17.6093977173603
173.06,17.600274633816227
173.07,17.59126691111803
173.08,17.582373966417
173.09,17.573595220150782
173.1,17.564930096025204
173.11,17.556378020996167
173.12,17.54793842525167
173.13,17.539610742193894
173.14,17.53139440842141
173.15,17.523288863711464
173.16,17.515293551002372
173.17,17.507407916375985
173.18,17.499631409040273
173.19,17.491963481311984
173.2,17.484403588599413
173.21,17.476951189385233
173.22,17.46960574520946
173.23,17.46236672065247
173.24,17.45523358331813
173.25,17.44820580381701
173.26,17.441282855749694
173.27,17.434464215690163
173.28,17.427749363169283
173.29,17.421137780658384
173.3,17.414628953552906
173.31,17.408222370156157
173.32,17.401917521663144
173.33,17.3957139021445
173.34,17.389611008530483
173.35,17.38360834059508
173.36,17.377705400940183
173.37,17.37190169497985
173.38,17.366196730924667
173.39,17.360590019766175
173.4,17.355081075261392
173.41,17.349669413917415
173.42,17.3443545549761
173.43,17.339136020398843
173.44,17.334013334851424
173.45,17.328986025688938
173.46,17.32405362294082
173.47,17.319215659295928
173.48,17.314471670087734
173.49,17.309821193279568
173.5,17.305263769449965
173.51,17.300798941778083
173.52,17.296426256029196
173.53,17.292145260540266
173.54,17.28795550620561
173.55,17.28385654646262
173.56,17.279847937277577
173.57,17.275929237131542
173.58,17.272100007006316
173.59,17.268359810370484
173.6,17.264708213165534
173.61,17.261144783792048
173.62,17.25766909309597
173.63,17.25428071435495
173.64,17.250979223264775
173.65,17.247764197925836
173.66,17.244635218829725
173.67,17.241591868845855
173.68,17.238633733208186
173.69,17.235760399502006
173.7,17.232971457650795
173.71,17.230266499903156
173.72,17.227645120819815
173.73,17.225106917260707
173.74,17.222651488372115
173.75,17.220278435573885
173.76,17.217987362546722
173.77,17.21577787521954
173.78,17.2136495817569
173.79,17.211602092546503
173.8,17.20963502018675
173.81,17.207747979474384
173.82,17.205940587392195
173.83,17.204212463096788
173.84,17.202563227906424
173.85,17.20099250528893
173.86,17.199499920849664
173.87,17.198085102319563
173.88,17.196747679543247
173.89,17.195487284467195
173.9,17.19430355112798
173.91,17.193196115640575
173.92,17.192164616186723
173.93,17.191208693003365
173.94,17.19032798837115
173.95,17.189522146602982
173.96,17.18879081403266
173.97,17.188133639003556
173.98,17.187550271857376
173.99,17.187040364922968
174.0,17.18660357250521
174.01,17.186239550873935
174.02,17.18594795825295
174.03,17.185728454809084
174.04,17.18558070264132
174.05,17.18550436576998
174.06,17.185499110125967
174.07,17.185564603540076
174.08,17.185700515732357
174.09,17.185906518301543
174.1,17.18618228471453
174.11,17.186527490295926
174.12,17.186941812217654
174.13,17.187424929488607
174.14,17.18797652294438
174.15,17.18859627523703
174.16,17.189283870824923
174.17,17.190038995962627
174.18,17.190861338690855
174.19,17.19175058882647
174.2,17.19270643795255
174.21,17.193728579408504
174.22,17.19481670828025
174.23,17.195970521390443
174.24,17.19718971728875
174.25,17.19847399624221
174.26,17.199823060225604
174.27,17.20123661291192
174.28,17.20271435966285
174.29,17.204256007519348
174.3,17.205861265192233
174.31,17.207529843052864
174.32,17.209261453123844
174.33,17.211055809069798
174.34,17.212912626188185
174.35,17.21483162140018
174.36,17.216812513241596
174.37,17.218855021853855
174.38,17.22095886897502
174.39,17.22312377793088
174.4,17.225349473626068
174.41,17.22763568253525
174.42,17.229982132694353
174.43,17.23238855369184
174.44,17.234854676660053
174.45,17.237380234266578
174.46,17.239964960705677
174.47,17.24260859168978
174.48,17.24531086444099
174.49,17.24807151768267
174.5,17.25089029163107
174.51,17.253766927986977
174.52,17.256701169927464
174.53,17.25969276209763
174.54,17.262741450602423
174.55,17.265846982998504
174.56,17.269009108286145
174.57,17.272227576901184
174.58,17.27550214070703
174.59,17.278832552986703
174.6,17.282218568434924
174.61,17.28565994315025
174.62,17.28915643462726
174.63,17.292707801748776
174.64,17.29631380477814
174.65,17.29997420535152
174.66,17.303688766470284
174.67,17.307457252493382
174.68,17.31127942912981
174.69,17.315155063431103
174.7,17.31908392378385
174.71,17.323065779902286
174.72,17.327100402820914
174.73,17.33118756488716
174.74,17.33532703975407
174.75,17.33951860237308
174.76,17.343762028986777
174.77,17.348057097121757
174.78,17.35240358558147
174.79,17.35680127443915
174.8,17.361249945030767
174.81,17.365749379948017
174.82,17.37029936303136
174.83,17.374899679363097
174.84,17.37955011526048
174.85,17.38425045826887
174.86,17.389000497154942
174.87,17.393800021899903
174.88,17.398648823692774
174.89,17.40354669492371
174.9,17.408493429177337
174.91,17.413488821226156
174.92,17.418532667023964
174.93,17.423624763699323
174.94,17.428764909549066
174.95,17.433952904031838
174.96,17.439188547761677
174.97,17.444471642501632
174.98,17.449801991157415
174.99,17.455179397771097
175.0,17.46060366751484
175.01,17.466074606684646
175.02,17.47159202269418
175.03,17.477155724068588
175.04,17.482765520438384
175.05,17.488421222533354
175.06,17.4941226421765
175.07,17.499869592278017
175.08,17.505661886829323
175.09,17.51149934089709
175.1,17.51738177061734
175.11,17.52330899318957
175.12,17.529280826870885
175.13,17.53529709097021
175.14,17.5413576058425
175.15,17.547462192882996
175.16,17.55361067452152
175.17,17.55980287421679
175.18,17.566038616450786
175.19,17.57231772672314
175.2,17.57864003154554
175.21,17.58500535843621
175.22,17.59141353591438
175.23,17.59786439349482
175.24,17.60435776168238
175.25,17.610893471966577
175.26,17.617471356816214
175.27,17.62409124967403
175.28,17.63075298495138
175.29,17.637456398022927
175.3,17.644201325221413
175.31,17.65098760383241
175.32,17.65781507208913
175.33,17.66468356916726
175.34,17.671592935179827
175.35,17.67854301117209
175.36,17.685533639116464
175.37,17.69256466190748
175.38,17.699635923356762
175.39,17.70674726818805
175.4,17.713898542032233
175.41,17.72108959142243
175.42,17.72832026378909
175.43,17.73559040745512
175.44,17.74289987163105
175.45,17.750248506410212
175.46,17.75763616276397
175.47,17.765062692536944
175.48,17.772527948442313
175.49,17.780031784057087
175.5,17.78757405381745
175.51,17.795154613014123
175.52,17.802773317787732
175.53,17.810430025124226
175.54,17.818124592850324
175.55,17.82585687962897
175.56,17.833626744954824
175.57,17.841434049149797
175.58,17.849278653358578
175.59,17.85716041954422
175.6,17.865079210483724
175.61,17.87303488976369
175.62,17.88102732177594
175.63,17.889056371713203
175.64,17.89712190556483
175.65,17.905223790112508
175.66,17.913361892926016
175.67,17.921536082359005
175.68,17.929746227544808
175.69,17.93799219839226
175.7,17.946273865581553
175.71,17.95459110056012
175.72,17.96294377553853
175.73,17.971331763486425
175.74,17.979754938128462
175.75,17.9882131739403
175.76,17.996706346144585
175.77,18.005234330706987
175.78,18.013797004332243
175.79,18.02239424446023
175.8,18.031025929262054
175.81,18.03969193763617
175.82,18.04839214920453
175.83,18.057126444308746
175.84,18.065894704006265
175.85,18.07469681006659
175.86,18.083532644967516
175.87,18.092402091891376
175.88,18.101305034721328
175.89,18.110241358037648
175.9,18.119210947114052
175.91,18.128213687914048
175.92,18.137249467087294
175.93,18.146318171965998
175.94,18.15541969056131
175.95,18.16455391155977
175.96,18.173720724319757
175.97,18.182920018867957
175.98,18.192151685895862
175.99,18.20141561675629
176.0,18.210711703459918
176.01,18.220039838671845
176.02,18.229399915708164
176.03,18.238791828532573
176.04,18.248215471752985
176.05,18.25767074061817
176.06,18.26715753101442
176.07,18.276675739462227
176.08,18.286225263112993
176.09,18.295805999745735
176.1,18.305417847763838
176.11,18.31506070619181
176.12,18.32473447467207
176.13,18.334439053461733
176.14,18.344174343429444
176.15,18.353940246052208
176.16,18.36373666341225
176.17,18.373563498193892
176.18,18.383420653680446
176.19,18.39330803375113
176.2,18.403225542878
176.21,18.413173086122907
176.22,18.423150569134453
176.23,18.433157898144994
176.24,18.443194979967643
176.25,18.453261721993286
176.26,18.463358032187642
176.27,18.473483819088305
176.28,18.48363899180184
176.29,18.493823460000865
176.3,18.504037133921177
176.31,18.514279924358874
176.32,18.524551742667516
176.33,18.534852500755278
176.34,18.54518211108215
176.35,18.555540486657122
176.36,18.565927541035414
176.37,18.576343188315708
176.38,18.586787343137395
176.39,18.597259920677853
176.4,18.607760836649728
176.41,18.61829000729824
176.42,18.628847349398487
176.43,18.639432780252807
176.44,18.650046217688104
176.45,18.66068758005323
176.46,18.67135678621637
176.47,18.682053755562436
176.48,18.692778407990478
176.49,18.703530663911128
176.5,18.71431044424404
176.51,18.72511767041537
176.52,18.735952264355216
176.53,18.746814148495158
176.54,18.75770324576574
176.55,18.768619479594
176.56,18.77956277390102
176.57,18.79053305309947
176.58,18.801530242091186
176.59,18.812554266264755
176.6,18.823605051493114
176.61,18.834682524131168
176.62,18.84578661101341
176.63,18.856917239451583
176.64,18.868074337232333
176.65,18.879257832614876
176.66,18.890467654328692
176.67,18.901703731571228
176.68,18.912965994005617
176.69,18.924254371758405
176.7,18.9355687954173
176.71,18.94690919602893
176.72,18.958275505096612
176.73,18.96966765457815
176.74,18.981085576883626
176.75,18.992529204873215
176.76,19.003998471855024
176.77,19.01549331158292
176.78,19.02701365825439
176.79,19.038559446508422
176.8,19.050130611423366
176.81,19.061727088514843
176.82,19.073348813733652
176.83,19.084995723463688
176.84,19.09666775451988
176.85,19.10836484414614
176.86,19.12008693001332
176.87,19.131833950217175
176.88,19.143605843276376
176.89,19.155402548130485
176.9,19.167224004137974
176.91,19.179070151074253
176.92,19.1909409291297
176.93,19.202836278907707
176.94,19.214756141422757
176.95,19.22670045809848
176.96,19.238669170765746
176.97,19.25066222166076
176.98,19.26267955342318
176.99,19.27472110909422
177.0,19.286786832114803
177.01,19.298876666323704
177.02,19.31099055595569
177.03,19.32312844563971
177.04,19.335290280397064
177.05,19.347476005639596
177.06,19.359685567167897
177.07,19.37191891116953
177.08,19.384175984217247
177.09,19.396456733267225
177.1,19.40876110565732
177.11,19.421089049105326
177.12,19.433440511707254
177.13,19.445815441935597
177.14,19.458213788637643
177.15,19.47063550103377
177.16,19.483080528715753
177.17,19.495548821645112
177.18,19.50804033015143
177.19,19.52055500493071
177.2,19.533092797043732
177.21,19.545653657914418
177.22,19.55823753932822
177.23,19.570844393430505
177.24,19.58347417272495
177.25,19.596126830071974
177.26,19.608802318687125
177.27,19.621500592139547
177.28,19.6342216043504
177.29,19.64696530959132
177.3,19.659731662482873
177.31,19.672520617993044
177.32,19.6853321314357
177.33,19.6981661584691
177.34,19.711022655094375
177.35,19.723901577654065
177.36,19.736802882830624
177.37,19.749726527644956
177.38,19.76267246945495
177.39,19.77564066595405
177.4,19.788631075169786
177.41,19.801643655462367
177.42,19.814678365523253
177.43,19.827735164373745
177.44,19.840814011363577
177.45,19.853914866169525
177.46,19.867037688794035
177.47,19.880182439563832
177.48,19.893349079128566
177.49,19.906537568459456
177.5,19.91974786884793
177.51,19.932979941904314
177.52,19.94623374955647
177.53,19.959509254048502
177.54,19.97280641793943
177.55,19.986125204101903
177.56,19.999465575720883
177.57,20.012827496292385
177.58,20.02621092962218
177.59,20.039615839824545
177.6,20.05304219132099
177.61,20.066489948839017
177.62,20.079959077410876
177.63,20.093449542372333
177.64,20.10696130936144
177.65,20.120494344317326
177.66,20.13404861347898
177.67,20.147624083384066
177.68,20.16122072086771
177.69,20.17483849306134
177.7,20.188477367391492
177.71,20.202137311578653
177.72,20.215818293636104
177.73,20.229520281868762
177.74,20.243243244872037
177.75,20.256987151530705
177.76,20.270751971017777
177.77,20.284537672793377
177.78,20.29834422660363
177.79,20.312171602479566
177.8,20.326019770736018
177.81,20.339888701970537
177.82,20.35377836706231
177.83,20.367688737171093
177.84,20.381619783736127
177.85,20.39557147847511
177.86,20.40954379338312
177.87,20.423536700731585
177.88,20.437550173067255
177.89,20.451584183211157
177.9,20.46563870425759
177.91,20.479713709573097
177.92,20.49380917279548
177.93,20.507925067832783
177.94,20.522061368862307
177.95,20.536218050329627
177.96,20.550395086947614
177.97,20.56459245369547
177.98,20.57881012581776
177.99,20.593048078823458
178.0,20.607306288484992
178.01,20.621584730837316
178.02,20.63588338217697
178.03,20.650202219061143
178.04,20.664541218306763
178.05,20.67890035698958
178.06,20.69327961244326
178.07,20.70767896225848
178.08,20.72209838428204
178.09,20.73653785661597
178.1,20.750997357616658
178.11,20.765476865893966
178.12,20.77997636031037
178.13,20.794495819980103
178.14,20.80903522426829
178.15,20.823594552790105
178.16,20.838173785409943
178.17,20.852772902240563
178.18,20.86739188364228
178.19,20.882030710222132
178.2,20.896689362833065
178.21,20.911367822573133
178.22,20.926066070784685
178.23,20.940784089053572
178.24,20.955521859208364
178.25,20.970279363319555
178.26,20.985056583698796
178.27,20.999853502898112
178.28,21.01467010370915
178.29,21.029506369162405
178.3,21.044362282526482
178.31,21.05923782730734
178.32,21.07413298724755
178.33,21.089047746325566
178.34,21.10398208875499
178.35,21.118935998983854
178.36,21.133909461693897
178.37,21.14890246179986
178.38,21.163914984448777
178.39,21.178947015019272
178.4,21.193998539120877
178.41,21.209069542593326
178.42,21.224160011505894
178.43,21.239269932156702
178.44,21.25439929107205
178.45,21.269548075005765
178.46,21.284716270938524
178.47,21.299903866077216
178.48,21.315110847854275
178.49,21.330337203927055
178.5,21.345582922177186
178.51,21.360847990709946
178.52,21.37613239785362
178.53,21.3914361321589
178.54,21.40675918239826
178.55,21.422101537565347
178.56,21.43746318687437
178.57,21.452844119759522
178.58,21.468244325874362
178.59,21.483663795091243
178.6,21.499102517500717
178.61,21.514560483410975
178.62,21.530037683347256
178.63,21.545534108051292
178.64,21.561049748480745
178.65,21.576584595808644
178.66,21.59213864142284
178.67,21.607711876925457
178.68,21.62330429413236
178.69,21.638915885072603
178.7,21.654546641987913
178.71,21.670196557332154
178.72,21.685865623770813
178.73,21.701553834180483
178.74,21.717261181648357
178.75,21.73298765947171
178.76,21.748733261157415
178.77,21.76449798042143
178.78,21.78028181118833
178.79,21.7960847475908
178.8,21.811906783969167
178.81,21.82774791487092
178.82,21.84360813505024
178.83,21.859487439467532
178.84,21.875385823288973
178.85,21.891303281886046
178.86,21.90723981083509
178.87,21.923195405916857
178.88,21.93917006311607
178.89,21.955163778620985
178.9,21.971176548822957
178.91,21.987208370316015
178.92,22.003259239896437
178.93,22.019329154562335
178.94,22.03541811151324
178.95,22.051526108149698
178.96,22.06765314207285
178.97,22.083799211084052
178.98,22.09996431318447
178.99,22.116148446574687
179.0,22.132351609654332
179.01,22.148573801021683
179.02,22.164815019473295
179.03,22.18107526400363
179.04,22.197354533804692
179.05,22.21365282826566
179.06,22.229970146972523
179.07,22.246306489707745
179.08,22.2626618564499
179.09,22.279036247373327
179.1,22.2954296628478
179.11,22.311842103438178
179.12,22.328273569904088
179.13,22.344724063199585
179.14,22.361193584472833
179.15,22.37768213506579
179.16,22.39418971651389
179.17,22.410716330545732
179.18,22.427261979082783
179.19,22.443826664239065
179.2,22.460410388320863
179.21,22.477013153826434
179.22,22.493634963445718
179.23,22.510275820060052
179.24,22.526935726741886
179.25,22.54361468675452
179.26,22.560312703551823
179.27,22.577029780777966
179.28,22.59376592226716
179.29,22.6105211320434
179.3,22.627295414320205
179.31,22.64408877350038
179.32,22.660901214175748
179.33,22.67773274112693
179.34,22.694583359323094
179.35,22.71145307392172
179.36,22.728341890268386
179.37,22.74524981389652
179.38,22.7621768505272
179.39,22.779123006068918
179.4,22.796088286617376
179.41,22.813072698455283
179.42,22.830076248052137
179.43,22.84709894206403
179.44,22.864140787333447
179.45,22.881201790889083
179.46,22.898281959945642
179.47,22.91538130190366
179.48,22.932499824349325
179.49,22.949637535054286
179.5,22.966794441975498
179.51,22.98397055325504
179.52,23.001165877219957
179.53,23.0183804223821
179.54,23.035614197437962
179.55,23.052867211268527
179.56,23.070139472939125
179.57,23.087430991699286
179.58,23.10474177698259
179.59,23.12207183840654
179.6,23.139421185772424
179.61,23.156789829065186
179.62,23.174177778453295
179.63,23.191585044288637
179.64,23.20901163710638
179.65,23.226457567624866
179.66,23.243922846745512
179.67,23.261407485552688
179.68,23.27891149531362
179.69,23.29643488747829
179.7,23.313977673679354
179.71,23.331539865732022
179.72,23.349121475634004
179.73,23.366722515565403
179.74,23.38434299788865
179.75,23.401982935148414
179.76,23.419642340071547
179.77,23.437321225567
179.78,23.45501960472577
179.79,23.472737490820833
179.8,23.49047489730709
179.81,23.50823183782132
179.82,23.52600832618211
179.83,23.54380437638984
179.84,23.56162000262661
179.85,23.579455219256236
179.86,23.59731004082418
179.87,23.615184482057547
179.88,23.633078557865044
179.89,23.65099228333697
179.9,23.668925673745175
179.91,23.686878744543073
179.92,23.70485151136561
179.93,23.722843990029265
179.94,23.740856196532036
179.95,23.75888814705345
179.96,23.77693985795457
179.97,23.795011345777986
179.98,23.813102627247844
179.99,23.831213719269844
180.0,23.849344638931267
180.01,23.867495403501003
180.02,23.88566603042956
180.03,23.903856537349114
180.04,23.92206694207352
180.05,23.94029726259837
180.06,23.958547517101017
180.07,23.97681772394063
180.08,23.995107901658233
180.09,24.01341806897677
180.1,24.031748244801143
180.11,24.05009844821829
180.12,24.068468698497227
180.13,24.086859015089136
180.14,24.105269417627415
180.15,24.123699925927767
180.16,24.14215055998827
180.17,24.160621339989465
180.18,24.17911228629443
180.19,24.19762341944888
180.2,24.21615476018125
180.21,24.2347063294028
180.22,24.253278148207706
180.23,24.27187023787317
180.24,24.290482619859525
180.25,24.309115315810345
180.26,24.32776834755256
180.27,24.346441737096576
180.28,24.365135506636395
180.29,24.38384967854974
180.3,24.402584275398187
180.31,24.421339319927295
180.32,24.440114835066744
180.33,24.458910843930482
180.34,24.477727369816858
180.35,24.49656443620877
180.36,24.515422066773834
180.37,24.534300285364516
180.38,24.553199116018313
180.39,24.57211858295789
180.4,24.591058710591277
180.41,24.610019523512012
180.42,24.629001046499333
180.43,24.64800330451835
180.44,24.667026322720222
180.45,24.686070126442345
180.46,24.705134741208546
180.47,24.724220192729266
180.48,24.74332650690177
180.49,24.76245370981033
180.5,24.781601827726444
180.51,24.800770887109035
180.52,24.819960914604668
180.53,24.839171937047755
180.54,24.85840398146079
180.55,24.877657075054554
180.56,24.89693124522836
180.57,24.916226519570262
180.58,24.935542925857312
180.59,24.954880492055782
180.6,24.974239246321403
180.61,24.99361921699963
180.62,25.01302043262587
180.63,25.032442921925742
180.64,25.05188671381535
180.65,25.07135183740151
180.66,25.090838321982055
180.67,25.110346197046063
180.68,25.129875492274156
180.69,25.149426237538773
180.7,25.16899846290444
180.71,25.18859219862806
180.72,25.208207475159206
180.73,25.2278443231404
180.74,25.247502773407412
180.75,25.26718285698957
180.76,25.286884605110053
180.77,25.3066080491862
180.78,25.326353220829816
180.79,25.346120151847497
180.8,25.365908874240944
180.81,25.385719420207284
180.82,25.4055518221394
180.83,25.42540611262626
180.84,25.445282324453245
180.85,25.465180490602506
180.86,25.485100644253283
180.87,25.505042818782268
180.88,25.525007047763946
180.89,25.54499336497096
180.9,25.56500180437446
180.91,25.585032400144467
180.92,25.605085186650243
180.93,25.625160198460655
180.94,25.64525747034456
180.95,25.665377037271178
180.96,25.685518934410464
180.97,25.705683197133514
180.98,25.725869861012942
180.99,25.746078961823283
181.0,25.766310535541386
181.01,25.78656461834682
181.02,25.806841246622277
181.03,25.82714045695399
181.04,25.847462286132146
181.05,25.8678067711513
181.06,25.88817394921081
181.07,25.90856385771525
181.08,25.928976534274863
181.09,25.94941201670597
181.1,25.969870343031435
181.11,25.990351551481094
181.12,26.010855680492213
181.13,26.031382768709936
181.14,26.051932854987747
181.15,26.072505978387927
181.16,26.09310217818202
181.17,26.11372149385131
181.18,26.13436396508728
181.19,26.15502963179212
181.2,26.175718534079177
181.21,26.196430712273457
181.22,26.217166206912125
181.23,26.237925058744988
181.24,26.258707308735
181.25,26.279512998058777
181.26,26.300342168107083
181.27,26.321194860485367
181.28,26.342071117014275
181.29,26.36297097973016
181.3,26.38389449088563
181.31,26.404841692950065
181.32,26.425812628610156
181.33,26.446807340770448
181.34,26.46782587255388
181.35,26.48886826730235
181.36,26.509934568577247
181.37,26.531024820160024
181.38,26.552139066052764
181.39,26.573277350478733
181.4,26.59443971788297
181.41,26.615626212932856
181.42,26.636836880518693
181.43,26.658071765754297
181.44,26.679330913977584
181.45,26.70061437075117
181.46,26.72192218186297
181.47,26.743254393326804
181.48,26.76461105138301
181.49,26.785992202499052
181.5,26.807397893370148
181.51,26.828828170919884
181.52,26.850283082300855
181.53,26.871762674895294
181.54,26.89326699631571
181.55,26.914796094405535
181.56,26.936350017239768
181.57,26.957928813125637
181.58,26.97953253060325
181.59,27.001161218446263
181.6,27.022814925662544
181.61,27.044493701494858
181.62,27.066197595421528
181.63,27.087926657157137
181.64,27.109680936653202
181.65,27.13146048409888
181.66,27.15326534992166
181.67,27.17509558478807
181.68,27.19695123960438
181.69,27.218832365517326
181.7,27.240739013914823
181.71,27.262671236426694
181.72,27.284629084925395
181.73,27.306612611526756
181.74,27.328621868590716
181.75,27.350656908722076
181.76,27.37271778477124
181.77,27.394804549834983
181.78,27.416917257257207
181.79,27.439055960629705
181.8,27.46122071379294
181.81,27.483411570836818
181.82,27.505628586101476
181.83,27.527871814178074
181.84,27.550141309909577
181.85,27.572437128391567
181.86,27.594759324973044
181.87,27.61710795525724
181.88,27.639483075102426
181.89,27.661884740622753
181.9,27.68431300818906
181.91,27.706767934429728
181.92,27.729249576231496
181.93,27.751757990740327
181.94,27.774293235362247
181.95,27.796855367764213
181.96,27.81944444587496
181.97,27.842060527885884
181.98,27.86470367225191
181.99,27.887373937692367
182.0,27.910071383191887
182.01,27.932796068001284
182.02,27.955548051638463
182.03,27.978327393889316
182.04,28.00113415480864
182.05,28.02396839472104
182.06,28.046830174221874
182.07,28.06971955417815
182.08,28.09263659572949
182.09,28.115581360289056
182.1,28.1385539095445
182.11,28.161554305458914
182.12,28.184582610271796
182.13,28.207638886500014
182.14,28.230723196938776
182.15,28.253835604662605
182.16,28.276976173026334
182.17,28.30014496566609
182.18,28.323342046500287
182.19,28.34656747973065
182.2,28.3698213298432
182.21,28.393103661609295
182.22,28.416414540086638
182.23,28.43975403062031
182.24,28.46312219884382
182.25,28.486519110680128
182.26,28.50994483234272
182.27,28.53339943033664
182.28,28.556882971459583
182.29,28.580395522802934
182.3,28.603937151752877
182.31,28.62750792599146
182.32,28.651107913497686
182.33,28.674737182548633
182.34,28.698395801720537
182.35,28.722083839889915
182.36,28.745801366234687
182.37,28.769548450235295
182.38,28.79332516167585
182.39,28.81713157064526
182.4,28.840967747538386
182.41,28.864833763057202
182.42,28.888729688211953
182.43,28.912655594322324
182.44,28.936611553018626
182.45,28.960597636242973
182.46,28.98461391625048
182.47,29.00866046561047
182.48,29.03273735720766
182.49,29.05684466424341
182.5,29.080982460236918
182.51,29.105150819026466
182.52,29.129349814770656
182.53,29.153579521949652
182.54,29.177840015366446
182.55,29.202131370148106
182.56,29.22645366174706
182.57,29.25080696594236
182.58,29.275191358840985
182.59,29.299606916879124
182.6,29.32405371682348
182.61,29.348531835772583
182.62,29.373041351158104
182.63,29.39758234074619
182.64,29.422154882638797
182.65,29.446759055275024
182.66,29.47139493743248
182.67,29.49606260822863
182.68,29.52076214712218
182.69,29.54549363391444
182.7,29.57025714875071
182.71,29.595052772121687
182.72,29.61988058486486
182.73,29.64474066816592
182.74,29.669633103560184
182.75,29.694557972934025
182.76,29.719515358526305
182.77,29.74450534292983
182.78,29.769528009092806
182.79,29.79458344032029
182.8,29.819671720275686
182.81,29.844792932982205
182.82,29.869947162824385
182.83,29.895134494549563
182.84,29.92035501326941
182.85,29.94560880446144
182.86,29.970895953970537
182.87,29.996216548010505
182.88,30.021570673165606
182.89,30.046958416392123
182.9,30.072379865019933
182.91,30.097835106754076
182.92,30.123324229676346
182.93,30.148847322246883
182.94,30.174404473305795
182.95,30.199995772074757
182.96,30.225621308158647
182.97,30.25128117154718
182.98,30.276975452616558
182.99,30.302704242131124
183.0,30.328467631245033
183.01,30.354265711503928
183.02,30.38009857484662
183.03,30.4059663136068
183.04,30.431869020514736
183.05,30.457806788699003
183.06,30.4837797116882
183.07,30.509787883412706
183.08,30.535831398206415
183.09,30.561910350808514
183.1,30.58802483636524
183.11,30.614174950431675
183.12,30.64036078897354
183.13,30.66658244836899
183.14,30.69284002541045
183.15,30.719133617306426
183.16,30.745463321683353
183.17,30.77182923658744
183.18,30.798231460486537
183.19,30.82467009227201
183.2,30.851145231260624
183.21,30.877656977196434
183.22,30.904205430252702
183.23,30.930790691033813
183.24,30.95741286057721
183.25,30.984072040355336
183.26,31.010768332277586
183.27,31.037501838692283
183.28,31.064272662388653
183.29,31.09108090659882
183.3,31.117926674999804
183.31,31.14481007171555
183.32,31.17173120131895
183.33,31.198690168833878
183.34,31.225687079737266
183.35,31.25272203996115
183.36,31.279795155894757
183.37,31.306906534386602
183.38,31.334056282746594
183.39,31.361244508748147
183.4,31.38847132063032
183.41,31.41573682709996
183.42,31.443041137333857
183.43,31.470384360980923
183.44,31.49776660816437
183.45,31.52518798948391
183.46,31.552648616017983
183.47,31.580148599325952
183.48,31.60768805145037
183.49,31.635267084919228
183.5,31.662885812748215
183.51,31.690544348443
183.52,31.718242806001548
183.53,31.7459812999164
183.54,31.773759945177027
183.55,31.80157885727214
183.56,31.829438152192072
183.57,31.857337946431127
183.58,31.88527835698997
183.59,31.913259501378032
183.6,31.941281497615908
183.61,31.969344464237793
183.62,31.99744852029393
183.63,32.02559378535305
183.64,32.053780379504886
183.65,32.08200842336261
183.66,32.11027803806537
183.67,32.13858934528079
183.68,32.166942467207555
183.69,32.19533752657789
183.7,32.223774646660175
183.71,32.25225395126153
183.72,32.28077556473039
183.73,32.309339611959146
183.74,32.337946218386755
183.75,32.3665955100014
183.76,32.39528761334318
183.77,32.42402265550674
183.78,32.45280076414402
183.79,32.48162206746695
183.8,32.51048669425017
183.81,32.539394773833806
183.82,32.56834643612623
183.83,32.59734181160684
183.84,32.62638103132887
183.85,32.6554642269222
183.86,32.6845915305962
183.87,32.7137630751426
183.88,32.742978993938344
183.89,32.77223942094849
183.9,32.80154449072912
183.91,32.83089433843028
183.92,32.8602890997989
183.93,32.88972891118179
183.94,32.91921390952863
183.95,32.94874423239493
183.96,32.978320017945094
183.97,33.007941404955446
183.98,33.0376085328173
183.99,33.06732154154004
184.0,33.09708057175421
184.01,33.12688576471464
184.02,33.1567372623036
184.03,33.18663520703393
184.04,33.216579742052254
184.05,33.24657101114216
184.06,33.276609158727425
184.07,33.306694329875256
184.08,33.336826670299565
184.09,33.36700632636424
184.1,33.39723344508644
184.11,33.427508174139945
184.12,33.45783066185848
184.13,33.4882010572391
184.14,33.51861950994557
184.15,33.54908617031178
184.16,33.579601189345176
184.17,33.61016471873022
184.18,33.64077691083186
184.19,33.67143791869904
184.2,33.702147896068226
184.21,33.732906997366925
184.22,33.76371537771728
184.23,33.794573192939666
184.24,33.82548059955627
184.25,33.856437754794776
184.26,33.88744481659197
184.27,33.91850194359749
184.28,33.949609295177474
184.29,33.98076703141833
184.3,34.01197531313049
184.31,34.04323430185218
184.32,34.074544159853225
184.33,34.1059050501389
184.34,34.13731713645376
184.35,34.16878058328554
184.36,34.20029555586905
184.37,34.23186222019011
184.38,34.26348074298952
184.39,34.29515129176703
184.4,34.326874034785334
184.41,34.358649141074146
184.42,34.39047678043423
184.43,34.422357123441486
184.44,34.45429034145109
184.45,34.48627660660163
184.46,34.51831609181924
184.47,34.550408970821856
184.48,34.58255541812339
184.49,34.61475560903802
184.5,34.64700971968444
184.51,34.67931792699018
184.52,34.71168040869595
184.53,34.744097343359996
184.54,34.77656891036251
184.55,34.80909528991003
184.56,34.84167666303991
184.57,34.874313211624795
184.58,34.907005118377135
184.59,34.93975256685373
184.6,34.97255574146029
184.61,35.005414827456065
184.62,35.03833001095844
184.63,35.07130147894763
184.64,35.104329419271366
184.65,35.137414020649615
184.66,35.17055547267933
184.67,35.203753965839276
184.68,35.23700969149481
184.69,35.27032284190276
184.7,35.3036936102163
184.71,35.33712219048987
184.72,35.37060877768414
184.73,35.404153567670974
184.74,35.43775675723847
184.75,35.471418544096
184.76,35.5051391268793
184.77,35.5389187051556
184.78,35.572757479428766
184.79,35.606655651144486
184.8,35.640613422695516
184.81,35.674630997426924
184.82,35.70870857964139
184.83,35.74284637460453
184.84,35.7770445885503
184.85,35.811303428686344
184.86,35.84562310319948
184.87,35.88000382126116
184.88,35.914445793032996
184.89,35.948949229672294
184.9,35.98351434333766
184.91,36.01814134719463
184.92,36.05283045542132
184.93,36.08758188321417
184.94,36.12239584679364
184.95,36.15727256341002
184.96,36.19221225134927
184.97,36.22721512993885
184.98,36.26228141955365
184.99,36.297411341621924
185.0,36.33260511863128
185.01,36.36786297413469
185.02,36.40318513275659
185.03,36.438571820198966
185.04,36.47402326324751
185.05,36.509539689777824
185.06,36.545121328761645
185.07,36.580768410273144
185.08,36.61648116549522
185.09,36.65225982672591
185.1,36.68810462738476
185.11,36.72401580201931
185.12,36.75999358631158
185.13,36.79603821708463
185.14,36.83214993230914
185.15,36.86832897111007
185.16,36.9045755737733
185.17,36.94088998175242
185.18,36.97727243767547
185.19,37.01372318535176
185.2,37.05024246977879
185.21,37.08683053714911
185.22,37.12348763485736
185.23,37.16021401150722
185.24,37.197009916918525
185.25,37.23387560213437
185.26,37.270811319428276
185.27,37.30781732231142
185.28,37.344893865539895
185.29,37.382041205122036
185.3,37.41925959832579
185.31,37.45654930368614
185.32,37.49391058101261
185.33,37.53134369139675
185.34,37.56884889721976
185.35,37.606426462160115
185.36,37.64407665120125
185.37,37.68179973063933
185.38,37.71959596809102
185.39,37.757465632501386
185.4,37.79540899415177
185.41,37.83342632466779
185.42,37.87151789702735
185.43,37.90968398556875
185.44,37.94792486599879
185.45,37.98624081540103
185.46,38.02463211224399
185.47,38.06309903638952
185.48,38.101641869101144
185.49,38.140260893052535
185.5,38.178956392336
185.51,38.21772865247103
185.52,38.25657796041296
185.53,38.29550460456163
185.54,38.33450887477014
185.55,38.37359106235367
185.56,38.41275146009836
185.57,38.45199036227025
185.58,38.491308064624285
185.59,38.530704864413394
185.6,38.57018106039762
185.61,38.609736952853346
185.62,38.64937284358255
185.63,38.689089035922144
185.64,38.728885834753406
185.65,38.768763546511444
185.66,38.808722479194735
185.67,38.84876294237476
185.68,38.8888852472057
185.69,38.929089706434155
185.7,38.96937663440903
185.71,39.00974634709141
185.72,39.05019916206452
185.73,39.09073539854384
185.74,39.13135537738715
185.75,39.17205942110479
185.76,39.21284785386991
185.77,39.25372100152884
185.78,39.294679191611486
185.79,39.33572275334189
185.8,39.376852017648766
185.81,39.41806731717618
185.82,39.459368986294315
185.83,39.50075736111026
185.84,39.542232779478944
185.85,39.583795581014094
185.86,39.625446107099336
185.87,39.66718470089933
185.88,39.70901170737098
185.89,39.75092747327482
185.9,39.792932347186344
185.91,39.83502667950754
185.92,39.87721082247847
185.93,39.9194851301889
185.94,39.96184995859011
185.95,40.00430566550666
185.96,40.04685261064839
185.97,40.08949115562242
185.98,40.13222166394523
185.99,40.17504450105491
186.0,40.217960034323454
186.01,40.260968633069105
186.02,40.3040706685689
186.03,40.34726651407121
186.04,40.39055654480844
186.05,40.4339411380098
186.06,40.47742067291416
186.07,40.520995530783026
186.08,40.56466609491364
186.09,40.60843275065211
186.1,40.6522958854067
186.11,40.696255888661206
186.12,40.74031315198842
186.13,40.78446806906372
186.14,40.828721035678775
186.15,40.87307244975529
186.16,40.91752271135894
186.17,40.96207222271337
186.18,41.00672138821429
186.19,41.05147061444374
186.2,41.09632031018437
186.21,41.14127088643393
186.22,41.18632275641981
186.23,41.23147633561372
186.24,41.276732041746456
186.25,41.322090294822836
186.26,41.36755151713669
186.27,41.41311613328601
186.28,41.4587845701882
186.29,41.504557257095456
186.3,41.55043462561026
186.31,41.59641710970099
186.32,41.64250514571768
186.33,41.68869917240786
186.34,41.73499963093256
186.35,41.78140696488245
186.36,41.82792162029402
186.37,41.87454404566602
186.38,41.92127469197593
186.39,41.968114012696596
186.4,42.015062463813
186.41,42.06212050383917
186.42,42.10928859383518
186.43,42.156567197424366
186.44,42.2039567808106
186.45,42.25145781279575
186.46,42.29907076479726
186.47,42.346796110865874
186.48,42.39463432770352
186.49,42.4425858946813
186.5,42.49065129385767
186.51,42.538831009996706
186.52,42.58712553058661
186.53,42.63553534585826
186.54,42.684060948803975
186.55,42.732702835196434
186.56,42.781461503607716
186.57,42.83033745542849
186.58,42.87933119488743
186.59,42.92844322907068
186.6,42.977674067941585
186.61,43.02702422436049
186.62,43.07649421410478
186.63,43.126084555889015
186.64,43.175795771385296
186.65,43.22562838524372
186.66,43.2755829251131
186.67,43.32565992166174
186.68,43.37585990859849
186.69,43.42618342269391
186.7,43.47663100380161
186.71,43.527203194879796
186.72,43.577900542012976
186.73,43.62872359443384
186.74,43.679672904545335
186.75,43.730749027942906
186.76,43.78195252343694
186.77,43.833283953075394
186.78,43.88474388216658
186.79,43.93633287930219
186.8,43.98805151638047
186.81,44.039900368629624
186.82,44.091880014631364
186.83,44.14399103634471
186.84,44.19623401912996
186.85,44.248609551772866
186.86,44.30111822650902
186.87,44.353760639048424
186.88,44.40653738860029
186.89,44.45944907789805
186.9,44.512496313224545
186.91,44.56567970443747
186.92,44.618999864995004
186.93,44.672457411981654
186.94,44.72605296613436
186.95,44.77978715186877
186.96,44.83366059730574
186.97,44.88767393429813
186.98,44.94182779845774
186.99,44.99612282918251
187.0,45.05055966968399
187.01,45.105138967014966
187.02,45.15986137209739
187.03,45.21472753975052
187.04,45.26973812871932
187.05,45.32489380170307
187.06,45.38019522538425
187.07,45.43564307045767
187.08,45.49123801165985
187.09,45.54698072779864
187.1,45.6028719017831
187.11,45.65891222065366
187.12,45.71510237561254
187.13,45.77144306205437
187.14,45.827934979597174
187.15,45.88457883211356
187.16,45.94137532776219
187.17,45.998325179019524
187.18,46.05542910271188
187.19,46.112687820047704
187.2,46.17010205665019
187.21,46.227672542590135
187.22,46.28540001241913
187.23,46.34328520520299
187.24,46.40132886455551
187.25,46.45953173867253
187.26,46.51789458036626
187.27,46.576418147099936
187.28,46.635103201022794
187.29,46.69395050900532
187.3,46.75296084267483
187.31,46.812134978451375
187.32,46.871473697583944
187.33,46.930977786187
187.34,46.99064803527735
187.35,47.05048524081134
187.36,47.11049020372234
187.37,47.170663729958655
187.38,47.23100663052168
187.39,47.29151972150445
187.4,47.35220382413054
187.41,47.41305976479328
187.42,47.47408837509535
187.43,47.535290491888716
187.44,47.596666957314945
187.45,47.658218618845865
187.46,47.719946329324614
187.47,47.78185094700702
187.48,47.843933335603424
187.49,47.90619436432079
187.5,47.9686349079053
187.51,48.031255846685255
187.52,48.09405806661442
187.53,48.15704245931573
187.54,48.22020992212541
187.55,48.283561358137504
187.56,48.347097676248794
187.57,48.410819791204155
187.58,48.474728623642314
187.59,48.53882510014202
187.6,48.60311015326866
187.61,48.66758472162128
187.62,48.732249749880076
187.63,48.79710618885427
187.64,48.86215499553051
187.65,48.927397133121616
187.66,48.992833571115874
187.67,49.05846528532673
187.68,49.124293257942966
187.69,49.19031847757933
187.7,49.256541939327676
187.71,49.32296464480853
187.72,49.38958760222317
187.73,49.45641182640621
187.74,49.52343833887862
187.75,49.5906681679013
187.76,49.65810234852913
187.77,49.72574192266554
187.78,49.7935879391176
187.79,49.86164145365159
187.8,49.92990352904917
187.81,49.99837523516399
187.82,50.06705764897894
187.83,50.13595185466383
187.84,50.20505894363373
187.85,50.27438001460777
187.86,50.343916173668575
187.87,50.413668534322206
187.88,50.48363821755873
187.89,50.55382635191332
187.9,50.624234073527994
187.91,50.694862526213875
187.92,50.765712861514125
187.93,50.836786238767424
187.94,50.9080838251721
187.95,50.97960679585087
187.96,51.05135633391619
187.97,51.12333363053624
187.98,51.19553988500157
187.99,51.26797630479239
188.0,51.340644105646476
188.01,51.41354451162776
188.02,51.48667875519563
188.03,51.560048077274836
188.04,51.6336537273261
188.05,51.70749696341745
188.06,51.78157905229623
188.07,51.855901269461796
188.08,51.93046489923896
188.09,52.005271234852145
188.1,52.08032157850025
188.11,52.15561724143226
188.12,52.231159544023676
188.13,52.30694981585356
188.14,52.38298939578245
188.15,52.459279632031055
188.16,52.53582188225963
188.17,52.61261751364825
188.18,52.68966790297783
188.19,52.76697443671194
188.2,52.844538511079485
188.21,52.92236153215817
188.22,53.00044491595882
188.23,53.07879008851055
188.24,53.15739848594676
188.25,53.23627155459202
188.26,53.31541075104985
188.27,53.394817542291335
188.28,53.47449340574467
188.29,53.554439829385586
188.3,53.634658311828744
188.31,53.71515036241998
188.32,53.795917501329555
188.33,53.87696125964628
188.34,53.95828317947269
188.35,54.03988481402111
188.36,54.121767727710754
188.37,54.20393349626579
188.38,54.28638370681439
188.39,54.369119957988865
188.4,54.452143860026744
188.41,54.535457034872955
188.42,54.61906111628303
188.43,54.70295774992737
188.44,54.78714859349663
188.45,54.87163531680812
188.46,54.95641960191337
188.47,55.04150314320679
188.48,55.126887647535455
188.49,55.21257483431003
188.5,55.29856643561687
188.51,55.38486419633126
188.52,55.47146987423185
188.53,55.55838524011631
188.54,55.64561207791816
188.55,55.73315218482485
188.56,55.82100737139708
188.57,55.909179461689334
188.58,55.997670293371755
188.59,56.08648171785327
188.6,56.175615600405976
188.61,56.26507382029094
188.62,56.35485827088521
188.63,56.4449708598103
188.64,56.535413509061925
188.65,56.626188155141215
188.66,56.71729674918724
188.67,56.80874125711103
188.68,56.90052365973097
188.69,56.992645952909676
188.7,57.08511014769231
188.71,57.177918270446426
188.72,57.271072363003256
188.73,57.364574482800585
188.74,57.45842670302711
188.75,57.552631112768395
188.76,57.647189817154405
188.77,57.74210493750859
188.78,57.83737861149866
188.79,57.93301299328892
188.8,58.029010253694345
188.81,58.125372580336254
188.82,58.22210217779975
188.83,58.319201267792806
188.84,58.41667208930719
188.85,58.51451689878106
188.86,58.612737970263396
188.87,58.71133759558023
188.88,58.8103180845027
188.89,58.90968176491693
188.9,59.00943098299589
188.91,59.10956810337299
188.92,59.21009550931776
188.93,59.311015602913365
188.94,59.412330805236145
188.95,59.514043556537146
188.96,59.61615631642566
188.97,59.718671564054816
188.98,59.82159179830926
188.99,59.92491953799492
189.0,60.028657322030895
189.01,60.132807709643515
189.02,60.237373280562565
189.03,60.34235663521973
189.04,60.447760394949256
189.05,60.55358720219092
189.06,60.659839720695246
189.07,60.76652063573107
189.08,60.87363265429547
189.09,60.981178505326056
189.1,61.089160939915686
189.11,61.197582731529636
189.12,61.30644667622523
189.13,61.415755592874
189.14,61.52551232338639
189.15,61.63571973293899
189.16,61.746380710204456
189.17,61.85749816758401
189.18,61.969075041442636
189.19,62.081114292347
189.2,62.19361890530611
189.21,62.30659189001475
189.22,62.42003628109976
189.23,62.53395513836914
189.24,62.648351547064074
189.25,62.763228618113885
189.26,62.87858948839395
189.27,62.99443732098663
189.28,63.11077530544525
189.29,63.2276066580612
189.3,63.34493462213408
189.31,63.462762468245174
189.32,63.581093494533945
189.33,63.69993102697796
189.34,63.81927841967602
189.35,63.93913905513467
189.36,64.05951634455809
189.37,64.18041372814143
189.38,64.30183467536763
189.39,64.42378268530774
189.4,64.54626128692486
189.41,64.66927403938169
189.42,64.79282453235174
189.43,64.9169163863343
189.44,65.04155325297306
189.45,65.16673881537879
189.46,65.29247678845567
189.47,65.41877091923168
189.48,65.5456249871929
189.49,65.67304280462189
189.5,65.80102821694018
189.51,65.92958510305485
189.52,66.05871737570935
189.53,66.18842898183861
189.54,66.3187239029284
189.55,66.44960615537912
189.56,66.58107979087404
189.57,66.71314889675206
189.58,66.8458175963849
189.59,66.97909004955913
189.6,67.1129704528627
189.61,67.24746304007634
189.62,67.38257208256975
189.63,67.51830188970268
189.64,67.65465680923096
189.65,67.79164122771756
189.66,67.9292595709488
189.67,68.06751630435562
189.68,68.20641593344017
189.69,68.34596300420772
189.7,68.48616210360392
189.71,68.62701785995755
189.72,68.76853494342879
189.73,68.91071806646316
189.74,69.05357198425109
189.75,69.19710149519331
189.76,69.34131144137211
189.77,69.48620670902854
189.78,69.63179222904559
189.79,69.7780729774376
189.8,69.92505397584576
189.81,70.07274029203992
189.82,70.22113704042688
189.83,70.37024938256499
189.84,70.52008252768549
189.85,70.67064173322035
189.86,70.82193230533701
189.87,70.97395959947985
189.88,71.12672902091869
189.89,71.2802460253043
189.9,71.43451611923109
189.91,71.5895448608071
189.92,71.7453378602312
189.93,71.90190078037796
189.94,72.05923933738994
189.95,72.21735930127774
189.96,72.37626649652788
189.97,72.5359668027185
189.98,72.69646615514321
189.99,72.85777054544296
190.0,73.01988602224627
190.01,73.18281869181786
190.02,73.34657471871569
190.03,73.51116032645675
190.04,73.67658179819156
190.05,73.8428454773876
190.06,74.00995776852166
190.07,74.17792513778151
190.08,74.34675411377678
190.09,74.51645128825925
190.1,74.68702331685277
190.11,74.85847691979288
190.12,75.03081888267627
190.13,75.2040560572203
190.14,75.3781953620326
190.15,75.55324378339108
190.16,75.72920837603432
190.17,75.90609626396265
190.18,76.08391464124996
190.19,76.26267077286649
190.2,76.44237199551272
190.21,76.62302571846456
190.22,76.80463942442996
190.23,76.98722067041714
190.24,77.17077708861466
190.25,77.35531638728341
190.26,77.54084635166085
190.27,77.72737484487749
190.28,77.914909808886
190.29,78.10345926540298
190.3,78.29303131686368
190.31,78.48363414738985
190.32,78.67527602377088
190.33,78.86796529645848
190.34,79.06171040057514
190.35,79.25651985693642
190.36,79.45240227308753
190.37,79.64936634435419
190.38,79.84742085490817
190.39,80.04657467884758
190.4,80.24683678129229
190.41,80.44821621949458
190.42,80.65072214396538
190.43,80.85436379961621
190.44,81.0591505269172
190.45,81.26509176307133
190.46,81.47219704320524
190.47,81.68047600157679
190.48,81.88993837279965
190.49,82.1005939930852
190.5,82.31245280150209
190.51,82.52552484125354
190.52,82.73982026097288
190.53,82.95534931603744
190.54,83.17212236990122
190.55,83.39014989544654
190.56,83.60944247635503
190.57,83.8300108084982
190.58,84.051865701348
190.59,84.27501807940757
190.6,84.49947898366263
190.61,84.72525957305368
190.62,84.95237112596953
190.63,85.1808250417624
190.64,85.41063284228481
190.65,85.6418061734489
190.66,85.8743568068083
190.67,86.10829664116295
190.68,86.34363770418742
190.69,86.58039215408279
190.7,86.81857228125281
190.71,87.05819051000447
190.72,87.29925940027346
190.73,87.54179164937503
190.74,87.78580009378051
190.75,88.03129771091996
190.76,88.27829762101138
190.77,88.52681308891692
190.78,88.77685752602659
190.79,89.02844449216964
190.8,89.28158769755454
190.81,89.53630100473757
190.82,89.79259843062069
190.83,90.05049414847925
190.84,90.31000249001985
190.85,90.57113794746897
190.86,90.83391517569274
190.87,91.0983489943486
190.88,91.36445439006913
190.89,91.6322465186787
190.9,91.90174070744345
190.91,92.17295245735518
190.92,92.44589744544969
190.93,92.7205915271601
190.94,92.99705073870582
190.95,93.27529129951773
190.96,93.55532961470003
190.97,93.83718227752964
190.98,94.12086607199352
190.99,94.4063979753647
191.0,94.69379516081759
191.01,94.98307500008322
191.02,95.27425506614519
191.03,95.56735313597679
191.04,95.86238719332023
191.05,96.1593754315085
191.06,96.45833625633061
191.07,96.75928828894111
191.08,97.06225036881429
191.09,97.36724155674416
191.1,97.67428113789074
191.11,97.98338862487361
191.12,98.29458376091334
191.13,98.60788652302175
191.14,98.92331712524178
191.15,99.2408960219378
191.16,99.56064391113715
191.17,99.88258173792393
191.18,100.20673069788576
191.19,100.53311224061449
191.2,100.8617480732618
191.21,101.1926601641505
191.22,101.52587074644266
191.23,101.86140232186534
191.24,102.19927766449497
191.25,102.53951982460153
191.26,102.88215213255323
191.27,103.22719820278301
191.28,103.5746819378178
191.29,103.92462753237149
191.3,104.27705947750295
191.31,104.63200256484
191.32,104.98948189087052
191.33,105.34952286130188
191.34,105.71215119548975
191.35,106.07739293093763
191.36,106.44527442786818
191.37,106.81582237386759
191.38,107.18906378860433
191.39,107.56502602862344
191.4,107.94373679221768
191.41,108.32522412437692
191.42,108.709516421817
191.43,109.09664243808952
191.44,109.48663128877385
191.45,109.87951245675286
191.46,110.2753157975737
191.47,110.67407154489517
191.48,111.07581031602314
191.49,111.48056311753544
191.5,111.88836135099793
191.51,112.29923681877304
191.52,112.71322172992272
191.53,113.13034870620704
191.54,113.55065078818029
191.55,113.97416144138623
191.56,114.40091456265414
191.57,114.83094448649733
191.58,115.26428599161606
191.59,115.70097430750637
191.6,116.14104512117683
191.61,116.58453458397501
191.62,117.0314793185255
191.63,117.4819164257813
191.64,117.93588349219074
191.65,118.39341859698165
191.66,118.85456031956484
191.67,119.31934774705904
191.68,119.78782048193914
191.69,120.26001864981
191.7,120.73598290730783
191.71,121.2157544501314
191.72,121.6993750212051
191.73,122.18688691897633
191.74,122.67833300584915
191.75,123.17375671675686
191.76,123.67320206787538
191.77,124.17671366548029
191.78,124.68433671494952
191.79,125.19611702991432
191.8,125.71210104156093
191.81,126.23233580808548
191.82,126.75686902430463
191.83,127.28574903142456
191.84,127.81902482697082
191.85,128.35674607488193
191.86,128.89896311576908
191.87,129.44572697734506
191.88,129.9970893850247
191.89,130.55310277270019
191.9,131.11382029369346
191.91,131.67929583188928
191.92,132.24958401305116
191.93,132.8247402163237
191.94,133.40482058592391
191.95,133.9898820430249
191.96,134.5799822978345
191.97,135.17517986187266
191.98,135.77553406044996
191.99,136.3811050453509
192.0,136.9919538077251
192.01,137.60814219118973
192.02,138.22973290514597
192.03,138.8567895383136
192.04,139.48937657248644
192.05,140.12755939651228
192.06,140.77140432050072
192.07,141.42097859026228
192.08,142.07635040198238
192.09,142.73758891713365
192.1,143.40476427763
192.11,144.07794762122623
192.12,144.75721109716665
192.13,145.44262788208627
192.14,146.13427219616847
192.15,146.83221931956243
192.16,147.53654560906443
192.17,148.24732851506639
192.18,148.96464659877552
192.19,149.68857954970892
192.2,150.41920820346675
192.21,151.15661455978767
192.22,151.90088180089066
192.23,152.65209431010652
192.24,153.41033769080335
192.25,154.17569878560937
192.26,154.94826569593715
192.27,155.7281278018129
192.28,156.5153757820145
192.29,157.31010163452243
192.3,158.11239869728666
192.31,158.92236166931397
192.32,159.7400866320788
192.33,160.56567107126156
192.34,161.39921389881812
192.35,162.24081547538367
192.36,163.0905776330151
192.37,163.94860369827467
192.38,164.81499851565897
192.39,165.68986847137634
192.4,166.57332151747588
192.41,167.46546719633147
192.42,168.366416665484
192.43,169.27628272284434
192.44,170.19517983226075
192.45,171.12322414945285
192.46,172.06053354831522
192.47,173.00722764759303
192.48,173.96342783793236
192.49,174.92925730930708
192.5,175.90484107882477
192.51,176.89030601891352
192.52,177.88578088589114
192.53,178.89139634891865
192.54,179.90728501933918
192.55,180.93358148040343
192.56,181.9704223173826
192.57,183.0179461480693
192.58,184.07629365366697
192.59,185.14560761006754
192.6,186.2260329195175
192.61,187.31771664267126
192.62,188.4208080310313
192.63,189.5354585597737
192.64,190.66182196095718
192.65,191.8000542571138
192.66,192.95031379521856
192.67,194.11276128103512
192.68,195.28755981383404
192.69,196.4748749214796
192.7,197.6748745958807
192.71,198.88772932880087
192.72,200.11361214802145
192.73,201.352698653852
192.74,202.60516705598084
192.75,203.87119821065804
192.76,205.15097565820267
192.77,206.44468566082506
192.78,207.75251724075443
192.79,209.07466221866085
192.8,210.4113152523602
192.81,211.7626738757895
192.82,213.12893853823925
192.83,214.51031264382823
192.84,215.9070025912053
192.85,217.31921781346168
192.86,218.7471708182358
192.87,220.191077227992
192.88,221.65115582045289
192.89,223.12762856916356
192.9,224.6207206841653
192.91,226.13066065275422
192.92,227.6576802802993
192.93,229.20201473109225
192.94,230.76390256920067
192.95,232.3435857992939
192.96,233.94130990740894
192.97,235.55732390162294
192.98,237.19188035259566
192.99,238.84523543394448
193.0,240.5176489624116
193.01,242.20938443778178
193.02,243.9207090825057
193.03,245.65189388098332
193.04,247.40321361845727
193.05,249.17494691946584
193.06,250.96737628580098
193.07,252.7807881339152
193.08,254.61547283171788
193.09,256.4717247346991
193.1,258.3498422213156
193.11,260.2501277275715
193.12,262.17288778072185
193.13,264.11843303202534
193.14,266.0870782884679
193.15,268.07914254337675
193.16,270.0949490058392
193.17,272.13482512883905
193.18,274.19910263601736
193.19,276.2881175469628
193.2,278.4022102009304
193.21,280.54172527888574
193.22,282.70701182376536
193.23,284.8984232588417
193.24,287.11631740407483
193.25,289.36105649032976
193.26,291.6330071713329
193.27,293.93254053323693
193.28,296.26003210165766
193.29,298.6158618460426
193.3,301.0004141812248
193.31,303.4140779660111
193.32,305.8572464986477
193.33,308.3303175090021
193.34,310.83369314729305
193.35,313.3677799691964
193.36,315.93298891714767
193.37,318.52973529765694
193.38,321.1584387544468
193.39,323.8195232372163
193.4,326.5134169658293
193.41,329.24055238972005
193.42,332.0013661423009
193.43,334.79629899015373
193.44,337.6257957767775
193.45,340.49030536066203
193.46,343.390280547448
193.47,346.32617801593125
193.48,349.29845823765993
193.49,352.30758538987004
193.5,355.35402726149727
193.51,358.43825515199836
193.52,361.5607437627093
193.53,364.7219710804622
193.54,367.9224182531777
193.55,371.1625694571449
193.56,374.44291175569555
193.57,377.76393494897445
193.58,381.12613141450555
193.59,384.5299959382464
193.6,387.9760255358229
193.61,391.464719263631
193.62,394.99657801949064
193.63,398.5721043325336
193.64,402.1918021420067
193.65,405.8561765646688
193.66,409.5657336504611
193.67,413.32098012612846
193.68,417.12242312647163
193.69,420.9705699129105
193.7,424.8659275790415
193.71,428.8090027428746
193.72,432.80030122543934
193.73,436.84032771545435
193.74,440.9295854197604
193.75,445.0685756992238
193.76,449.25779768982517
193.77,453.4977479086567
193.78,457.78891984456317
193.79,462.1318035331711
193.8,466.52688511606567
193.81,470.97464638388766
193.82,475.47556430313887
193.83,480.03011052650186
193.84,484.63875088649866
193.85,489.301944872333
193.86,494.02014508978294
193.87,498.79379670403455
193.88,503.6233368653729
193.89,508.5091941176733
193.9,513.4517877896656
193.91,518.4515273689748
193.92,523.5088118589746
193.93,528.6240291185248
193.94,533.797555184701
193.95,539.0297535786625
193.96,544.3209745948476
193.97,549.6715545737243
193.98,555.0818151583737
193.99,560.5520625352262
194.0,566.0825866593211
194.01,571.6736604645109
194.02,577.3255390590832
194.03,583.0384589073274
194.04,588.81263699763
194.05,594.6482699977397
194.06,600.5455333979016
194.07,606.504580642623
194.08,612.5255422518921
194.09,618.608524932739
194.1,624.7536106820862
194.11,630.9608558819086
194.12,637.2302903877841
194.13,643.5619166119837
194.14,649.9557086023211
194.15,656.4116111180423
194.16,662.9295387041107
194.17,669.5093747653053
194.18,676.1509706416191
194.19,682.8541446865091
194.2,689.618681349617
194.21,696.4443302656392
194.22,703.330805351093
194.23,710.2777839107786
194.24,717.2849057558022
194.25,724.3517723350755
194.26,731.4779458822608
194.27,738.6629485801838
194.28,745.9062617447756
194.29,753.2073250306549
194.3,760.5655356604912
194.31,767.9802476803306
194.32,775.45077124309
194.33,782.9763719224467
194.34,790.5562700593739
194.35,798.1896401435791
194.36,805.8756102321092
194.37,813.6132614073867
194.38,821.4016272769315
194.39,829.2396935170101
194.4,837.1263974624298
194.41,845.0606277446692
194.42,853.041223980496
194.43,861.0669765131815
194.44,869.1366262083657
194.45,877.248864306569
194.46,885.402332334276
194.47,893.5956220754414
194.48,901.8272756051812
194.49,910.0957853873225
194.5,918.3995944373827
194.51,926.7370965524386
194.52,935.1066366092342
194.53,943.5065109317475
194.54,951.9349677293078
194.55,960.3902076062185
194.56,968.8703841436917
194.57,977.3736045547548
194.58,985.8979304126294
194.59,994.4413784529222
194.6,1003.0019214497997
194.61,1011.5774891661486
194.62,1020.1659693775455
194.63,1028.7652089696853
194.64,1037.373015108731
194.65,1045.9871564838684
194.66,1054.6053646211622
194.67,1063.2253352676248
194.68,1071.8447298442225
194.69,1080.4611769663586
194.7,1089.0722740301915
194.71,1097.675588862959
194.72,1106.2686614353045
194.73,1114.849005633422
194.74,1123.4141110886706
194.75,1131.9614450621325
194.76,1140.4884543814362
194.77,1148.9925674270048
194.78,1157.4711961647452
194.79,1165.9217382220488
194.8,1174.3415790038428
194.81,1182.7280938453052
194.82,1191.0786501977439
194.83,1199.3906098440273
194.84,1207.6613311398676
194.85,1215.8881712771595
194.86,1224.0684885655135
194.87,1232.199644728051
194.88,1240.2790072074795
194.89,1248.303951478423
194.9,1256.2718633619543
194.91,1264.1801413382566
194.92,1272.0261988533396
194.93,1279.807466615735
194.94,1287.521394879122
194.95,1295.1654557068578
194.96,1302.7371452144291
194.97,1310.2339857859006
194.98,1317.6535282604914
194.99,1324.993354085491
195.0,1332.2510774318143
195.01,1339.4243472685828
195.02,1346.5108493932364
195.03,1353.5083084137875
195.04,1360.4144896799555
195.05,1367.2272011600553
195.06,1373.9442952606523
195.07,1380.5636705861448
195.08,1387.0832736355887
195.09,1393.5011004342437
195.1,1399.8151980974837
195.11,1406.0236663248872
195.12,1412.1246588224978
195.13,1418.1163846514266
195.14,1423.997109501148
195.15,1429.765156886027
195.16,1435.4189092637978
195.17,1440.9568090749078
195.18,1446.3773597018187
195.19,1451.6791263475511
195.2,1456.8607368329394
195.21,1461.9208823122506
195.22,1466.858317907
195.23,1471.6718632579773
195.24,1476.3604029956725
195.25,1480.92288712946
195.26,1485.3583313560678
195.27,1489.6658172880252
195.28,1493.8444926029317
195.29,1497.893571114548
195.3,1501.812332766852
195.31,1505.6001235523456
195.32,1509.256355356025
195.33,1512.7805057265584
195.34,1516.1721175763305
195.35,1519.4307988121259
195.36,1522.5562218983268
195.37,1525.548123354596
195.38,1528.4063031901067
195.39,1531.1306242764585
195.4,1533.7210116614965
195.41,1536.1774518263096
195.42,1538.4999918877486
195.43,1540.6887387488491
195.44,1542.7438581995893
195.45,1544.6655739704483
195.46,1546.4541667412561
195.47,1548.109973107849
195.48,1549.6333845090567
195.49,1551.0248461165531
195.5,1552.284855690109
195.51,1553.413962400768
195.52,1554.412765624468
195.53,1555.2819137086005
195.54,1556.0221027139885
195.55,1556.6340751347234
195.56,1557.1186185982785
195.57,1557.476564548272
195.58,1557.7087869122115
195.59,1557.816200756507
195.6,1557.7997609309891
195.61,1557.6604607051117
195.62,1557.399330397969
195.63,1557.0174360041876
195.64,1556.5158778177033
195.65,1555.8957890553568
195.66,1555.1583344821843
195.67,1554.3047090402076
195.68,1553.3361364824586
195.69,1552.2538680139037
195.7,1551.0591809408597
195.71,1549.7533773304267
195.72,1548.3377826813798
195.73,1546.8137446079015
195.74,1545.1826315374533
195.75,1543.4458314240173
195.76,1541.6047504778678
195.77,1539.6608119129542
195.78,1537.6154547129142
195.79,1535.4701324166608
195.8,1533.2263119244158
195.81,1530.8854723250029
195.82,1528.4491037451367
195.83,1525.9187062213846
195.84,1523.2957885954158
195.85,1520.581867433084
195.86,1517.7784659678346
195.87,1514.8871130688683
195.88,1511.909342234432
195.89,1508.8466906105587
195.9,1505.7006980355193
195.91,1502.4729061102014
195.92,1499.1648572945815
195.93,1495.778094030405
195.94,1492.3141578901505
195.95,1488.7745887523033
195.96,1485.1609240029297
195.97,1481.4746977634977
195.98,1477.717440144857
195.99,1473.890676527254
196.0,1469.9959268662242
196.01,1466.0347050241714
196.02,1462.0085181274198
196.03,1457.9188659484869
196.04,1453.76724031331
196.05,1449.5551245331264
196.06,1445.2839928606932
196.07,1440.9553099705008
196.08,1436.57053046263
196.09,1432.1310983898684
196.1,1427.6384468077026
196.11,1423.0939973467741
196.12,1418.4991598073827
196.13,1413.8553317756061
196.14,1409.1638982605969
196.15,1404.4262313526028
196.16,1399.6436899012592
196.17,1394.8176192136827
196.18,1389.949350771904
196.19,1385.04020196916
196.2,1380.091475864573
196.21,1375.1044609557348
196.22,1370.080430968716
196.23,1365.0206446650202
196.24,1359.926345665002
196.25,1354.7987622872656
196.26,1349.6391074035732
196.27,1344.448578308779
196.28,1339.228356605323
196.29,1333.9796081018123
196.3,1328.703482725227
196.31,1323.401114446289
196.32,1318.073621217541
196.33,1312.722104923685
196.34,1307.3476513437402
196.35,1301.9513301245793
196.36,1296.5341947654179
196.37,1291.0972826128307
196.38,1285.6416148658827
196.39,1280.1681965909631
196.4,1274.6780167459262
196.41,1269.1720482131434
196.42,1263.6512478410843
196.43,1258.116556494051
196.44,1252.568899109697
196.45,1247.0091847639712
196.46,1241.4383067431393
196.47,1235.8571426225353
196.48,1230.266554351716
196.49,1224.6673883456872
196.5,1219.0604755818902
196.51,1213.4466317026377
196.52,1207.8266571227011
196.53,1202.2013371417586
196.54,1196.571442061421
196.55,1190.937727306562
196.56,1185.300933550687
196.57,1179.6617868450826
196.58,1174.0209987514986
196.59,1168.3792664781204
196.6,1162.7372730185975
196.61,1157.0956872939055
196.62,1151.45516429682
196.63,1145.8163452387944
196.64,1140.1798576990388
196.65,1134.5463157756026
196.66,1128.9163202382738
196.67,1123.2904586831132
196.68,1117.669305688448
196.69,1112.053422972158
196.7,1106.4433595500925
196.71,1100.839651895463
196.72,1095.2428240990625
196.73,1089.65338803017
196.74,1084.0718434980022
196.75,1078.4986784135829
196.76,1072.9343689519037
196.77,1067.379379714257
196.78,1061.8341638906277
196.79,1056.2991634220325
196.8,1050.7748091627057
196.81,1045.2615210420288
196.82,1039.759708226114
196.83,1034.2697692789473
196.84,1028.792092323009
196.85,1023.3270551992905
196.86,1017.8750256266292
196.87,1012.4363613602907
196.88,1007.0114103497283
196.89,1001.6005108954563
196.9,996.2039918049744
196.91,990.8221725476875
196.92,985.4553634087649
196.93,980.1038656418897
196.94,974.7679716208496
196.95,969.4479649899256
196.96,964.1441208130358
196.97,958.8567057215971
196.98,953.5859780610677
196.99,948.3321880361376
197.0,943.0955778545358
197.01,937.8763818694273
197.02,932.6748267203724
197.03,927.491131472825
197.04,922.3255077561494
197.05,917.1781599001345
197.06,912.0492850699894
197.07,906.9390733998039
197.08,901.8477081244603
197.09,896.7753657099851
197.1,891.7222159823295
197.11,886.6884222545709
197.12,881.6741414525262
197.13,876.6795242387739
197.14,871.7047151350786
197.15,866.7498526432155
197.16,861.8150693641927
197.17,856.9004921158715
197.18,852.0062420489842
197.19,847.1324347615513
197.2,842.2791804117018
197.21,837.4465838288976
197.22,832.6347446235696
197.23,827.8437572951684
197.24,823.0737113386366
197.25,818.3246913493103
197.26,813.5967771262566
197.27,808.890043774055
197.28,804.2045618030339
197.29,799.5403972279688
197.3,794.8976116652545
197.31,790.2762624285618
197.32,785.6764026229887
197.33,781.0980812377186
197.34,776.5413432371984
197.35,772.0062296508469
197.36,767.4927776613085
197.37,763.001020691264
197.38,758.5309884888122
197.39,754.0827072114378
197.4,749.656199508576
197.41,745.2514846027931
197.42,740.8685783695921
197.43,736.5074934158635
197.44,732.1682391569911
197.45,727.8508218926329
197.46,723.5552448811869
197.47,719.2815084129627
197.48,715.029609882069
197.49,710.7995438570373
197.5,706.5913021501932
197.51,702.4048738857942
197.52,698.2402455669478
197.53,694.0974011413257
197.54,689.9763220656911
197.55,685.876987369253
197.56,681.799373715865
197.57,677.7434554650828
197.58,673.7092047320963
197.59,669.6965914465536
197.6,665.7055834102899
197.61,661.7361463539788
197.62,657.78824399272
197.63,653.8618380805801
197.64,649.9568884641011
197.65,646.0733531347914
197.66,642.2111882806157
197.67,638.3703483364969
197.68,634.5507860338472
197.69,630.7524524491412
197.7,626.9752970515468
197.71,623.2192677496286
197.72,619.4843109371366
197.73,615.7703715378973
197.74,612.0773930498191
197.75,608.4053175880265
197.76,604.7540859271381
197.77,601.1236375427009
197.78,597.5139106517951
197.79,593.9248422528234
197.8,590.356368164497
197.81,586.8084230640327
197.82,583.2809405245732
197.83,579.7738530518443
197.84,576.2870921200612
197.85,572.8205882070968
197.86,569.3742708289243
197.87,565.948068573347
197.88,562.5419091330259
197.89,559.1557193378194
197.9,555.7894251864448
197.91,552.4429518774747
197.92,549.116223839679
197.93,545.8091647617246
197.94,542.5216976212431
197.95,539.253744713279
197.96,536.0052276781277
197.97,532.7760675285745
197.98,529.5661846765471
197.99,526.3754989591889
198.0,523.203929664366
198.01,520.0513955556163
198.02,516.9178148965526
198.03,513.8031054747274
198.04,510.70718462497103
198.05,507.62996925221125
198.06,504.57137585378484
198.07,501.5313205412499
198.08,498.50971906170787
198.09,495.5064868186448
198.1,492.5215388923003
198.11,489.5547900595733
198.12,486.6061548134723
198.13,483.6755473821202
198.14,480.7628817473203
198.15,477.86807166269267
198.16,474.99103067138867
198.17,472.1316721233916
198.18,469.2899091924112
198.19,466.46565489237975
198.2,463.65882209355715
198.21,460.86932353825256
198.22,458.09707185617003
198.23,455.3419795793848
198.24,452.60395915695796
198.25,449.8829229691957
198.26,447.178783341561
198.27,444.4914525582429
198.28,441.82084287539175
198.29,439.16686653402553
198.3,436.52943577261414
198.31,433.9084628393481
198.32,431.3038600040973
198.33,428.7155395700665
198.34,426.1434138851527
198.35,423.5873953530113
198.36,421.04739644383534
198.37,418.5233297048552
198.38,416.01510777056257
198.39,413.52264337266547
198.4,411.04584934977885
198.41,408.58463865685644
198.42,406.13892437436874
198.43,403.7086197172325
198.44,401.29363804349646
198.45,398.89389286278794
198.46,396.5092978445261
198.47,394.1397668259053
198.48,391.7852138196542
198.49,389.4455530215742
198.5,387.12069881786306
198.51,384.81056579222644
198.52,382.51506873278294
198.53,380.23412263876617
198.54,377.96764272702836
198.55,375.7155444383494
198.56,373.47774344355537
198.57,371.2541556494504
198.58,369.0446972045659
198.59,366.8492845047308
198.6,364.6678341984665
198.61,362.50026319221024
198.62,360.34648865537054
198.63,358.2064280252179
198.64,356.0799990116149
198.65,353.9671196015881
198.66,351.86770806374574
198.67,349.7816829525447
198.68,347.70896311240926
198.69,345.64946768170495
198.7,343.60311609657106
198.71,341.5698280946144
198.72,339.54952371846747
198.73,337.5421233192134
198.74,335.5475475596816
198.75,333.56571741761616
198.76,331.5965541887194
198.77,329.6399794895744
198.78,327.69591526044815
198.79,325.7642837679785
198.8,323.845007607747
198.81,321.9380097067406
198.82,320.0432133257044
198.83,318.1605420613879
198.84,316.28991984868685
198.85,314.4312709626838
198.86,312.5845200205886
198.87,310.74959198358204
198.88,308.9264121585637
198.89,307.1149061998077
198.9,305.3150001105267
198.91,303.5266202443476
198.92,301.74969330670046
198.93,299.9841463561221
198.94,298.2299068054775
198.95,296.4869024230998
198.96,294.7550613338514
198.97,293.0343120201077
198.98,291.3245833226653
198.99,289.6258044415772
199.0,287.9379049369149
199.01,286.2608147294612
199.02,284.59446410133404
199.03,282.9387836965435
199.04,281.29370452148333
199.05,279.65915794535863
199.06,278.0350757005517
199.07,276.42138988292675
199.08,274.8180329520753
199.09,273.22493773150444
199.1,271.6420374087677
199.11,270.06926553554183
199.12,268.50655602764965
199.13,266.9538431650304
199.14,265.41106159165935
199.15,263.8781463154179
199.16,262.35503270791486
199.17,260.841656504261
199.18,259.3379538027971
199.19,257.8438610647779
199.2,256.359315114012
199.21,254.88425313645928
199.22,253.41861267978706
199.23,251.96233165288623
199.24,250.51534832534793
199.25,249.07760132690217
199.26,247.6490296468194
199.27,246.2295726332761
199.28,244.81916999268506
199.29,243.41776178899178
199.3,242.02528844293755
199.31,240.6416907312904
199.32,239.2669097860447
199.33,237.90088709359028
199.34,236.54356449385222
199.35,235.19488417940164
199.36,233.85478869453897
199.37,232.5232209343499
199.38,231.20012414373542
199.39,229.88544191641623
199.4,228.57911819391256
199.41,227.2810972645002
199.42,225.99132376214322
199.43,224.70974266540446
199.44,223.43629929633414
199.45,222.1709393193376
199.46,220.91360874002274
199.47,219.66425390402762
199.48,218.42282149582928
199.49,217.18925853753416
199.5,215.96351238765067
199.51,214.74553073984475
199.52,213.53526162167898
199.53,212.33265339333565
199.54,211.13765474632447
199.55,209.95021470217577
199.56,208.77028261111906
199.57,207.59780815074822
199.58,206.4327413246735
199.59,205.27503246116066
199.6,204.12463221175835
199.61,202.98149154991341
199.62,201.84556176957545
199.63,200.71679448379047
199.64,199.59514162328432
199.65,198.48055543503656
199.66,197.37298848084478
199.67,196.2723936358802
199.68,195.1787240872348
199.69,194.09193333246026
199.7,193.01197517809953
199.71,191.93880373821096
199.72,190.8723734328856
199.73,189.8126389867582
199.74,188.75955542751188
199.75,187.71307808437723
199.76,186.67316258662603
199.77,185.63976486205985
199.78,184.61284113549397
199.79,183.5923479272371
199.8,182.57824205156686
199.81,181.57048061520157
199.82,180.56902101576878
199.83,179.5738209402705
199.84,178.5848383635458
199.85,177.60203154673064
199.86,176.62535903571575
199.87,175.65477965960224
199.88,174.69025252915574
199.89,173.731737035259
199.9,172.7791928473632
199.91,171.83257991193858
199.92,170.8918584509241
199.93,169.95698896017683
199.94,169.02793220792094
199.95,168.10464923319688
199.96,167.18710134431063
199.97,166.27525011728352
199.98,165.3690573943025
199.99,164.4684852821714
200.0,163.57349615076325
200.01,162.6840526314737
200.02,161.80011761567604
200.03,160.9216542531777
200.04,160.04862595067857
200.05,159.18099637023136
200.06,158.31872942770397
200.07,157.4617892912443
200.08,156.61014037974735
200.09,155.76374736132524
200.1,154.92257515177957
200.11,154.0865889130771
200.12,153.25575405182823
200.13,152.43003621776893
200.14,151.6094013022457
200.15,150.79381543670428
200.16,149.9832449911819
200.17,149.17765657280307
200.18,148.3770170242796
200.19,147.58129342241423
200.2,146.79045307660846
200.21,146.0044635273747
200.22,145.22329254485257
200.23,144.4469081273297
200.24,143.67527849976702
200.25,142.90837211232864
200.26,142.14615763891643
200.27,141.38860397570954
200.28,140.63568023970853
200.29,139.88735576728476
200.3,139.1436001127347
200.31,138.40438304683943
200.32,137.66967455542922
200.33,136.93944483795372
200.34,136.21366430605715
200.35,135.49230358215925
200.36,134.77533349804148
200.37,134.06272509343898
200.38,133.3544496146381
200.39,132.65047851307963
200.4,131.9507834439678
200.41,131.25533626488507
200.42,130.5641090344129
200.43,129.87707401075824
200.44,129.19420365038619
200.45,128.51547060665857
200.46,127.84084772847865
200.47,127.1703080589419
200.48,126.50382483399294
200.49,125.84137148108867
200.5,125.1829216178677
200.51,124.52844905082597
200.52,123.87792777399868
200.53,123.23133196764863
200.54,122.58863599696089
200.55,121.94981441074385
200.56,121.31484194013679
200.57,120.68369349732373
200.58,120.05634417425402
200.59,119.43276924136919
200.6,118.81294414633648
200.61,118.1968445127889
200.62,117.5844461390718
200.63,116.97572499699609
200.64,116.37065723059804
200.65,115.76921915490571
200.66,115.17138725471202
200.67,114.57713818335442
200.68,113.98644876150134
200.69,113.39929597594512
200.7,112.81565697840186
200.71,112.23550908431773
200.72,111.65882977168211
200.73,111.08559667984741
200.74,110.5157876083556
200.75,109.94938051577137
200.76,109.38635351852214
200.77,108.82668488974468
200.78,108.27035305813851
200.79,107.71733660682592
200.8,107.16761427221886
200.81,106.62116494289239
200.82,106.07796765846497
200.83,105.53800160848532
200.84,105.00124613132611
200.85,104.4676807130843
200.86,103.93728498648815
200.87,103.41003872981092
200.88,102.8859218657913
200.89,102.36491446056044
200.9,101.84699672257567
200.91,101.33214900156088
200.92,100.82035178745353
200.93,100.31158570935831
200.94,99.80583153450735
200.95,99.30307016722712
200.96,98.80328264791189
200.97,98.30645015200372
200.98,97.81255398897913
200.99,97.32157560134218
201.0,96.83349656362415
201.01,96.34829858138983
201.02,95.86596349025012
201.03,95.3864732548813
201.04,94.90980996805061
201.05,94.43595584964845
201.06,93.96489324572684
201.07,93.49660462754444
201.08,93.03107259061787
201.09,92.56827985377942
201.1,92.10820925824117
201.11,91.65084376666539
201.12,91.19616646224127
201.13,90.74416054776793
201.14,90.29480934474375
201.15,89.8480962924619
201.16,89.40400494711211
201.17,88.96251898088865
201.18,88.52362218110447
201.19,88.08729844931159
201.2,87.65353180042747
201.21,87.22230636186767
201.22,86.79360637268441
201.23,86.36741618271137
201.24,85.94372025171442
201.25,85.52250314854841
201.26,85.10374955031989
201.27,84.68744424155592
201.28,84.27357211337866
201.29,83.862118162686
201.3,83.45306749133802
201.31,83.04640530534931
201.32,82.64211691408717
201.33,82.24018772947552
201.34,81.84060326520473
201.35,81.44334913594709
201.36,81.04841105657805
201.37,80.65577484140319
201.38,80.26542640339079
201.39,79.87735175341014
201.4,79.49153699947539
201.41,79.10796834599502
201.42,78.72663209302691
201.43,78.34751463553886
201.44,77.97060246267469
201.45,77.59588215702583
201.46,77.22334039390826
201.47,76.852963940645
201.48,76.48473965585391
201.49,76.11865448874089
201.5,75.75469547839838
201.51,75.39284975310923
201.52,75.03310452965583
201.53,74.67544711263442
201.54,74.31986489377474
201.55,73.96634535126478
201.56,73.61487604908076
201.57,73.26544463632219
201.58,72.91803884655204
201.59,72.57264649714207
201.6,72.22925548862314
201.61,71.88785380404049
201.62,71.54842950831413
201.63,71.2109707476041
201.64,70.87546574868071
201.65,70.54190281829969
201.66,70.21027034258215
201.67,69.88055678639942
201.68,69.5527506927628
201.69,69.22684068221791
201.7,68.90281545224396
201.71,68.58066377665767
201.72,68.26037450502193
201.73,67.94193656205908
201.74,67.6253389470689
201.75,67.31057073335111
201.76,66.99762106763262
201.77,66.68647916949917
201.78,66.37713433083155
201.79,66.06957591524639
201.8,65.76379335754132
201.81,65.4597761631446
201.82,65.15751390756921
201.83,64.85699623587126
201.84,64.55821286211278
201.85,64.26115356882885
201.86,63.96580820649898
201.87,63.67216669302283
201.88,63.38021901320011
201.89,63.089955218214726
201.9,62.80136542512308
201.91,62.51443981634657
201.92,62.229168639168165
201.93,61.94554220523314
201.94,61.66355089005381
201.95,61.383185132518406
201.96,61.10443543440385
201.97,60.827292359892596
201.98,60.55174653509345
201.99,60.27778864756624
202.0,60.005409445850475
202.01,59.73459973899782
202.02,59.46535039610848
202.03,59.19765234587133
202.04,58.93149657610796
202.05,58.666874133320356
202.06,58.40377612224241
202.07,58.14219370539515
202.08,57.88211810264559
202.09,57.62354059076931
202.1,57.36645250301665
202.11,57.11084522868251
202.12,56.856710212679715
202.13,56.604038955115996
202.14,56.35282301087444
202.15,56.10305398919746
202.16,55.85472355327429
202.17,55.60782341983184
202.18,55.36234535872909
202.19,55.11828119255479
202.2,54.875622796228605
202.21,54.634362096605564
202.22,54.394491072083866
202.23,54.15600175221595
202.24,53.91888621732289
202.25,53.683136598112014
202.26,53.448745075297715
202.27,53.215703879225536
202.28,52.984005289499365
202.29,52.75364163461182
202.3,52.524605291577735
202.31,52.29688868557079
202.32,52.07048428956316
202.33,51.845384623968265
202.34,51.621582256286544
202.35,51.399069800754205
202.36,51.177839917995016
202.37,50.95788531467498
202.38,50.739198743160024
202.39,50.52177300117653
202.4,50.30560093147481
202.41,50.090675421495426
202.42,49.876989403038344
202.43,49.66453585193492
202.44,49.45330778772269
202.45,49.243298273322914
202.46,49.03450041472088
202.47,48.826907360648974
202.48,48.62051230227239
202.49,48.415308472877584
202.5,48.21128914756337
202.51,48.00844764293465
202.52,47.806777316798765
202.53,47.60627156786449
202.54,47.40692383544351
202.55,47.20872759915456
202.56,47.011676378630014
202.57,46.81576373322504
202.58,46.62098326172923
202.59,46.42732860208068
202.6,46.23479343108255
202.61,46.04337146412205
202.62,45.85305645489183
202.63,45.66384219511372
202.64,45.475722514264945
202.65,45.28869127930654
202.66,45.10274239441423
202.67,44.91786980071152
202.68,44.73406747600515
202.69,44.55132943452275
202.7,44.36964972665279
202.71,44.18902243868675
202.72,44.00944169256348
202.73,43.830901645615775
202.74,43.65339649031913
202.75,43.47692045404261
202.76,43.301467798801895
202.77,43.1270328210144
202.78,42.95360985125655
202.79,42.781193254023066
202.8,42.60977742748837
202.81,42.43935680326998
202.82,42.269925846193985
202.83,42.10147905406248
202.84,41.93401095742301
202.85,41.76751611934
202.86,41.60198913516808
202.87,41.43742463232743
202.88,41.27381727008096
202.89,41.111161739313474
202.9,40.949452762312625
202.91,40.78868509255182
202.92,40.62885351447495
202.93,40.4699528432829
202.94,40.311977924721965
202.95,40.15492363487401
202.96,39.998784879948424
202.97,39.84355659607584
202.98,39.68923374910363
202.99,39.53581133439308
203.0,39.38328437661836
203.01,39.231647929567146
203.02,39.08089707594293
203.03,38.93102692716904
203.04,38.78203262319428
203.05,38.63390933230023
203.06,38.48665225091015
203.07,38.34025660339955
203.08,38.194717641908305
203.09,38.050030646154354
203.1,37.90619092324899
203.11,37.76319380751371
203.12,37.62103466029855
203.13,37.47970886980201
203.14,37.339211850892454
203.15,37.19953904493099
203.16,37.06068591959586
203.17,36.92264796870831
203.18,36.78542071205985
203.19,36.64899969524103
203.2,36.51338048947157
203.21,36.378558691431984
203.22,36.244529923096515
203.23,36.111289831567525
203.24,35.97883408891123
203.25,35.84715839199477
203.26,35.716258462324696
203.27,35.58613004588671
203.28,35.45676891298678
203.29,35.328170858093536
203.3,35.200331699681975
203.31,35.07324728007846
203.32,34.94691346530696
203.33,34.82132614493657
203.34,34.69648123193027
203.35,34.572374662494944
203.36,34.44900239593257
203.37,34.326360414492655
203.38,34.204444723225905
203.39,34.083251349838996
203.4,33.96277634455059
203.41,33.843015779948495
203.42,33.72396575084798
203.43,33.60562237415123
203.44,33.48798178870793
203.45,33.37104015517697
203.46,33.25479365588929
203.47,33.139238494711755
203.48,33.02437089691219
203.49,32.91018710902545
203.5,32.796683398720575
203.51,32.683856054668986
203.52,32.57170138641376
203.53,32.46021572423987
203.54,32.34939541904557
203.55,32.23923684221465
203.56,32.12973638548983
203.57,32.02089046084705
203.58,31.91269550037082
203.59,31.80514795613049
203.6,31.698244300057528
203.61,31.591981023823728
203.62,31.486354638720382
203.63,31.38136167553839
203.64,31.27699868444929
203.65,31.173262234887215
203.66,31.07014891543177
203.67,30.967655333691784
203.68,30.86577811619
203.69,30.7645139082486
203.7,30.663859373875642
203.71,30.563811195652356
203.72,30.46436607462129
203.73,30.36552073017531
203.74,30.267271899947456
203.75,30.169616339701616
203.76,30.072550823224024
203.77,29.976072142215596
203.78,29.880177106185055
203.79,29.784862542342864
203.8,29.690125295495957
203.81,29.59596222794325
203.82,29.50237021937194
203.83,29.409346166754563
203.84,29.316886984246825
203.85,29.224989603086176
203.86,29.133650971491146
203.87,29.042868054561424
203.88,28.952637834178653
203.89,28.86295730890796
203.9,28.773823493900213
203.91,28.68523342079499
203.92,28.597184137624232
203.93,28.509672708716632
203.94,28.422696214602674
203.95,28.336251751920386
203.96,28.250336433321774
203.97,28.164947387379893
203.98,28.080081758496625
203.99,27.995736706811098
204.0,27.911909408108738
204.01,27.828597053731013
204.02,27.745796850485767
204.03,27.663506020558223
204.04,27.581721801422592
204.05,27.500441445754323
204.06,27.41966222134295
204.07,27.339381411005558
204.08,27.259596312500847
204.09,27.180304238443803
204.1,27.10150251622095
204.11,27.023188487906207
204.12,26.94535951017729
204.13,26.868012954232736
204.14,26.791146205709452
204.15,26.71475666460087
204.16,26.638841745175615
204.17,26.563398875896773
204.18,26.48842549934168
204.19,26.41391907212225
204.2,26.33987706480587
204.21,26.26629696183678
204.22,26.19317626145805
204.23,26.120512475634
204.24,26.048303129973206
204.25,25.976545763651977
204.26,25.905237929338362
204.27,25.834377193116644
204.28,25.763961134412355
204.29,25.693987345917755
204.3,25.62445343351784
204.31,25.555357016216792
204.32,25.486695726064948
204.33,25.418467208086213
204.34,25.350669120205975
204.35,25.283299133179458
204.36,25.216354930520566
204.37,25.149834208431166
204.38,25.08373467573083
204.39,25.018054053787036
204.4,24.952790076445808
204.41,24.887940489962798
204.42,24.82350305293481
204.43,24.75947553623176
204.44,24.695855722929064
204.45,24.632641408240445
204.46,24.569830399451185
204.47,24.50742051585177
204.48,24.445409588671968
204.49,24.383795461015307
204.5,24.322575987793982
204.51,24.26174903566414
204.52,24.201312482961573
204.53,24.141264219637833
204.54,24.081602147196705
204.55,24.02232417863109
204.56,23.963428238360283
204.57,23.904912262167603
204.58,23.846774197138448
204.59,23.789012001598692
204.6,23.731623645053464
204.61,23.67460710812631
204.62,23.61796038249871
204.63,23.56168147084996
204.64,23.505768386797428
204.65,23.450219154837153
204.66,23.39503181028481
204.67,23.340204399217015
204.68,23.285734978412997
204.69,23.231621615296596
204.7,23.177862387878626
204.71,23.124455384699566
204.72,23.07139870477258
204.73,23.0186904575269
204.74,22.966328762751516
204.75,22.914311750539195
204.76,22.86263756123086
204.77,22.81130434536024
204.78,22.760310263598907
204.79,22.70965348670156
204.8,22.65933219545168
204.81,22.609344580607488
204.82,22.559688842848193
204.83,22.510363192720572
204.84,22.461365850585846
204.85,22.412695046566864
204.86,22.364349020495588
204.87,22.316326021860878
204.88,22.268624309756568
204.89,22.221242152829845
204.9,22.174177829229922
204.91,22.127429626556992
204.92,22.080995841811475
204.93,22.034874781343557
204.94,21.989064760802997
204.95,21.943564105089234
204.96,21.898371148301766
204.97,21.853484233690796
204.98,21.808901713608176
204.99,21.764621949458597
205.0,21.720643311651077
205.01,21.6769641795507
205.02,21.633582941430628
205.03,21.59049799442437
205.04,21.54770774447835
205.05,21.50521060630467
205.06,21.463005003334207
205.07,21.421089367669914
205.08,21.379462140040403
205.09,21.338121769753766
205.1,21.297066714651667
205.11,21.25629544106367
205.12,21.215806423761823
205.13,21.17559814591548
205.14,21.13566909904638
205.15,21.09601778298396
205.16,21.056642705820924
205.17,21.01754238386903
205.18,20.978715341615136
205.19,20.940160111677468
205.2,20.901875234762137
205.21,20.86385925961988
205.22,20.826110743003035
205.23,20.78862824962275
205.24,20.75141035210642
205.25,20.714455630955346
205.26,20.67776267450263
205.27,20.641330078871285
205.28,20.605156447932572
205.29,20.569240393264565
205.3,20.53358053411092
205.31,20.49817549733989
205.32,20.46302391740352
205.33,20.428124436297086
205.34,20.39347570351875
205.35,20.359076376029407
205.36,20.324925118212764
205.37,20.291020601835616
205.38,20.25736150600834
205.39,20.223946517145595
205.4,20.190774328927223
205.41,20.157843642259365
205.42,20.125153165235773
205.43,20.092701613099326
205.44,20.060487708203752
205.45,20.02851017997555
205.46,19.996767764876104
205.47,19.965259206364
205.48,19.93398325485754
205.49,19.90293866769746
205.5,19.872124209109813
205.51,19.84153865016909
205.52,19.81118076876149
205.53,19.781049349548404
205.54,19.7511431839301
205.55,19.721461070009557
205.56,19.692001812556523
205.57,19.662764222971752
205.58,19.633747119251417
205.59,19.604949325951708
205.6,19.57636967415362
205.61,19.548007001427933
205.62,19.51986015180034
205.63,19.491927975716795
205.64,19.46420933000901
205.65,19.436703077860145
205.66,19.40940808877068
205.67,19.382323238524435
205.68,19.355447409154813
205.69,19.328779488911163
205.7,19.30231837222536
205.71,19.27606295967854
205.72,19.25001215796799
205.73,19.224164879874248
205.74,19.19852004422833
205.75,19.173076575879158
205.76,19.14783340566113
205.77,19.122789470361894
205.78,19.09794371269023
205.79,19.073295081244158
205.8,19.048842530479163
205.81,19.024585020676618
205.82,19.000521517912347
205.83,18.976650994025352
205.84,18.952972426586715
205.85,18.929484798868646
205.86,18.906187099813685
205.87,18.883078324004085
205.88,18.860157471631332
205.89,18.83742354846582
205.9,18.81487556582671
205.91,18.792512540551897
205.92,18.770333494968177
205.93,18.748337456861538
205.94,18.726523459447616
205.95,18.7048905413423
205.96,18.68343774653249
205.97,18.662164124346994
205.98,18.64106872942759
205.99,18.62015062170023
206.0,18.599408866346383
206.01,18.578842533774548
206.02,18.558450699591884
206.03,18.538232444576014
206.04,18.51818685464695
206.05,18.498313020839174
206.06,18.478610039273867
206.07,18.459077011131274
206.08,18.439713042623204
206.09,18.420517244965684
206.1,18.401488734351755
206.11,18.382626631924396
206.12,18.363930063749585
206.13,18.34539816078952
206.14,18.32703005887596
206.15,18.3088248986837
206.16,18.290781825704205
206.17,18.27289999021935
206.18,18.25517854727532
206.19,18.23761665665663
206.2,18.220213482860284
206.21,18.202968195070063
206.22,18.185879967130962
206.23,18.168947977523732
206.24,18.152171409339577
206.25,18.135549450254963
206.26,18.119081292506575
206.27,18.102766132866392
206.28,18.08660317261689
206.29,18.07059161752638
206.3,18.054730677824466
206.31,18.039019568177643
206.32,18.023457507665
206.33,18.00804371975407
206.34,17.992777432276792
206.35,17.977657877405605
206.36,17.962684291629653
206.37,17.94785591573114
206.38,17.93317199476177
206.39,17.918631778019353
206.4,17.90423451902448
206.41,17.889979475497377
206.42,17.875865909334834
206.43,17.861893086587273
206.44,17.848060277435938
206.45,17.834366756170194
206.46,17.82081180116495
206.47,17.807394694858193
206.48,17.794114723728654
206.49,17.780971178273578
206.5,17.7679633529866
206.51,17.755090546335772
206.52,17.742352060741663
206.53,17.729747202555593
206.54,17.717275282037996
206.55,17.70493561333686
206.56,17.69272751446632
206.57,17.68065030728532
206.58,17.668703317476425
206.59,17.65688587452473
206.6,17.645197311696865
206.61,17.63363696602014
206.62,17.62220417826177
206.63,17.610898292908228
206.64,17.599718658144695
206.65,17.588664625834628
206.66,17.577735551499426
206.67,17.56693079429822
206.68,17.556249717007738
206.69,17.545691686002307
206.7,17.535256071233952
206.71,17.52494224621259
206.72,17.51474958798633
206.73,17.50467747712189
206.74,17.494725297685118
206.75,17.484892437221582
206.76,17.475178286737314
206.77,17.465582240679613
206.78,17.456103696917975
206.79,17.446742056725114
206.8,17.437496724758088
206.81,17.42836710903951
206.82,17.419352620938888
206.83,17.410452675154037
206.84,17.4016666896926
206.85,17.392994085853672
206.86,17.384434288209512
206.87,17.37598672458736
206.88,17.36765082605135
206.89,17.35942602688451
206.9,17.351311764570873
206.91,17.343307479777675
206.92,17.335412616337642
206.93,17.32762662123139
206.94,17.319948944569894
206.95,17.31237903957708
206.96,17.304916362572477
206.97,17.297560372953996
206.98,17.290310533180772
206.99,17.28316630875612
207.0,17.276127168210557
207.01,17.269192583084962
207.02,17.26236202791376
207.03,17.255634980208256
207.04,17.249010920440025
207.05,17.2424893320244
207.06,17.23606970130406
207.07,17.22975151753268
207.08,17.2235342728587
207.09,17.21741746230916
207.1,17.211400583773628
207.11,17.20548313798822
207.12,17.199664628519702
207.13,17.19394456174967
207.14,17.188322446858837
207.15,17.182797795811382
207.16,17.177370123339394
207.17,17.172038946927405
207.18,17.166803786797
207.19,17.161664165891512
207.2,17.156619609860794
207.21,17.151669647046088
207.22,17.14681380846497
207.23,17.142051627796363
207.24,17.137382641365654
207.25,17.132806388129886
207.26,17.12832240966301
207.27,17.123930250141246
207.28,17.11962945632851
207.29,17.115419577561923
207.3,17.11130016573739
207.31,17.10727077529528
207.32,17.103330963206155
207.33,17.099480288956602
207.34,17.095718314535137
207.35,17.092044604418167
207.36,17.08845872555606
207.37,17.08496024735926
207.38,17.081548741684514
207.39,17.078223782821134
207.4,17.074984947477365
207.41,17.071831814766817
207.42,17.06876396619497
207.43,17.065780985645763
207.44,17.06288245936823
207.45,17.060067975963246
207.46,17.05733712637033
207.47,17.054689503854515
207.48,17.05212470399329
207.49,17.04964232466362
207.5,17.04724196602905
207.51,17.044923230526848
207.52,17.042685722855257
207.53,17.04052904996079
207.54,17.038452821025597
207.55,17.036456647454923
207.56,17.034540142864614
207.57,17.0327029230687
207.58,17.030944606067052
207.59,17.02926481203309
207.6,17.02766316330159
207.61,17.026139284356525
207.62,17.024692801818993
207.63,17.02332334443522
207.64,17.02203054306459
207.65,17.02081403066781
207.66,17.01967344229506
207.67,17.018608415074272
207.68,17.017618588199454
207.69,17.016703602919062
207.7,17.01586310252447
207.71,17.01509673233847
207.72,17.014404139703863
207.73,17.013784973972104
207.74,17.013238886492005
207.75,17.012765530598504
207.76,17.01236456160151
207.77,17.01203563677479
207.78,17.01177841534494
207.79,17.011592558480384
207.8,17.011477729280486
207.81,17.011433592764664
207.82,17.01145981586162
207.83,17.011556067398594
207.84,17.011722018090687
207.85,17.011957340530255
207.86,17.012261709176354
207.87,17.012634800344234
207.88,17.01307629219492
207.89,17.013585864724824
207.9,17.014163199755433
207.91,17.014807980923045
207.92,17.015519893668568
207.93,17.016298625227375
207.94,17.017143864619218
207.95,17.018055302638203
207.96,17.019032631842805
207.97,17.020075546545957
207.98,17.0211837428052
207.99,17.022356918412857
208.0,17.023594772886305
208.01,17.024897007458264
208.02,17.026263325067166
208.03,17.027693430347572
208.04,17.02918702962064
208.05,17.03074383088465
208.06,17.032363543805577
208.07,17.034045879707733
208.08,17.035790551564446
208.09,17.037597273988794
208.1,17.039465763224403
208.11,17.041395737136284
208.12,17.043386915201737
208.13,17.045439018501288
208.14,17.0475517697097
208.15,17.049724893087006
208.16,17.05195811446963
208.17,17.05425116126153
208.18,17.05660376242539
208.19,17.059015648473896
208.2,17.06148655146102
208.21,17.064016204973377
208.22,17.06660434412164
208.23,17.069250705531974
208.24,17.071955027337548
208.25,17.074717049170076
208.26,17.077536512151422
208.27,17.080413158885243
208.28,17.083346733448682
208.29,17.086336981384108
208.3,17.089383649690912
208.31,17.092486486817332
208.32,17.09564524265235
208.33,17.09885966851761
208.34,17.10212951715939
208.35,17.10545454274065
208.36,17.108834500833066
208.37,17.112269148409165
208.38,17.115758243834488
208.39,17.119301546859774
208.4,17.122898818613226
208.41,17.126549821592803
208.42,17.130254319658558
208.43,17.134012078025012
208.44,17.137822863253593
208.45,17.141686443245096
208.46,17.14560258723221
208.47,17.149571065772065
208.48,17.153591650738832
208.49,17.157664115316372
208.5,17.161788233990922
208.51,17.165963782543816
208.52,17.17019053804426
208.53,17.174468278842145
208.54,17.1787967845609
208.55,17.18317583609039
208.56,17.187605215579836
208.57,17.192084706430823
208.58,17.196614093290286
208.59,17.201193162043594
208.6,17.205821699807636
208.61,17.21049949492396
208.62,17.215226336951954
208.63,17.220002016662068
208.64,17.224826326029074
208.65,17.22969905822535
208.66,17.234620007614232
208.67,17.23958896974338
208.68,17.244605741338194
208.69,17.249670120295267
208.7,17.254781905675877
208.71,17.25994089769951
208.72,17.265146897737434
208.73,17.270399708306293
208.74,17.275699133061757
208.75,17.28104497679219
208.76,17.28643704541238
208.77,17.29187514595727
208.78,17.29735908657577
208.79,17.30288867652456
208.8,17.308463726161968
208.81,17.31408404694185
208.82,17.319749451407542
208.83,17.325459753185807
208.84,17.331214766980853
208.85,17.337014308568367
208.86,17.342858194789585
208.87,17.348746243545403
208.88,17.354678273790523
208.89,17.360654105527622
208.9,17.366673559801573
208.91,17.372736458693677
208.92,17.378842625315954
208.93,17.384991883805448
208.94,17.39118405931858
208.95,17.397418978025517
208.96,17.403696467104595
208.97,17.410016354736758
208.98,17.416378470100035
208.99,17.422782643364055
209.0,17.429228705684583
209.01,17.435716489198096
209.02,17.4422458270164
209.03,17.448816553221253
209.04,17.455428502859043
209.05,17.46208151193549
209.06,17.46877541741038
209.07,17.47551005719232
209.08,17.482285270133545
209.09,17.489100896024734
209.1,17.495956775589868
209.11,17.502852750481118
209.12,17.509788663273763
209.13,17.51676435746113
209.14,17.523779677449582
209.15,17.53083446855351
209.16,17.537928576990385
209.17,17.5450618498758
209.18,17.552234135218594
209.19,17.559445281915945
209.2,17.56669513974855
209.21,17.573983559375783
209.22,17.58131039233092
209.23,17.588675491016367
209.24,17.596078708698936
209.25,17.603519899505127
209.26,17.610998918416463
209.27,17.61851562126483
209.28,17.62606986472786
209.29,17.633661506324334
209.3,17.641290404409613
209.31,17.648956418171103
209.32,17.656659407623735
209.33,17.66439923360548
209.34,17.67217575777289
209.35,17.679988842596668
209.36,17.68783835135725
209.37,17.695724148140435
209.38,17.703646097833026
209.39,17.711604066118504
209.4,17.71959791947272
209.41,17.727627525159615
209.42,17.735692751226985
209.43,17.74379346650223
209.44,17.751929540588172
209.45,17.760100843858872
209.46,17.76830724745548
209.47,17.776548623282096
209.48,17.784824844001694
209.49,17.79313578303202
209.5,17.801481314541554
209.51,17.809861313445474
209.52,17.818275655401646
209.53,17.826724216806664
209.54,17.83520687479187
209.55,17.843723507219426
209.56,17.852273992678423
209.57,17.860858210480966
209.58,17.869476040658334
209.59,17.87812736395713
209.6,17.886812061835464
209.61,17.895530016459155
209.62,17.904281110697976
209.63,17.913065228121887
209.64,17.92188225299732
209.65,17.930732070283472
209.66,17.939614565628624
209.67,17.94852962536648
209.68,17.95747713651253
209.69,17.966456986760438
209.7,17.975469064478443
209.71,17.984513258705793
209.72,17.993589459149188
209.73,18.002697556179253
209.74,18.011837440827037
209.75,18.021009004780517
209.76,18.03021214038113
209.77,18.039446740620342
209.78,18.048712699136207
209.79,18.058009910209975
209.8,18.067338268762704
209.81,18.076697670351905
209.82,18.086088011168183
209.83,18.095509188031937
209.84,18.10496109839004
209.85,18.114443640312558
209.86,18.123956712489505
209.87,18.133500214227585
209.88,18.143074045446966
209.89,18.15267810667809
209.9,18.16231229905848
209.91,18.171976524329583
209.92,18.18167068483361
209.93,18.191394683510424
209.94,18.201148423894427
209.95,18.21093181011147
209.96,18.22074474687579
209.97,18.230587139486946
209.98,18.240458893826794
209.99,18.25035991635648
210.0,18.260290114113428
210.01,18.270249394708372
210.02,18.280237666322396
210.03,18.29025483770399
210.04,18.30030081816613
210.05,18.310375517583363
210.06,18.32047884638893
210.07,18.330610715571886
210.08,18.340771036674255
210.09,18.350959721788183
210.1,18.361176683553133
210.11,18.371421835153075
210.12,18.381695090313702
210.13,18.391996363299665
210.14,18.402325568911824
210.15,18.412682622484507
210.16,18.423067439882807
210.17,18.433479937499865
210.18,18.443920032254198
210.19,18.454387641587033
210.2,18.464882683459646
210.21,18.475405076350732
210.22,18.485954739253792
210.23,18.496531591674522
210.24,18.50713555362823
210.25,18.517766545637272
210.26,18.528424488728483
210.27,18.539109304430646
210.28,18.549820914771974
210.29,18.560559242277595
210.3,18.571324209967056
210.31,18.582115741351853
210.32,18.592933760432967
210.33,18.603778191698414
210.34,18.614648960120814
210.35,18.625545991154983
210.36,18.636469210735516
210.37,18.647418545274412
210.38,18.658393921658696
210.39,18.669395267248063
210.4,18.68042250987254
210.41,18.69147557783014
210.42,18.702554399884573
210.43,18.713658905262925
210.44,18.724789023653386
210.45,18.73594468520297
210.46,18.747125820515258
210.47,18.758332360648165
210.48,18.769564237111698
210.49,18.780821381865746
210.5,18.792103727317876
210.51,18.80341120632115
210.52,18.81474375217195
210.53,18.826101298607806
210.54,18.83748377980526
210.55,18.848891130377734
210.56,18.860323285373394
210.57,18.87178018027306
210.58,18.883261750988098
210.59,18.894767933858347
210.6,18.906298665650052
210.61,18.917853883553796
210.62,18.929433525182475
210.63,18.94103752856925
210.64,18.952665832165547
210.65,18.964318374839042
210.66,18.975995095871674
210.67,18.987695934957664
210.68,18.999420832201544
210.69,19.011169728116208
210.7,19.022942563620973
210.71,19.034739280039638
210.72,19.046559819098576
210.73,19.058404122924824
210.74,19.070272134044192
210.75,19.082163795379376
210.76,19.094079050248098
210.77,19.106017842361233
210.78,19.117980115820977
210.79,19.129965815119007
210.8,19.141974885134655
210.81,19.154007271133104
210.82,19.166062918763576
210.83,19.178141774057558
210.84,19.19024378342701
210.85,19.20236889366262
210.86,19.214517051932024
210.87,19.226688205778082
210.88,19.23888230311714
210.89,19.251099292237303
210.9,19.26333912179673
210.91,19.275601740821937
210.92,19.287887098706108
210.93,19.300195145207407
210.94,19.312525830447328
210.95,19.324879104909026
210.96,19.33725491943568
210.97,19.349653225228845
210.98,19.362073973846844
210.99,19.374517117203144
211.0,19.386982607564757
211.01,19.399470397550644
211.02,19.41198044013013
211.03,19.424512688621334
211.04,19.437067096689614
211.05,19.449643618345995
211.06,19.462242207945646
211.07,19.474862820186342
211.08,19.487505410106937
211.09,19.500169933085854
211.1,19.51285634483958
211.11,19.525564601421184
211.12,19.538294659218817
211.13,19.551046474954255
211.14,19.56382000568142
211.15,19.57661520878494
211.16,19.589432041978693
211.17,19.60227046330438
211.18,19.615130431130087
211.19,19.628011904148888
211.2,19.64091484137742
211.21,19.653839202154494
211.22,19.666784946139703
211.23,19.67975203331205
211.24,19.69274042396856
211.25,19.705750078722936
211.26,19.7187809585042
211.27,19.731833024555357
211.28,19.744906238432048
211.29,19.75800056200123
211.3,19.771115957439857
211.31,19.784252387233586
211.32,19.79740981417546
211.33,19.81058820136462
211.34,19.823787512205037
211.35,19.837007710404222
211.36,19.850248759971976
211.37,19.863510625219117
211.38,19.876793270756252
211.39,19.89009666149252
211.4,19.903420762634376
211.41,19.91676553968435
211.42,19.93013095843985
211.43,19.943516984991955
211.44,19.956923585724205
211.45,19.970350727311416
211.46,19.983798376718507
211.47,19.997266501199313
211.48,20.01075506829543
211.49,20.024264045835057
211.5,20.037793401931832
211.51,20.051343104983715
211.52,20.06491312367183
211.53,20.078503426959347
211.54,20.09211398409038
211.55,20.105744764588845
211.56,20.119395738257392
211.57,20.13306687517628
211.58,20.1467581457023
211.59,20.160469520467707
211.6,20.17420097037913
211.61,20.187952466616515
211.62,20.201723980632067
211.63,20.2155154841492
211.64,20.229326949161496
211.65,20.24315834793166
211.66,20.257009652990508
211.67,20.270880837135927
211.68,20.28477187343188
211.69,20.29868273520739
211.7,20.31261339605554
211.71,20.326563829832484
211.72,20.340534010656462
211.73,20.35452391290682
211.74,20.36853351122304
211.75,20.38256278050377
211.76,20.396611695905882
211.77,20.41068023284351
211.78,20.42476836698711
211.79,20.438876074262517
211.8,20.453003330850027
211.81,20.467150113183468
211.82,20.481316397949286
211.83,20.49550216208563
211.84,20.509707382781453
211.85,20.52393203747562
211.86,20.538176103856017
211.87,20.552439559858655
211.88,20.56672238366681
211.89,20.581024553710154
211.9,20.595346048663878
211.91,20.60968684744784
211.92,20.62404692922572
211.93,20.638426273404175
211.94,20.652824859631995
211.95,20.667242667799275
211.96,20.68167967803659
211.97,20.69613587071418
211.98,20.710611226441127
211.99,20.725105726064562
212.0,20.73961935066885
212.01,20.754152081574805
212.02,20.768703900338902
212.03,20.783274788752497
212.04,20.797864728841038
212.05,20.81247370286331
212.06,20.827101693310667
212.07,20.841748682906267
212.08,20.85641465460433
212.09,20.871099591589385
212.1,20.885803477275534
212.11,20.90052629530571
212.12,20.915268029550962
212.13,20.93002866410972
212.14,20.944808183307085
212.15,20.959606571694113
212.16,20.97442381404711
212.17,20.989259895366942
212.18,21.004114800878323
212.19,21.018988516029143
212.2,21.033881026489777
212.21,21.048792318152408
212.22,21.063722377130357
212.23,21.078671189757422
212.24,21.093638742587206
212.25,21.10862502239247
212.26,21.12363001616448
212.27,21.138653711112365
212.28,21.15369609466248
212.29,21.16875715445776
212.3,21.18383687835712
212.31,21.198935254434797
212.32,21.21405227097976
212.33,21.229187916495082
212.34,21.244342179697345
212.35,21.25951504951603
212.36,21.274706515092923
212.37,21.289916565781525
212.38,21.30514519114647
212.39,21.32039238096293
212.4,21.335658125216057
212.41,21.35094241410041
212.42,21.36624523801937
212.43,21.38156658758461
212.44,21.396906453615518
212.45,21.412264827138653
212.46,21.4276416993872
212.47,21.44303706180043
212.48,21.45845090602317
212.49,21.473883223905265
212.5,21.489334007501053
212.51,21.504803249068853
212.52,21.520290941070442
212.53,21.53579707617055
212.54,21.551321647236342
212.55,21.566864647336935
212.56,21.58242606974289
212.57,21.598005907925725
212.58,21.613604155557425
212.59,21.629220806509966
212.6,21.64485585485484
212.61,21.660509294862564
212.62,21.67618112100224
212.63,21.691871327941076
212.64,21.707579910543924
212.65,21.72330686387284
212.66,21.739052183186626
212.67,21.75481586394039
212.68,21.770597901785102
212.69,21.786398292567164
212.7,21.802217032327974
212.71,21.818054117303507
212.72,21.833909543923887
212.73,21.849783308812977
212.74,21.865675408787958
212.75,21.88158584085893
212.76,21.897514602228497
212.77,21.91346169029139
212.78,21.929427102634044
212.79,21.945410837034228
212.8,21.961412891460654
212.81,21.977433264072594
212.82,21.993471953219505
212.83,22.009528957440654
212.84,22.02560427546475
212.85,22.04169790620959
212.86,22.057809848781677
212.87,22.07394010247589
212.88,22.090088666775124
212.89,22.106255541349928
212.9,22.122440726058187
212.91,22.13864422094477
212.92,22.154866026241194
212.93,22.171106142365304
212.94,22.18736456992094
212.95,22.20364130969762
212.96,22.219936362670218
212.97,22.236249729998654
212.98,22.252581413027585
212.99,22.2689314132861
213.0,22.285299732487424
213.01,22.30168637252861
213.02,22.318091335490262
213.03,22.334514623636228
213.04,22.350956239413332
213.05,22.367416185451088
213.06,22.383894464561422
213.07,22.400391079738405
213.08,22.41690603415798
213.09,22.433439331177695
213.1,22.449990974336455
213.11,22.466560967354255
213.12,22.483149314131932
213.13,22.499756018750915
213.14,22.516381085472986
213.15,22.533024518740035
213.16,22.549686323173823
213.17,22.566366503575754
213.18,22.583065064926643
213.19,22.599782012386495
213.2,22.616517351294277
213.21,22.633271087167714
213.22,22.65004322570306
213.23,22.666833772774908
213.24,22.683642734435967
213.25,22.700470116916872
213.26,22.717315926625982
213.27,22.73418017014919
213.28,22.751062854249728
213.29,22.767963985867986
213.3,22.784883572121327
213.31,22.801821620303908
213.32,22.818778137886508
213.33,22.83575313251636
213.34,22.852746612016976
213.35,22.86975858438799
213.36,22.886789057805
213.37,22.903838040619398
213.38,22.92090554135824
213.39,22.937991568724083
213.4,22.955096131594843
213.41,22.97221923902366
213.42,22.989360900238747
213.43,23.006521124643275
213.44,23.02369992181523
213.45,23.040897301507293
213.46,23.058113273646715
213.47,23.0753478483352
213.48,23.09260103584878
213.49,23.10987284663773
213.5,23.127163291326433
213.51,23.144472380713285
213.52,23.1618001257706
213.53,23.179146537644506
213.54,23.196511627654854
213.55,23.213895407295134
213.56,23.23129788823238
213.57,23.24871908230709
213.58,23.26615900153316
213.59,23.28361765809779
213.6,23.301095064361416
213.61,23.31859123285766
213.62,23.336106176293242
213.63,23.353639907547937
213.64,23.371192439674505
213.65,23.38876378589865
213.66,23.406353959618958
213.67,23.423962974406855
213.68,23.44159084400657
213.69,23.459237582335085
213.7,23.476903203482113
213.71,23.494587721710047
213.72,23.51229115145395
213.73,23.53001350732152
213.74,23.547754804093064
213.75,23.565515056721495
213.76,23.583294280332304
213.77,23.601092490223554
213.78,23.61890970186587
213.79,23.636745930902443
213.8,23.654601193149013
213.81,23.672475504593894
213.82,23.690368881397962
213.83,23.708281339894672
213.84,23.726212896590074
213.85,23.74416356816283
213.86,23.762133371464223
213.87,23.7801223235182
213.88,23.798130441521383
213.89,23.81615774284311
213.9,23.834204245025468
213.91,23.852269965783325
213.92,23.870354923004378
213.93,23.888459134749194
213.94,23.906582619251267
213.95,23.924725394917054
213.96,23.942887480326043
213.97,23.96106889423081
213.98,23.979269655557076
213.99,23.997489783403783
214.0,24.015729297043155
214.01,24.03398821592077
214.02,24.05226655965564
214.03,24.070564348040293
214.04,24.088881601040853
214.05,24.107218338797125
214.06,24.125574581622686
214.07,24.14395035000498
214.08,24.162345664605425
214.09,24.18076054625949
214.1,24.199195015976816
214.11,24.21764909494133
214.12,24.236122804511336
214.13,24.254616166219645
214.14,24.27312920177369
214.15,24.29166193305564
214.16,24.31021438212254
214.17,24.328786571206415
214.18,24.347378522714433
214.19,24.36599025922902
214.2,24.384621803507997
214.21,24.403273178484735
214.22,24.421944407268295
214.23,24.440635513143576
214.24,24.45934651957147
214.25,24.478077450189016
214.26,24.496828328809563
214.27,24.515599179422935
214.28,24.534390026195588
214.29,24.553200893470795
214.3,24.572031805768805
214.31,24.590882787787034
214.32,24.60975386440024
214.33,24.6286450606607
214.34,24.647556401798408
214.35,24.666487913221268
214.36,24.685439620515282
214.37,24.70441154944475
214.38,24.723403725952473
214.39,24.742416176159963
214.4,24.761448926367645
214.41,24.780502003055073
214.42,24.799575432881145
214.43,24.81866924268433
214.44,24.837783459482875
214.45,24.856918110475053
214.46,24.876073223039377
214.47,24.895248824734843
214.48,24.91444494330116
214.49,24.933661606658998
214.5,24.95289884291023
214.51,24.972156680338188
214.52,24.991435147407895
214.53,25.010734272766346
214.54,25.03005408524275
214.55,25.049394613848794
214.56,25.068755887778917
214.57,25.08813793641058
214.58,25.107540789304526
214.59,25.126964476205075
214.6,25.146409027040395
214.61,25.165874471922788
214.62,25.18536084114898
214.63,25.204868165200413
214.64,25.224396474743536
214.65,25.24394580063011
214.66,25.26351617389751
214.67,25.28310762576903
214.68,25.302720187654188
214.69,25.322353891149053
214.7,25.342008768036553
214.71,25.3616848502868
214.72,25.38138217005741
214.73,25.40110075969384
214.74,25.420840651729716
214.75,25.44060187888717
214.76,25.460384474077173
214.77,25.4801884703999
214.78,25.50001390114505
214.79,25.51986079979222
214.8,25.539729200011248
214.81,25.559619135662576
214.82,25.57953064079761
214.83,25.59946374965909
214.84,25.61941849668146
214.85,25.63939491649125
214.86,25.659393043907425
214.87,25.679412913941807
214.88,25.69945456179943
214.89,25.719518022878955
214.9,25.739603332773033
214.91,25.75971052726873
214.92,25.779839642347916
214.93,25.799990714187672
214.94,25.820163779160698
214.95,25.84035887383573
214.96,25.860576034977953
214.97,25.880815299549425
214.98,25.9010767047095
214.99,25.921360287815258
215.0,25.941666086421936
215.01,25.96199413828337
215.02,25.98234448135243
215.03,26.00271715378147
215.04,26.023112193922774
215.05,26.04352964032901
215.06,26.063969531753685
215.07,26.08443190715161
215.08,26.104916805679366
215.09,26.125424266695767
215.1,26.145954329762336
215.11,26.166507034643793
215.12,26.187082421308517
215.13,26.20768052992905
215.14,26.228301400882575
215.15,26.24894507475142
215.16,26.26961159232354
215.17,26.290300994593046
215.18,26.31101332276069
215.19,26.33174861823438
215.2,26.352506922629697
215.21,26.373288277770428
215.22,26.39409272568906
215.23,26.414920308627337
215.24,26.435771069036775
215.25,26.45664504957921
215.26,26.477542293127325
215.27,26.49846284276521
215.28,26.519406741788906
215.29,26.540374033706957
215.3,26.561364762240967
215.31,26.58237897132617
215.32,26.603416705111986
215.33,26.624478007962608
215.34,26.64556292445757
215.35,26.66667149939232
215.36,26.687803777778818
215.37,26.70895980484612
215.38,26.730139626040973
215.39,26.751343287028412
215.4,26.77257083369236
215.41,26.793822312136246
215.42,26.81509776868361
215.43,26.836397249878722
215.44,26.8577208024872
215.45,26.879068473496645
215.46,26.900440310117258
215.47,26.921836359782493
215.48,26.943256670149676
215.49,26.964701289100674
215.5,26.986170264742526
215.51,27.00766364540811
215.52,27.029181479656785
215.53,27.050723816275077
215.54,27.072290704277332
215.55,27.093882192906396
215.56,27.115498331634292
215.57,27.137139170162907
215.58,27.158804758424672
215.59,27.18049514658326
215.6,27.20221038503429
215.61,27.22395052440602
215.62,27.24571561556006
215.63,27.267505709592076
215.64,27.289320857832532
215.65,27.311161111847387
215.66,27.333026523438836
215.67,27.35491714464604
215.68,27.376833027745867
215.69,27.39877422525363
215.7,27.420740789923837
215.71,27.44273277475095
215.72,27.464750232970143
215.73,27.48679321805806
215.74,27.50886178373359
215.75,27.530955983958634
215.76,27.553075872938898
215.77,27.575221505124663
215.78,27.59739293521159
215.79,27.61959021814151
215.8,27.641813409103218
215.81,27.664062563533285
215.82,27.68633773711688
215.83,27.708638985788575
215.84,27.730966365733167
215.85,27.753319933386518
215.86,27.775699745436377
215.87,27.79810585882323
215.88,27.82053833074114
215.89,27.842997218638594
215.9,27.865482580219364
215.91,27.887994473443374
215.92,27.91053295652756
215.93,27.933098087946746
215.94,27.95568992643452
215.95,27.978308530984126
215.96,28.000953960849355
215.97,28.023626275545432
215.98,28.046325534849927
215.99,28.06905179880366
216.0,28.09180512771162
216.01,28.114585582143878
216.02,28.137393222936517
216.03,28.16022811119257
216.04,28.183090308282946
216.05,28.205979875847383
216.06,28.228896875795396
216.07,28.251841370307236
216.08,28.27481342183485
216.09,28.29781309310285
216.1,28.32084044710949
216.11,28.343895547127644
216.12,28.366978456705798
216.13,28.390089239669038
216.14,28.41322796012006
216.15,28.43639468244017
216.16,28.459589471290293
216.17,28.482812391612
216.18,28.506063508628536
216.19,28.52934288784584
216.2,28.552650595053596
216.21,28.57598669632628
216.22,28.599351258024196
216.23,28.622744346794555
216.24,28.646166029572527
216.25,28.669616373582322
216.26,28.693095446338262
216.27,28.716603315645866
216.28,28.740140049602953
216.29,28.763705716600732
216.3,28.78730038532491
216.31,28.810924124756813
216.32,28.834577004174488
216.33,28.858259093153855
216.34,28.881970461569818
216.35,28.905711179597425
216.36,28.92948131771301
216.37,28.953280946695337
216.38,28.97711013762678
216.39,29.00096896189449
216.4,29.024857491191565
216.41,29.048775797518235
216.42,29.07272395318307
216.43,29.09670203080415
216.44,29.1207101033103
216.45,29.1447482439423
216.46,29.168816526254087
216.47,29.192915024114008
216.48,29.21704381170604
216.49,29.24120296353105
216.5,29.265392554408038
216.51,29.28961265947539
216.52,29.313863354192172
216.53,29.33814471433937
216.54,29.362456816021208
216.55,29.38679973566641
216.56,29.411173550029527
216.57,29.435578336192226
216.58,29.460014171564605
216.59,29.48448113388653
216.6,29.50897930122895
216.61,29.53350875199526
216.62,29.558069564922626
216.63,29.58266181908335
216.64,29.607285593886235
216.65,29.63194096907797
216.66,29.65662802474449
216.67,29.681346841312372
216.68,29.706097499550253
216.69,29.730880080570216
216.7,29.755694665829207
216.71,29.78054133713047
216.72,29.805420176624974
216.73,29.830331266812856
216.74,29.85527469054487
216.75,29.88025053102385
216.76,29.905258871806176
216.77,29.930299796803254
216.78,29.955373390283
216.79,29.980479736871334
216.8,30.005618921553694
216.81,30.03079102967654
216.82,30.05599614694888
216.83,30.0812343594438
216.84,30.10650575360002
216.85,30.131810416223423
216.86,30.157148434488636
216.87,30.182519895940587
216.88,30.207924888496095
216.89,30.233363500445446
216.9,30.25883582045401
216.91,30.284341937563834
216.92,30.309881941195272
216.93,30.335455921148604
216.94,30.361063967605688
216.95,30.386706171131593
216.96,30.412382622676265
216.97,30.438093413576205
216.98,30.463838635556133
216.99,30.489618380730686
217.0,30.515432741606112
217.01,30.541281811081983
217.02,30.567165682452924
217.03,30.593084449410323
217.04,30.619038206044095
217.05,30.64502704684442
217.06,30.67105106670351
217.07,30.69711036091738
217.08,30.723205025187646
217.09,30.749335155623292
217.1,30.775500848742507
217.11,30.801702201474484
217.12,30.827939311161252
217.13,30.85421227555952
217.14,30.88052119284252
217.15,30.906866161601876
217.16,30.93324728084948
217.17,30.959664650019363
217.18,30.98611836896961
217.19,31.01260853798425
217.2,31.03913525777519
217.21,31.06569862948414
217.22,31.092298754684556
217.23,31.118935735383598
217.24,31.145609674024097
217.25,31.172320673486528
217.26,31.199068837091012
217.27,31.22585426859931
217.28,31.252677072216848
217.29,31.279537352594733
217.3,31.306435214831808
217.31,31.33337076447669
217.32,31.360344107529855
217.33,31.387355350445695
217.34,31.414404600134624
217.35,31.441491963965174
217.36,31.468617549766122
217.37,31.49578146582861
217.38,31.52298382090829
217.39,31.550224724227487
217.4,31.577504285477357
217.41,31.60482261482008
217.42,31.632179822891054
217.43,31.659576020801104
217.44,31.687011320138705
217.45,31.714485832972215
217.46,31.741999671852138
217.47,31.769552949813374
217.48,31.797145780377512
217.49,31.824778277555115
217.5,31.852450555848023
217.51,31.880162730251687
217.52,31.907914916257493
217.53,31.935707229855115
217.54,31.963539787534888
217.55,31.991412706290177
217.56,32.019326103619775
217.57,32.04728009753031
217.58,32.07527480653868
217.59,32.103310349674466
217.6,32.131386846482414
217.61,32.15950441702489
217.62,32.187663181884375
217.63,32.21586326216594
217.64,32.24410477949979
217.65,32.27238785604379
217.66,32.300712614486
217.67,32.32907917804724
217.68,32.35748767048367
217.69,32.38593821608941
217.7,32.414430939699095
217.71,32.442965966690565
217.72,32.471543422987466
217.73,32.50016343506192
217.74,32.52882612993722
217.75,32.5575316351905
217.76,32.586280078955454
217.77,32.615071589925066
217.78,32.643906297354356
217.79,32.672784331063134
217.8,32.701705821438786
217.81,32.73067089943906
217.82,32.75967969659491
217.83,32.78873234501327
217.84,32.81782897737998
217.85,32.846969726962584
217.86,32.876154727613255
217.87,32.90538411377168
217.88,32.934658020468
217.89,32.963976583325724
217.9,32.99333993856472
217.91,33.02274822300417
217.92,33.05220157406557
217.93,33.08170012977575
217.94,33.1112440287699
217.95,33.14083341029465
217.96,33.170468414211086
217.97,33.20014918099792
217.98,33.22987585175453
217.99,33.259648568204135
218.0,33.289467472696934
218.01,33.31933270821328
218.02,33.34924441836686
218.03,33.37920274740792
218.04,33.40920784022651
218.05,33.43925984235568
218.06,33.46935889997484
218.07,33.49950515991299
218.08,33.52969876965205
218.09,33.55993987733021
218.1,33.590228631745276
218.11,33.620565182358064
218.12,33.65094967929578
218.13,33.681382273355446
218.14,33.71186311600738
218.15,33.742392359398615
218.16,33.772970156356415
218.17,33.80359666039179
218.18,33.83427202570301
218.19,33.86499640717918
218.2,33.89576996040382
218.21,33.92659284165845
218.22,33.95746520792624
218.23,33.988387216895646
218.24,34.019359026964075
218.25,34.05038079724161
218.26,34.0814526875547
218.27,34.11257485844993
218.28,34.14374747119776
218.29,34.17497068779637
218.3,34.2062446709754
218.31,34.23756958419988
218.32,34.26894559167404
218.33,34.30037285834521
218.34,34.33185154990777
218.35,34.36338183280705
218.36,34.39496387424334
218.37,34.42659784217585
218.38,34.45828390532677
218.39,34.490022233185286
218.4,34.52181299601166
218.41,34.55365636484134
218.42,34.585552511489084
218.43,34.61750160855312
218.44,34.64950382941932
218.45,34.681559348265395
218.46,34.71366834006518
218.47,34.74583098059286
218.48,34.77804744642725
218.49,34.810317914956165
218.5,34.84264256438073
218.51,34.87502157371978
218.52,34.907455122814234
218.53,34.93994339233159
218.54,34.972486563770346
218.55,35.00508481946449
218.56,35.037738342588064
218.57,35.07044731715968
218.58,35.10321192804714
218.59,35.13603236097201
218.6,35.16890880251431
218.61,35.20184144011717
218.62,35.23483046209153
218.63,35.2678760576209
218.64,35.30097841676612
218.65,35.334137730470154
218.66,35.36735419056295
218.67,35.400627989766285
218.68,35.43395932169868
218.69,35.467348380880324
218.7,35.500795362738046
218.71,35.5343004636103
218.72,35.56786388075222
218.73,35.60148581234068
218.74,35.63516645747937
218.75,35.66890601620398
218.76,35.70270468948732
218.77,35.73656267924456
218.78,35.77048018833844
218.79,35.804457420584576
218.8,35.83849458075675
218.81,35.87259187459227
218.82,35.906749508797326
218.83,35.94096769105244
218.84,35.97524663001792
218.85,36.00958653533933
218.86,36.043987617653045
218.87,36.078450088591794
218.88,36.112974160790294
218.89,36.14756004789088
218.9,36.18220796454918
218.91,36.21691812643984
218.92,36.25169075026232
218.93,36.28652605374663
218.94,36.32142425565922
218.95,36.35638557580883
218.96,36.39141023505245
218.97,36.42649845530122
218.98,36.461650459526496
218.99,36.49686647176584
219.0,36.53214671712914
219.01,36.56749142180472
219.02,36.6029008130655
219.03,36.63837511927525
219.04,36.67391456989479
219.05,36.709519395488314
219.06,36.74518982772974
219.07,36.780926099409065
219.08,36.81672844443883
219.09,36.85259709786057
219.1,36.888532295851334
219.11,36.92453427573027
219.12,36.960603275965205
219.13,36.99673953617933
219.14,37.03294329715787
219.15,37.06921480085487
219.16,37.10555429039997
219.17,37.141962010105246
219.18,37.17843820547211
219.19,37.21498312319826
219.2,37.251597011184636
219.21,37.288280118542495
219.22,37.325032695600484
219.23,37.36185499391177
219.24,37.39874726626124
219.25,37.43570976667273
219.26,37.472742750416316
219.27,37.50984647401566
219.28,37.547021195255404
219.29,37.5842671731886
219.3,37.62158466814423
219.31,37.65897394173474
219.32,37.69643525686366
219.33,37.73396887773323
219.34,37.77157506985217
219.35,37.80925410004338
219.36,37.84700623645183
219.37,37.884831748552386
219.38,37.92273090715778
219.39,37.96070398442657
219.4,37.99875125387124
219.41,38.03687299036625
219.42,38.07506947015623
219.43,38.11334097086422
219.44,38.15168777149992
219.45,38.19011015246805
219.46,38.22860839557675
219.47,38.26718278404604
219.48,38.30583360251636
219.49,38.34456113705712
219.5,38.3833656751754
219.51,38.42224750582461
219.52,38.461206919413286
219.53,38.50024420781394
219.54,38.53935966437194
219.55,38.578553583914484
219.56,38.61782626275963
219.57,38.65717799872539
219.58,38.6966090911389
219.59,38.73611984084567
219.6,38.77571055021882
219.61,38.815381523168504
219.62,38.855133065151335
219.63,38.89496548317986
219.64,38.93487908583216
219.65,38.974874183261484
219.66,39.01495108720596
219.67,39.055110110998385
219.68,39.09535156957608
219.69,39.13567577949083
219.7,39.17608305891887
219.71,39.21657372767097
219.72,39.257148107202596
219.73,39.29780652062413
219.74,39.338549292711164
219.75,39.3793767499149
219.76,39.42028922037258
219.77,39.461287033918055
219.78,39.502370522092356
219.79,39.543540018154424
219.8,39.584795857091855
219.81,39.62613837563177
219.82,39.667567912251734
219.83,39.70908480719078
219.84,39.750689402460495
219.85,39.79238204185623
219.86,39.834163070968316
219.87,39.876032837193456
219.88,39.91799168974614
219.89,39.960039979670164
219.9,40.00217805985026
219.91,40.044406285023754
219.92,40.08672501179238
219.93,40.12913459863415
219.94,40.17163540591529
219.95,40.214227795902325
219.96,40.256912132774204
219.97,40.29968878263455
219.98,40.34255811352397
219.99,40.385520495432516
220.0,40.42857630031215
220.01,40.47172590208942
220.02,40.514969676678106
220.03,40.55830800199209
220.04,40.60174125795821
220.05,40.645269826529294
220.06,40.68889409169726
220.07,40.73261443950631
220.08,40.77643125806624
220.09,40.82034493756587
220.1,40.86435587028653
220.11,40.90846445061568
220.12,40.95267107506065
220.13,40.99697614226244
220.14,41.041380053009675
220.15,41.08588321025265
220.16,41.13048601911748
220.17,41.17518888692033
220.18,41.21999222318184
220.19,41.264896439641575
220.2,41.309901950272625
220.21,41.35500917129633
220.22,41.40021852119709
220.23,41.44553042073732
220.24,41.4909452929725
220.25,41.53646356326635
220.26,41.58208565930616
220.27,41.62781201111814
220.28,41.67364305108302
220.29,41.719579213951675
220.3,41.76562093686092
220.31,41.81176865934942
220.32,41.85802282337371
220.33,41.90438387332437
220.34,41.95085225604232
220.35,41.9974284208352
220.36,42.044112819493954
220.37,42.0909059063095
220.38,42.13780813808953
220.39,42.184819974175475
220.4,42.231941876459565
220.41,42.27917430940206
220.42,42.326517740048594
220.43,42.373972638047675
220.44,42.421539475668325
220.45,42.46921872781784
220.46,42.51701087205971
220.47,42.56491638863169
220.48,42.612935760464
220.49,42.66106947319768
220.5,42.70931801520309
220.51,42.75768187759856
220.52,42.80616155426919
220.53,42.85475754188582
220.54,42.903470339924105
220.55,42.95230045068381
220.56,43.00124837930821
220.57,43.050314633803666
220.58,43.099499725059374
220.59,43.148804166867244
220.6,43.19822847594198
220.61,43.24777317194128
220.62,43.29743877748624
220.63,43.34722581818191
220.64,43.39713482263801
220.65,43.44716632248982
220.66,43.49732085241926
220.67,43.54759895017611
220.68,43.59800115659945
220.69,43.64852801563923
220.7,43.699180074378035
220.71,43.74995788305306
220.72,43.80086199507819
220.73,43.85189296706639
220.74,43.90305135885212
220.75,43.95433773351408
220.76,44.00575265739807
220.77,44.05729670014003
220.78,44.10897043468933
220.79,44.160774437332215
220.8,44.21270928771542
220.81,44.26477556887006
220.82,44.31697386723564
220.83,44.36930477268432
220.84,44.42176887854537
220.85,44.474366781629804
220.86,44.52709908225525
220.87,44.57996638427103
220.88,44.63296929508345
220.89,44.68610842568127
220.9,44.73938439066144
220.91,44.79279780825504
220.92,44.84634930035339
220.93,44.90003949253447
220.94,44.95386901408948
220.95,45.007838498049686
220.96,45.06194858121347
220.97,45.1161999041736
220.98,45.170593111344736
220.99,45.225128850991226
221.0,45.279807775255044
221.01,45.33463054018405
221.02,45.38959780576044
221.03,45.44471023592947
221.04,45.49996849862843
221.05,45.55537326581583
221.06,45.61092521350089
221.07,45.666625021773235
221.08,45.722473374832894
221.09,45.7784709610205
221.1,45.834618472847836
221.11,45.890916607028544
221.12,45.94736606450919
221.13,46.003967550500555
221.14,46.06072177450918
221.15,46.117629450369265
221.16,46.17469129627474
221.17,46.23190803481169
221.18,46.28928039299107
221.19,46.34680910228164
221.2,46.40449489864326
221.21,46.46233852256042
221.22,46.520340719076145
221.23,46.57850223782607
221.24,46.63682383307295
221.25,46.69530626374141
221.26,46.75395029345298
221.27,46.81275669056151
221.28,46.87172622818881
221.29,46.93085968426071
221.3,46.99015784154334
221.31,47.04962148767981
221.32,47.10925141522714
221.33,47.16904842169364
221.34,47.22901330957646
221.35,47.28914688639964
221.36,47.34944996475239
221.37,47.40992336232773
221.38,47.470567901961545
221.39,47.531384411671894
221.4,47.59237372469875
221.41,47.653536679544075
221.42,47.714874120012205
221.43,47.7763868952507
221.44,47.83807585979148
221.45,47.89994187359237
221.46,47.961985802079006
221.47,48.024208516187144
221.48,48.08661089240534
221.49,48.149193812818
221.5,48.21195816514887
221.51,48.27490484280487
221.52,48.33803474492038
221.53,48.40134877640187
221.54,48.464847847973
221.55,48.528532876220105
221.56,48.5924047836381
221.57,48.65646449867682
221.58,48.720712955787725
221.59,48.785151095471164
221.6,48.84977986432394
221.61,48.914600215087404
221.62,48.97961310669594
221.63,49.04481950432595
221.64,49.110220379445245
221.65,49.175816709862936
221.66,49.24160947977976
221.67,49.307599679838894
221.68,49.37378830717723
221.69,49.44017636547714
221.7,49.50676486501873
221.71,49.57355482273256
221.72,49.64054726225287
221.73,49.70774321397135
221.74,49.77514371509131
221.75,49.842749809682495
221.76,49.910562548736316
221.77,49.97858299022163
221.78,50.04681219914107
221.79,50.11525124758789
221.8,50.18390121480335
221.81,50.252763187234635
221.82,50.32183825859337
221.83,50.39112752991462
221.84,50.46063210961654
221.85,50.5303531135605
221.86,50.60029166511188
221.87,50.67044889520136
221.88,50.74082594238686
221.89,50.81142395291605
221.9,50.88224408078947
221.91,50.95328748782423
221.92,51.02455534371836
221.93,51.09604882611579
221.94,51.16776912067189
221.95,51.23971742111973
221.96,51.31189492933691
221.97,51.384302855413104
221.98,51.4569424177182
221.99,51.529814842971156
222.0,51.60292136630947
222.01,51.67626323135939
222.02,51.74984169030678
222.03,51.823658003968646
222.04,51.897713441865434
222.05,51.97200928229399
222.06,52.04654681240124
222.07,52.121327328258616
222.08,52.196352134937186
222.09,52.27162254658355
222.1,52.347139886496485
222.11,52.42290548720433
222.12,52.49892069054316
222.13,52.5751868477357
222.14,52.651705319471084
222.15,52.72847747598535
222.16,52.80550469714275
222.17,52.882788372517915
222.18,52.96032990147876
222.19,53.0381306932703
222.2,53.11619216709925
222.21,53.194515752219516
222.22,53.27310288801849
222.23,53.351955024104285
222.24,53.431073620393775
222.25,53.510460147201584
222.26,53.59011608532994
222.27,53.67004292615943
222.28,53.750242171740744
222.29,53.83071533488722
222.3,53.911463939268494
222.31,53.99248951950493
222.32,54.073793621263164
222.33,54.15537780135252
222.34,54.23724362782248
222.35,54.31939268006108
222.36,54.401826548894384
222.37,54.48454683668694
222.38,54.56755515744327
222.39,54.650853136910435
222.4,54.734442412681595
222.41,54.81832463430072
222.42,54.90250146336831
222.43,54.98697457364823
222.44,55.07174565117572
222.45,55.15681639436637
222.46,55.24218851412644
222.47,55.32786373396411
222.48,55.41384379010206
222.49,55.50013043159112
222.5,55.58672542042517
222.51,55.67363053165721
222.52,55.76084755351666
222.53,55.84837828752788
222.54,55.936224548629944
222.55,56.02438816529769
222.56,56.112870979664
222.57,56.201674847643446
222.58,56.290801639057165
222.59,56.3802532377591
222.6,56.470031541763575
222.61,56.56013846337423
222.62,56.6505759293143
222.63,56.74134588085832
222.64,56.832450273965186
222.65,56.92389107941271
222.66,57.015670282933534
222.67,57.107789885352545
222.68,57.20025190272578
222.69,57.29305836648077
222.7,57.38621132355845
222.71,57.479712836556544
222.72,57.57356498387456
222.73,57.6677698598603
222.74,57.762329574957974
222.75,57.85724625585792
222.76,57.952522045647974
222.77,58.048159103966405
222.78,58.14415960715663
222.79,58.240525748423536
222.8,58.337259737991516
222.81,58.43436380326427
222.82,58.53184018898631
222.83,58.62969115740629
222.84,58.727918988442084
222.85,58.82652597984768
222.86,58.925514447381964
222.87,59.024886724979304
222.88,59.124645164922065
222.89,59.224792138015
222.9,59.32533003376159
222.91,59.426261260542354
222.92,59.527588245795116
222.93,59.629313436197286
222.94,59.73143929785019
222.95,59.833968316465416
222.96,59.93690299755332
222.97,60.040245866613546
222.98,60.143999469327774
222.99,60.24816637175457
223.0,60.35274916052645
223.01,60.45775044304917
223.02,60.56317284770326
223.03,60.66901902404783
223.04,60.77529164302669
223.05,60.88199339717681
223.06,60.98912700083911
223.07,61.09669519037173
223.08,61.20470072436562
223.09,61.31314638386267
223.1,61.4220349725763
223.11,61.531369317114574
223.12,61.64115226720588
223.13,61.75138669592718
223.14,61.86207549993491
223.15,61.9732215996985
223.16,62.08482793973663
223.17,62.196897488856166
223.18,62.30943324039391
223.19,62.42243821246109
223.2,62.535915448190735
223.21,62.649868015987906
223.22,62.76429900978281
223.23,62.879211549286914
223.24,62.99460878025201
223.25,63.1104938747323
223.26,63.2268700313496
223.27,63.343740475561574
223.28,63.4611084599332
223.29,63.57897726441136
223.3,63.697350196602684
223.31,63.81623059205471
223.32,63.93562181454028
223.33,64.05552725634541
223.34,64.17595033856045
223.35,64.2968945113748
223.36,64.41836325437508
223.37,64.54036007684682
223.38,64.66288851807984
223.39,64.78595214767718
223.4,64.90955456586775
223.41,65.03369940382278
223.42,65.15839032397598
223.43,65.28363102034758
223.44,65.40942521887234
223.45,65.53577667773138
223.46,65.66268918768807
223.47,65.79016657242808
223.48,65.91821268890335
223.49,66.04683142768043
223.5,66.17602671329291
223.51,66.30580250459819
223.52,66.43616279513859
223.53,66.56711161350688
223.54,66.69865302371626
223.55,66.83079112557486
223.56,66.96353005506485
223.57,67.09687398472619
223.58,67.2308271240451
223.59,67.36539371984738
223.6,67.50057805669638
223.61,67.63638445729619
223.62,67.77281728289954
223.63,67.9098809337209
223.64,68.04757984935472
223.65,68.18591850919876
223.66,68.32490143288281
223.67,68.46453318070267
223.68,68.6048183540596
223.69,68.74576159590524
223.7,68.88736759119213
223.71,69.02964106732988
223.72,69.17258679464702
223.73,69.31620958685875
223.74,69.46051430154053
223.75,69.60550584060766
223.76,69.75118915080095
223.77,69.8975692241785
223.78,70.04465109861373
223.79,70.19243985829982
223.8,70.34094063426043
223.81,70.49015860486708
223.82,70.64009899636295
223.83,70.7907670833936
223.84,70.94216818954433
223.85,71.09430768788448
223.86,71.24719100151871
223.87,71.40082360414546
223.88,71.55521102062244
223.89,71.71035882753958
223.9,71.86627265379934
223.91,72.0229581812045
223.92,72.1804211450536
223.93,72.3386673347441
223.94,72.49770259438344
223.95,72.65753282340802
223.96,72.81816397721026
223.97,72.97960206777387
223.98,73.14185316431744
223.99,73.3049233939465
224.0,73.46881894231406
224.01,73.63354605428995
224.02,73.7991110346389
224.03,73.96552024870762
224.04,74.13278012312094
224.05,74.30089714648717
224.06,74.46987787011284
224.07,74.63972890872687
224.08,74.81045694121444
224.09,74.98206871136068
224.1,75.15457102860414
224.11,75.32797076880044
224.12,75.50227487499616
224.13,75.67749035821306
224.14,75.85362429824282
224.15,76.03068384445254
224.16,76.20867621660103
224.17,76.38760870566618
224.18,76.56748867468339
224.19,76.74832355959555
224.2,76.93012087011435
224.21,77.11288819059342
224.22,77.2966331809133
224.23,77.48136357737846
224.24,77.66708719362656
224.25,77.85381192155018
224.26,78.04154573223113
224.27,78.23029667688758
224.28,78.4200728878342
224.29,78.6108825794555
224.3,78.80273404919262
224.31,78.99563567854365
224.32,79.18959593407787
224.33,79.38462336846399
224.34,79.58072662151264
224.35,79.7779144212333
224.36,79.97619558490607
224.37,80.17557902016814
224.38,80.37607372611569
224.39,80.57768879442094
224.4,80.78043341046498
224.41,80.98431685448648
224.42,81.18934850274644
224.43,81.39553782870938
224.44,81.60289440424118
224.45,81.81142790082379
224.46,82.02114809078704
224.47,82.23206484855805
224.48,82.44418815192819
224.49,82.65752808333802
224.5,82.87209483118068
224.51,83.08789869112358
224.52,83.30495006744918
224.53,83.52325947441476
224.54,83.74283753763164
224.55,83.96369499546435
224.56,84.18584270044961
224.57,84.40929162073591
224.58,84.63405284154372
224.59,84.86013756664674
224.6,85.08755711987459
224.61,85.3163229466372
224.62,85.5464466154713
224.63,85.77793981960927
224.64,86.0108143785709
224.65,86.24508223977817
224.66,86.48075548019372
224.67,86.71784630798307
224.68,86.95636706420123
224.69,87.19633022450402
224.7,87.4377484008844
224.71,87.68063434343432
224.72,87.92500094213251
224.73,88.17086122865861
224.74,88.41822837823396
224.75,88.6671157114897
224.76,88.9175366963624
224.77,89.16950495001791
224.78,89.42303424080356
224.79,89.67813849022959
224.8,89.93483177497986
224.81,90.19312832895271
224.82,90.45304254533215
224.83,90.71458897869007
224.84,90.97778234711988
224.85,91.24263753440219
224.86,91.50916959220297
224.87,91.77739374230475
224.88,92.04732537887148
224.89,92.3189800707474
224.9,92.59237356379083
224.91,92.86752178324305
224.92,93.14444083613319
224.93,93.42314701371954
224.94,93.70365679396797
224.95,93.98598684406792
224.96,94.27015402298694
224.97,94.55617538406398
224.98,94.84406817764236
224.99,95.13384985374304
225.0,95.42553806477883
225.01,95.71915066831016
225.02,96.01470572984326
225.03,96.31222152567129
225.04,96.61171654575935
225.05,96.9132094966738
225.06,97.21671930455699
225.07,97.52226511814787
225.08,97.82986631184943
225.09,98.13954248884367
225.1,98.45131348425495
225.11,98.76519936836252
225.12,99.08122044986298
225.13,99.39939727918373
225.14,99.71975065184799
225.15,100.04230161189248
225.16,100.36707145533859
225.17,100.69408173371781
225.18,101.02335425765264
225.19,101.35491110049361
225.2,101.6887746020135
225.21,102.02496737215978
225.22,102.3635122948662
225.23,102.70443253192447
225.24,103.0477515269172
225.25,103.393493009213
225.26,103.74168099802493
225.27,104.09233980653326
225.28,104.44549404607366
225.29,104.80116863039206
225.3,105.15938877996713
225.31,105.5201800264017
225.32,105.88356821688413
225.33,106.24957951872096
225.34,106.61824042394208
225.35,106.98957775397948
225.36,107.363618664421
225.37,107.74039064984035
225.38,108.1199215487046
225.39,108.50223954836055
225.4,108.88737319010137
225.41,109.27535137431472
225.42,109.66620336571395
225.43,110.05995879865364
225.44,110.45664768253094
225.45,110.85630040727439
225.46,111.25894774892133
225.47,111.66462087528578
225.48,112.07335135171817
225.49,112.48517114695845
225.5,112.9001126390843
225.51,113.31820862155597
225.52,113.73949230935945
225.53,114.16399734524967
225.54,114.5917578060953
225.55,115.02280820932714
225.56,115.45718351949156
225.57,115.89491915491108
225.58,116.33605099445367
225.59,116.78061538441278
225.6,117.22864914549993
225.61,117.68018957995177
225.62,118.1352744787536
225.63,118.5939421289812
225.64,119.05623132126318
225.65,119.5221813573658
225.66,119.99183205790213
225.67,120.46522377016812
225.68,120.94239737610727
225.69,121.42339430040629
225.7,121.90825651872396
225.71,122.39702656605542
225.72,122.88974754523403
225.73,123.3864631355734
225.74,123.8872176016516
225.75,124.39205580224028
225.76,124.90102319938077
225.77,125.41416586760994
225.78,125.93153050333805
225.79,126.45316443438132
225.8,126.97911562965164
225.81,127.50943270900618
225.82,128.04416495325924
225.83,128.58336231435956
225.84,129.1270754257351
225.85,129.67535561280866
225.86,130.22825490368686
225.87,130.78582604002528
225.88,131.34812248807265
225.89,131.91519844989713
225.9,132.4871088747975
225.91,133.0639094709023
225.92,133.64565671695973
225.93,134.23240787432178
225.94,134.82422099912534
225.95,135.4211549546736
225.96,136.02326942402067
225.97,136.63062492276305
225.98,137.24328281204077
225.99,137.86130531175178
226.0,138.4847555139826
226.01,139.113697396659
226.02,139.74819583741967
226.03,140.38831662771656
226.04,141.0341264871453
226.05,141.68569307800908
226.06,142.34308502011964
226.07,143.00637190583888
226.08,143.6756243153645
226.09,144.35091383226364
226.1,145.0323130592577
226.11,145.7198956342624
226.12,146.4137362466866
226.13,147.11391065399337
226.14,147.8204956985275
226.15,148.5335693246128
226.16,149.25321059592306
226.17,149.97949971313065
226.18,150.71251803183617
226.19,151.45234808078337
226.2,152.19907358036284
226.21,152.95277946140834
226.22,153.7135518842898
226.23,154.48147825830665
226.24,155.25664726138504
226.25,156.03914886008343
226.26,156.82907432990964
226.27,157.6265162759536
226.28,158.43156865383935
226.29,159.24432679100013
226.3,160.06488740828033
226.31,160.89334864186773
226.32,161.7298100655601
226.33,162.57437271336923
226.34,163.42713910246664
226.35,164.28821325647365
226.36,165.15770072910004
226.37,166.0357086281341
226.38,166.92234563978775
226.39,167.81772205339968
226.4,168.7219497864999
226.41,169.63514241023847
226.42,170.55741517518172
226.43,171.48888503747813
226.44,172.42967068539747
226.45,173.37989256624485
226.46,174.33967291365278
226.47,175.3091357752531
226.48,176.2884070407311
226.49,177.27761447026353
226.5,178.27688772334253
226.51,179.28635838798664
226.52,180.3061600103406
226.53,181.33642812466456
226.54,182.377300283714
226.55,183.42891608951035
226.56,184.4914172245034
226.57,185.56494748312463
226.58,186.64965280373153
226.59,187.74568130094252
226.6,188.85318329836093
226.61,189.97231136168693
226.62,191.10322033221567
226.63,192.2460673607192
226.64,193.40101194170984
226.65,194.5682159480817
226.66,195.74784366612667
226.67,196.94006183092102
226.68,198.14503966207772
226.69,199.36294889985942
226.7,200.59396384164614
226.71,201.83826137875127
226.72,203.09602103357872
226.73,204.36742499711343
226.74,205.6526581667366
226.75,206.95190818435628
226.76,208.26536547484355
226.77,209.59322328476262
226.78,210.9356777213835
226.79,212.2929277919645
226.8,213.66517544329014
226.81,215.05262560145044
226.82,216.45548621184525
226.83,217.8739682793968
226.84,219.30828590895226
226.85,220.75865634585702
226.86,222.22530001667803
226.87,223.7084405700553
226.88,225.20830491765793
226.89,226.72512327522045
226.9,228.2591292036326
226.91,229.810559650055
226.92,231.3796549890312
226.93,232.96665906356472
226.94,234.57181922612853
226.95,236.19538637957157
226.96,237.8376150178861
226.97,239.49876326679689
226.98,241.17909292413154
226.99,242.87886949992887
227.0,244.59836225624045
227.01,246.33784424657748
227.02,248.09759235495326
227.03,249.8778873344689
227.04,251.67901384538712
227.05,253.5012604926365
227.06,255.34491986268608
227.07,257.2102885597263
227.08,259.0976672410907
227.09,261.00736065184856
227.1,262.9396776584963
227.11,264.89493128167123
227.12,266.8734387278092
227.13,268.87552141966285
227.14,270.90150502559464
227.15,272.9517194875541
227.16,275.02649904764587
227.17,277.12618227319064
227.18,279.251112080177
227.19,281.40163575499844
227.2,283.5781049743652
227.21,285.7808758232757
227.22,288.0103088109295
227.23,290.2667688844565
227.24,292.55062544033564
227.25,294.8622523333676
227.26,297.20202788306506
227.27,299.5703348773157
227.28,301.96756057317026
227.29,304.3940966946012
227.3,306.85033942707304
227.31,309.33668940875924
227.32,311.8535517182362
227.33,314.4013358584772
227.34,316.9804557369657
227.35,319.59132964174023
227.36,322.23438021317673
227.37,324.9100344113105
227.38,327.6187234784914
227.39,330.3608828971613
227.4,333.1369523425367
227.41,335.947375629973
227.42,338.79260065678073
227.43,341.6730793382584
227.44,344.5892675377004
227.45,347.54162499013233
227.46,350.53061521952014
227.47,353.5567054491935
227.48,356.62036650521827
227.49,359.7220727124476
227.5,362.8623017829741
227.51,366.04153469670257
227.52,369.2602555737549
227.53,372.5189515384159
227.54,375.8181125743232
227.55,379.1582313705994
227.56,382.53980315862134
227.57,385.9633255391171
227.58,389.42929829927743
227.59,392.93822321956645
227.6,396.4906038699118
227.61,400.0869453949544
227.62,403.72775428803493
227.63,407.4135381535934
227.64,411.1448054576577
227.65,414.92206526609755
227.66,418.74582697032014
227.67,422.61660000008663
227.68,426.5348935231301
227.69,430.50121613125935
227.7,434.5160755126366
227.71,438.5799781099231
227.72,442.69342876399213
227.73,446.8569303429158
227.74,451.0709833559416
227.75,455.3360855521829
227.76,459.6527315037593
227.77,464.02141217313397
227.78,468.4426144644096
227.79,472.9168207583583
227.8,477.4445084309782
227.81,482.02614935538617
227.82,486.662209386877
227.83,491.35314783099915
227.84,496.0994168945205
227.85,500.9014611191825
227.86,505.75971679816627
227.87,510.67461137522383
227.88,515.6465628264564
227.89,520.675979024754
227.9,525.7632570869457
227.91,530.9087827037421
227.92,536.1129294525949
227.93,541.3760580936332
227.94,546.6985158488803
227.95,552.0806356649985
227.96,557.522735459855
227.97,563.0251173532499
227.98,568.588066882196
227.99,574.2118522011932
228.0,579.8967232679933
228.01,585.6429110154063
228.02,591.4506265097559
228.03,597.320060096651
228.04,603.2513805348009
228.05,609.2447341186632
228.06,615.300243790776
228.07,621.4180082446907
228.08,627.5981010194885
228.09,633.8405695869282
228.1,640.14543443234
228.11,646.5126881304502
228.12,652.9422944173856
228.13,659.4341872601796
228.14,665.9882699251651
228.15,672.6044140467114
228.16,679.2824586978253
228.17,686.0222094642073
228.18,692.8234375234163
228.19,699.6858787308589
228.2,706.6092327143864
228.21,713.5931619793358
228.22,720.6372910259154
228.23,727.7412054808852
228.24,734.9044512455383
228.25,742.1265336620352
228.26,749.4069167001891
228.27,756.7450221668421
228.28,764.1402289400056
228.29,771.5918722299735
228.3,779.0992428696405
228.31,786.6615866362806
228.32,794.2781036070566
228.33,801.9479475505387
228.34,809.670225356517
228.35,817.443996506384
228.36,825.2682725863593
228.37,833.1420168458052
228.38,841.0641438028592
228.39,849.0335188995792
228.4,857.0489582087523
228.41,865.1092281944732
228.42,873.2130455285419
228.43,881.3590769646642
228.44,889.5459392723678
228.45,897.7721992324655
228.46,906.0363736958077
228.47,914.3369297069718
228.48,922.6722846944276
228.49,931.040806728609
228.5,939.4408148491987
228.51,947.870579462807
228.52,956.3283228120908
228.53,964.8122195172148
228.54,973.3203971904102
228.55,981.8509371242337
228.56,990.4018750539642
228.57,998.971201994413
228.58,1007.5568651512529
228.59,1016.1567689067933
228.6,1024.7687758799564
228.61,1033.39070806002
228.62,1042.0203480135162
228.63,1050.655440163485
228.64,1059.2936921400956
228.65,1067.9327762014605
228.66,1076.5703307232823
228.67,1085.2039617557837
228.68,1093.8312446461866
228.69,1102.4497257248267
228.7,1111.0569240528055
228.71,1119.6503332289108
228.72,1128.2274232533612
228.73,1136.7856424457664
228.74,1145.3224194145323
228.75,1153.835165074789
228.76,1162.3212747117702
228.77,1170.7781300864317
228.78,1179.2031015799726
228.79,1187.593550373791
228.8,1195.9468306613023
228.81,1204.2602918879372
228.82,1212.5312810155503
228.83,1220.7571448073845
228.84,1228.935232129665
228.85,1237.0628962658404
228.86,1245.1374972394337
228.87,1253.1564041414383
228.88,1261.1169974581599
228.89,1269.0166713954
228.9,1276.8528361948725
228.91,1284.6229204387562
228.92,1292.3243733383113
228.93,1299.9546670025218
228.94,1307.5112986827723
228.95,1314.991792989628
228.96,1322.3937040778542
228.97,1329.7146177958946
228.98,1336.9521537961175
228.99,1344.1039676022397
229.0,1351.1677526304509
229.01,1358.141242160884
229.02,1365.0222112561992
229.03,1371.8084786241948
229.04,1378.4979084215013
229.05,1385.0884119955642
229.06,1391.5779495622855
229.07,1397.9645318168555
229.08,1404.246221475478
229.09,1410.4211347458672
229.1,1416.4874427245734
229.11,1422.4433727193764
229.12,1428.287209495171
229.13,1434.017296441955
229.14,1439.6320366637185
229.15,1445.129893987222
229.16,1450.5093938898392
229.17,1455.769124345828
229.18,1460.9077365905787
229.19,1465.9239458025759
229.2,1470.8165317029889
229.21,1475.584339072987
229.22,1480.2262781890493
229.23,1484.7413251767123
229.24,1489.128522283362
229.25,1493.386978070841
229.26,1497.515867528797
229.27,1501.5144321098455
229.28,1505.3819796877715
229.29,1509.117884440121
229.3,1512.7215866566753
229.31,1516.1925924754146
229.32,1519.5304735477014
229.33,1522.734866634517
229.34,1525.8054731356892
229.35,1528.7420585541413
229.36,1531.5444518972777
229.37,1534.212545017701
229.38,1536.7462918955232
229.39,1539.1457078645976
229.4,1541.4108687850514
229.41,1543.5419101645455
229.42,1545.5390262307287
229.43,1547.4024689573846
229.44,1549.1325470467907
229.45,1550.7296248708335
229.46,1552.194121373427
229.47,1553.526508936788
229.48,1554.7273122141228
229.49,1555.7971069312607
229.5,1556.7365186597701
229.51,1557.5462215640553
229.52,1558.2269371249192
229.53,1558.7794328420403
229.54,1559.2045209177745
229.55,1559.5030569246583
229.56,1559.6759384589361
229.57,1559.7241037823958
229.58,1559.648530454734
229.59,1559.4502339586256
229.6,1559.130266319608
229.61,1558.6897147228303
229.62,1558.1297001286564
229.63,1557.4513758890396
229.64,1556.6559263665258
229.65,1555.7445655576648
229.66,1554.718535722546
229.67,1553.5791060220974
229.68,1552.3275711647182
229.69,1550.9652500637392
229.7,1549.4934845071346
229.71,1547.9136378408316
229.72,1546.2270936668951
229.73,1544.4352545577883
229.74,1542.5395407878389
229.75,1540.541389082967
229.76,1538.4422513896636
229.77,1536.2435936641318
229.78,1533.9468946824409
229.79,1531.5536448724702
229.8,1529.0653451683554
229.81,1526.4835058880856
229.82,1523.8096456348342
229.83,1521.0452902225454
229.84,1518.1919716262398
229.85,1515.2512269574406
229.86,1512.2245974650698
229.87,1509.1136275621063
229.88,1505.919863878245
229.89,1502.6448543387482
229.9,1499.2901472696287
229.91,1495.8572905292601
229.92,1492.3478306664622
229.93,1488.76331210507
229.94,1485.1052763549535
229.95,1481.3752612494127
229.96,1477.5748002088437
229.97,1473.70542153053
229.98,1469.7686477043828
229.99,1465.7659947544264
230.0,1461.6989716057903
230.01,1457.5690794769484
230.02,1453.377811296915
230.03,1449.1266511470901
230.04,1444.817073727419
230.05,1440.4505438465153
230.06,1436.0285159353748
230.07,1431.5524335842958
230.08,1427.0237291026003
230.09,1422.443823100741
230.1,1417.814124094366
230.11,1413.1360281299012
230.12,1408.4109184312
230.13,1403.640165066805
230.14,1398.8251246373566
230.15,1393.9671399826764
230.16,1389.0675399080521
230.17,1384.1276389292443
230.18,1379.1487370357318
230.19,1374.1321194717145
230.2,1369.0790565343866
230.21,1363.9908033889972
230.22,1358.8685999002128
230.23,1353.7136704793004
230.24,1348.527223946651
230.25,1343.3104534091642
230.26,1338.0645361520224
230.27,1332.7906335443815
230.28,1327.489890958517
230.29,1322.1634377019598
230.3,1316.8123869621713
230.31,1311.4378357633066
230.32,1306.0408649346234
230.33,1300.6225390901013
230.34,1295.1839066188418
230.35,1289.7259996858274
230.36,1284.2498342426263
230.37,1278.7564100476343
230.38,1273.2467106954575
230.39,1267.7217036550448
230.4,1262.1823403161857
230.41,1256.6295560440024
230.42,1251.0642702410698
230.43,1245.4873864168062
230.44,1239.8997922637848
230.45,1234.3023597406307
230.46,1228.6959451611674
230.47,1223.0813892894937
230.48,1217.4595174406759
230.49,1211.8311395867509
230.5,1206.1970504677424
230.51,1200.5580297074048
230.52,1194.9148419334117
230.53,1189.2682369017218
230.54,1183.618949624856
230.55,1177.9677005038336
230.56,1172.3151954635202
230.57,1166.6621260911481
230.58,1161.009169777781
230.59,1155.3569898624978
230.6,1149.706235779083
230.61,1144.0575432050127
230.62,1138.4115342125406
230.63,1132.768817421687
230.64,1127.1299881549478
230.65,1121.4956285935448
230.66,1115.8663079350422
230.67,1110.2425825521682
230.68,1104.6249961526805
230.69,1099.014079940125
230.7,1093.4103527753384
230.71,1087.81432133856
230.72,1082.2264802920126
230.73,1076.6473124428298
230.74,1071.077288906202
230.75,1065.5168692686277
230.76,1059.9665017511556
230.77,1054.4266233725127
230.78,1048.8976601120148
230.79,1043.3800270721638
230.8,1037.8741286408394
230.81,1032.380358652997
230.82,1026.8991005517896
230.83,1021.4307275490331
230.84,1015.9756027849437
230.85,1010.534079487073
230.86,1005.1065011283757
230.87,999.693201584348
230.88,994.294505289175
230.89,988.9107273908334
230.9,983.5421739050952
230.91,978.1891418683854
230.92,972.8519194894453
230.93,967.5307862997604
230.94,962.2260133027114
230.95,956.9378631214122
230.96,951.666590145199
230.97,946.412440674741
230.98,941.1756530657394
230.99,935.9564578711922
231.0,930.7550779821967
231.01,925.5717287672679
231.02,920.4066182101545
231.03,915.2599470461312
231.04,910.1319088967523
231.05,905.0226904030533
231.06,899.9324713571849
231.07,894.8614248324716
231.08,889.8097173118825
231.09,884.7775088149091
231.1,879.7649530228415
231.11,874.7721974024402
231.12,869.7993833279976
231.13,864.8466462017896
231.14,859.9141155729133
231.15,855.0019152545136
231.16,850.110163439398
231.17,845.2389728140424
231.18,840.388450670992
231.19,835.5586990196601
231.2,830.7498146955307
231.21,825.9618894677706
231.22,821.1950101452577
231.23,816.4492586810336
231.24,811.7247122751869
231.25,807.0214434761784
231.26,802.3395202806157
231.27,797.6790062314884
231.28,793.039960514874
231.29,788.4224380551256
231.3,783.8264896085531
231.31,779.2521618556104
231.32,774.6994974915998
231.33,770.1685353159078
231.34,765.6593103197844
231.35,761.1718537726806
231.36,756.7061933071565
231.37,752.2623530023749
231.38,747.8403534661952
231.39,743.4402119158809
231.4,739.0619422574363
231.41,734.7055551635876
231.42,730.3710581504228
231.43,726.0584556527058
231.44,721.767749097881
231.45,717.4989369787824
231.46,713.2520149250635
231.47,709.0269757733646
231.48,704.8238096362315
231.49,700.6425039698026
231.5,696.4830436402794
231.51,692.3454109891971
231.52,688.2295858975106
231.53,684.1355458485108
231.54,680.0632659895897
231.55,676.0127191928667
231.56,671.9838761146946
231.57,667.9767052540587
231.58,663.9911730098876
231.59,660.0272437372873
231.6,656.0848798027183
231.61,652.1640416381276
231.62,648.2646877940535
231.63,644.386774991717
231.64,640.530258174115
231.65,636.6950905561321
231.66,632.8812236736824
231.67,629.0886074319005
231.68,625.317190152393
231.69,621.5669186195662
231.7,617.8377381260457
231.71,614.1295925171996
231.72,610.4424242347825
231.73,606.7761743597117
231.74,603.1307826539916
231.75,599.5061876017984
231.76,595.9023264497405
231.77,592.3191352463065
231.78,588.7565488805147
231.79,585.2145011197781
231.8,581.6929246469965
231.81,578.1917510968901
231.82,574.7109110915859
231.83,571.2503342754708
231.84,567.809949349323
231.85,564.3896841037343
231.86,560.9894654518354
231.87,557.609219461336
231.88,554.2488713858921
231.89,550.9083456958114
231.9,547.5875661081085
231.91,544.2864556159219
231.92,541.0049365173035
231.93,537.7429304433908
231.94,534.5003583859752
231.95,531.2771407244735
231.96,528.0731972523167
231.97,524.8884472027646
231.98,521.7228092741568
231.99,518.57620165461
232.0,515.4485420461729
232.01,512.3397476884462
232.02,509.24973538168007
232.03,506.17842150935644
232.04,503.1257220602667
232.05,500.09155265009355
232.06,497.07582854250654
232.07,494.07846466977975
232.08,491.09937565294086
232.09,488.1384758214602
232.1,485.195679232488
232.11,482.2708996896488
232.12,479.36405076140096
232.13,476.4750457989695
232.14,473.6037979538602
232.15,470.75022019496276
232.16,467.91422532525155
232.17,465.0957259980902
232.18,462.2946347331487
232.19,459.5108639319402
232.2,456.74432589298397
232.21,453.9949328266028
232.22,451.26259686936095
232.23,448.54723009815007
232.24,445.84874454392974
232.25,443.167052205129
232.26,440.50206506071595
232.27,437.85369508294156
232.28,435.2218542497639
232.29,432.60645455695925
232.3,430.0074080299261
232.31,427.4246267351883
232.32,424.8580227916026
232.33,422.30750838127705
232.34,419.7729957602059
232.35,417.2543972686262
232.36,414.7516253411017
232.37,412.2645925163401
232.38,409.79321144674776
232.39,407.3373949077284
232.4,404.89705580673
232.41,402.472107192045
232.42,400.0624622613694
232.43,397.668034370125
232.44,395.2887370395497
232.45,392.9244839645604
232.46,390.57518902139367
232.47,388.2407662750279
232.48,385.921129986392
232.49,383.61619461936453
232.5,381.3258748475684
232.51,379.05008556096374
232.52,376.78874187224477
232.53,374.5417591230437
232.54,372.309052889946
232.55,370.0905389903207
232.56,367.8861334879698
232.57,365.6957526986006
232.58,363.5193131951239
232.59,361.35673181278315
232.6,359.2079256541163
232.61,357.0728120937554
232.62,354.95130878306645
232.63,352.8433336546333
232.64,350.7488049265885
232.65,348.6676411067948
232.66,346.5997609968801
232.67,344.54508369612915
232.68,342.50352860523515
232.69,340.47501542991387
232.7,338.45946418438376
232.71,336.45679519471435
232.72,334.4669291020464
232.73,332.4897868656861
232.74,330.5252897660763
232.75,328.57335940764733
232.76,326.63391772155
232.77,324.70688696827364
232.78,322.7921897401512
232.79,320.88974896375447
232.8,318.9994879021816
232.81,317.121330157239
232.82,315.2551996715205
232.83,313.4010207303856
232.84,311.5587179638396
232.85,309.72821634831735
232.86,307.9094412083725
232.87,306.10231821827585
232.88,304.3067734035226
232.89,302.5227331422529
232.9,300.75012416658586
232.91,298.98887356387013
232.92,297.23890877785243
232.93,295.5001576097661
232.94,293.77254821934156
232.95,292.0560091257404
232.96,290.35046920841484
232.97,288.6558577078947
232.98,286.972104226503
232.99,285.29913872900215
233.0,283.6368915431728
233.01,281.98529336032607
233.02,280.3442752357517
233.03,278.7137685891028
233.04,277.09370520471964
233.05,275.484017231893
233.06,273.88463718506944
233.07,272.2954979439992
233.08,270.7165327538287
233.09,269.14767522513876
233.1,267.5888593339298
233.11,266.0400194215555
233.12,264.5010901946063
233.13,262.972006724744
233.14,261.45270444848813
233.15,259.94311916695636
233.16,258.44318704555934
233.17,256.9528446136515
233.18,255.47202876413874
233.19,254.0006767530444
233.2,252.53872619903436
233.21,251.08611508290278
233.22,249.6427817470188
233.23,248.20866489473607
233.24,246.78370358976565
233.25,245.3678372555133
233.26,243.96100567438242
233.27,242.56314898704312
233.28,241.17420769166907
233.29,239.7941226431422
233.3,238.42283505222701
233.31,237.0602864847146
233.32,235.70641886053787
233.33,234.36117445285853
233.34,233.02449588712662
233.35,231.6963261401135
233.36,230.3766085389193
233.37,229.065286759955
233.38,227.7623048279008
233.39,226.46760711464063
233.4,225.18113833817412
233.41,223.90284356150667
233.42,222.63266819151806
233.43,221.37055797781053
233.44,220.11645901153696
233.45,218.87031772420983
233.46,217.63208088649145
233.47,216.40169560696634
233.48,215.1791093308962
233.49,213.96426983895816
233.5,212.75712524596676
233.51,211.55762399958064
233.52,210.36571487899394
233.53,209.18134699361346
233.54,208.0044697817218
233.55,206.83503300912727
233.56,205.67298676780086
233.57,204.51828147450095
233.58,203.3708678693862
233.59,202.23069701461702
233.6,201.0977202929464
233.61,199.97188940630016
233.62,198.85315637434735
233.63,197.7414735330612
233.64,196.63679353327097
233.65,195.53906933920533
233.66,194.44825422702738
233.67,193.3643017833621
233.68,192.2871659038162
233.69,191.21680079149127
233.7,190.15316095549
233.71,189.0962012094165
233.72,188.04587666987058
233.73,187.0021427549366
233.74,185.9649551826672
233.75,184.93426996956214
233.76,183.91004342904273
233.77,182.8922321699222
233.78,181.88079309487216
233.79,180.87568339888546
233.8,179.87686056773612
233.81,178.8842823764361
233.82,177.89790688768952
233.83,176.91769245034473
233.84,175.94359769784404
233.85,174.9755815466719
233.86,174.01360319480136
233.87,173.05762212013957
233.88,172.10759807897193
233.89,171.16349110440572
233.9,170.22526150481312
233.91,169.29286986227393
233.92,168.36627703101826
233.93,167.44544413586937
233.94,166.53033257068694
233.95,165.62090399681085
233.96,164.71712034150585
233.97,163.81894379640707
233.98,162.92633681596698
233.99,162.03926211590345
234.0,161.15768267164967
234.01,160.28156171680556
234.02,159.4108627415913
234.03,158.5455494913029
234.04,157.68558596476996
234.05,156.83093641281607
234.06,155.98156533672162
234.07,155.13743748668932
234.08,154.2985178603129
234.09,153.46477170104853
234.1,152.63616449668962
234.11,151.8126619778448
234.12,150.9942301164197
234.13,150.18083512410172
234.14,149.37244345084918
234.15,148.56902178338382
234.16,147.77053704368748
234.17,146.9769563875029
234.18,146.1882472028385
234.19,145.40437710847775
234.2,144.62531395249258
234.21,143.8510258107617
234.22,143.08148098549327
234.23,142.31664800375225
234.24,141.55649561599282
234.25,140.80099279459535
234.26,140.0501087324086
234.27,139.30381284129695
234.28,138.56207475069255
234.29,137.82486430615307
234.3,137.09215156792445
234.31,136.3639068095091
234.32,135.64010051623973
234.33,134.92070338385838
234.34,134.20568631710137
234.35,133.49502042828962
234.36,132.7886770359249
234.37,132.08662766329167
234.38,131.3888440370649
234.39,130.69529808592372
234.4,130.005961939171
234.41,129.32080792535882
234.42,128.6398085709203
234.43,127.96293659880715
234.44,127.29016492713349
234.45,126.62146666782594
234.46,125.95681512527982
234.47,125.2961837950216
234.48,124.63954636237774
234.49,123.98687670114973
234.5,123.33814887229555
234.51,122.69333712261762
234.52,122.05241588345699
234.53,121.41535976939412
234.54,120.78214357695613
234.55,120.15274228333051
234.56,119.52713104508537
234.57,118.9052851968963
234.58,118.28718025027973
234.59,117.67279189233298
234.6,117.06209598448082
234.61,116.45506856122873
234.62,115.85168582892281
234.63,115.25192416451635
234.64,114.65576011434301
234.65,114.0631703928968
234.66,113.47413188161865
234.67,112.88862162768983
234.68,112.30661684283191
234.69,111.72809490211361
234.7,111.15303334276425
234.71,110.58140986299402
234.72,110.013202320821
234.73,109.44838873290485
234.74,108.8869472733873
234.75,108.32885627273944
234.76,107.77409421661557
234.77,107.22263974471403
234.78,106.67447164964466
234.79,106.12956887580295
234.8,105.58791051825105
234.81,105.04947582160547
234.82,104.51424417893145
234.83,103.98219513064413
234.84,103.45330836341643
234.85,102.92756370909359
234.86,102.40494114361448
234.87,101.88542078593957
234.88,101.36898289698556
234.89,100.8556078785667
234.9,100.34527627234287
234.91,99.83796875877411
234.92,99.33366615608199
234.93,98.83234941921748
234.94,98.33399963883546
234.95,97.83859804027591
234.96,97.34612598255154
234.97,96.85656495734212
234.98,96.36989658799527
234.99,95.88610262853389
235.0,95.40516496266997
235.01,94.92706560282502
235.02,94.45178668915699
235.03,93.97931048859353
235.04,93.50961939387184
235.05,93.0426959225849
235.06,92.57852271623406
235.07,92.1170825392881
235.08,91.65835827824863
235.09,91.20233294072177
235.1,90.74898965449633
235.11,90.29831166662808
235.12,89.85028234253049
235.13,89.4048851650716
235.14,88.96210373367725
235.15,88.52192176344039
235.16,88.0843230842367
235.17,87.64929163984634
235.18,87.21681148708183
235.19,86.78686679492206
235.2,86.35944184365243
235.21,85.93452102401102
235.22,85.51208883634084
235.23,85.0921298897481
235.24,84.67462890126643
235.25,84.25957069502718
235.26,83.84694020143554
235.27,83.43672245635271
235.28,83.02890260028381
235.29,82.62346587757185
235.3,82.22039763559734
235.31,81.8196833239839
235.32,81.42130849380952
235.33,81.02525879682368
235.34,80.6315199846701
235.35,80.24007790811534
235.36,79.85091851628292
235.37,79.4640278558932
235.38,79.07939207050889
235.39,78.69699739978603
235.4,78.31683017873073
235.41,77.93887683696126
235.42,77.56312389797581
235.43,77.18955797842563
235.44,76.81816578739364
235.45,76.4489341256785
235.46,76.08184988508411
235.47,75.71690004771435
235.48,75.35407168527328
235.49,74.99335195837062
235.5,74.63472811583252
235.51,74.27818749401752
235.52,73.92371751613784
235.53,73.57130569158578
235.54,73.22093961526531
235.55,72.87260696692884
235.56,72.52629551051905
235.57,72.1819930935158
235.58,71.8396876462881
235.59,71.49936718145115
235.6,71.16101979322826
235.61,70.82463365681787
235.62,70.49019702776536
235.63,70.1576982413399
235.64,69.8271257119161
235.65,69.49846793236046
235.66,69.17171347342277
235.67,68.8468509831322
235.68,68.52386918619813
235.69,68.20275688341579
235.7,67.88350295107655
235.71,67.56609634038287
235.72,67.25052607686793
235.73,66.93678125981982
235.74,66.62485106171042
235.75,66.31472472762866
235.76,66.00639157471848
235.77,65.69984099162117
235.78,65.39506243792225
235.79,65.09204544360271
235.8,64.79077960849477
235.81,64.4912546017419
235.82,64.19346016126329
235.83,63.897386093222565
235.84,63.60302227150088
235.85,63.31035863717422
235.86,63.019385197994914
235.87,62.730092027877454
235.88,62.442469266388414
235.89,62.156507118240555
235.9,61.87219585279104
235.91,61.58952580354376
235.92,61.308487367655715
235.93,61.02907100544746
235.94,60.751267239917546
235.95,60.475066656260914
235.96,60.20045990139133
235.97,59.92743768346767
235.98,59.65599077142415
235.99,59.3861099945044
236.0,59.117786241799436
236.01,58.851010461789386
236.02,58.585773661889064
236.03,58.32206690799728
236.04,58.05988132404991
236.05,57.799208091576645
236.06,57.540038449261466
236.07,57.28236369250674
236.08,57.026175173000986
236.09,56.77146429829019
236.1,56.51822253135278
236.11,56.26644139017805
236.12,56.01611244734824
236.13,55.76722732962397
236.14,55.519777717533266
236.15,55.27375534496397
236.16,55.02915199875962
236.17,54.785959518318656
236.18,54.54416979519707
236.19,54.30377477271436
236.2,54.064766445562825
236.21,53.82713685942012
236.22,53.59087811056515
236.23,53.35598234549712
236.24,53.12244176055788
236.25,52.89024860155741
236.26,52.65939516340253
236.27,52.42987378972869
236.28,52.201676872534954
236.29,51.97479685182202
236.3,51.74922621523335
236.31,51.52495749769931
236.32,51.3019832810844
236.33,51.080296193837405
236.34,50.85988891064459
236.35,50.64075415208582
236.36,50.422884684293585
236.37,50.20627331861498
236.38,49.99091291127655
236.39,49.77679636305197
236.4,49.56391661893259
236.41,49.35226666780079
236.42,49.14183954210613
236.43,48.93262831754424
236.44,48.7246261127385
236.45,48.51782608892439
236.46,48.312221449636596
236.47,48.107805440398785
236.48,47.90457134841598
236.49,47.702512502269634
236.5,47.50162227161531
236.51,47.301894066882916
236.52,47.10332133897955
236.53,46.90589757899486
236.54,46.70961631790897
236.55,46.51447112630285
236.56,46.320455614071264
236.57,46.127563430138075
236.58,45.935788262174086
236.59,45.74512383631725
236.6,45.55556391689529
236.61,45.36710230615071
236.62,45.17973284396818
236.63,44.99344940760422
236.64,44.80824591141924
236.65,44.624116306611896
236.66,44.441054580955665
236.67,44.259054758537744
236.68,44.07811089950015
236.69,43.89821709978309
236.7,43.719367490870454
236.71,43.54155623953759
236.72,43.364777547601165
236.73,43.189025651671216
236.74,43.014294822905306
236.75,42.8405793667648
236.76,42.66787362277323
236.77,42.49617196427672
236.78,42.32546879820649
236.79,42.15575856484335
236.8,41.987035737584286
236.81,41.81929482271093
236.82,41.65253035916014
236.83,41.48673691829645
236.84,41.32190910368651
236.85,41.158041550875424
236.86,40.99512892716505
236.87,40.83316593139411
236.88,40.6721472937203
236.89,40.5120677754041
236.9,40.35292216859458
236.91,40.19470529611694
236.92,40.037412011261885
236.93,39.881037197576795
236.94,39.725575768658665
236.95,39.57102266794882
236.96,39.41737286852934
236.97,39.26462137292128
236.98,39.11276321288452
236.99,38.961793449219364
237.0,38.8117071715698
237.01,38.66249949822844
237.02,38.5141655759431
237.03,38.36670057972502
237.04,38.22009971265868
237.05,38.07435820571326
237.06,37.92947131755565
237.07,37.78543433436509
237.08,37.64224256964928
237.09,37.49989136406212
237.1,37.35837608522296
237.11,37.21769212753731
237.12,37.077834912019156
237.13,36.938799886114644
237.14,36.800582523527346
237.15,36.663178324044914
237.16,36.5265828133672
237.17,36.39079154293584
237.18,36.25580008976519
237.19,36.12160405627474
237.2,35.988199070122874
237.21,35.855580784042004
237.22,35.723744875675116
237.23,35.59268704741362
237.24,35.46240302623656
237.25,35.33288856355114
237.26,35.2041394350346
237.27,35.07615144047733
237.28,34.94892040362735
237.29,34.82244217203596
237.3,34.696712616904804
237.31,34.57172763293403
237.32,34.44748313817178
237.33,34.32397507386493
237.34,34.20119940431092
237.35,34.07915211671095
237.36,33.95782922102426
237.37,33.83722674982362
237.38,33.71734075815199
237.39,33.598167323380345
237.4,33.47970254506664
237.41,33.3619425448159
237.42,33.24488346614149
237.43,33.12852147432738
237.44,33.01285275629165
237.45,32.897873520451014
237.46,32.78357999658641
237.47,32.66996843570971
237.48,32.55703510993146
237.49,32.44477631232967
237.5,32.33318835681967
237.51,32.22226757802495
237.52,32.112010331149065
237.53,32.00241299184852
237.54,31.893471956106684
237.55,31.785183640108627
237.56,31.677544480117035
237.57,31.570550932349015
237.58,31.4641994728539
237.59,31.35848659739198
237.6,31.253408821314217
237.61,31.14896267944284
237.62,31.045144725952895
237.63,30.941951534254713
237.64,30.83937969687726
237.65,30.737425825352407
237.66,30.636086550100075
237.67,30.535358520314254
237.68,30.435238403849915
237.69,30.33572288711075
237.7,30.236808674937798
237.71,30.13849249049889
237.72,30.040771075178952
237.73,29.943641188471123
237.74,29.847099607868685
237.75,29.751143128757835
237.76,29.655768564311224
237.77,29.560972745382315
237.78,29.466752520400536
237.79,29.373104755267182
237.8,29.280026333252124
237.81,29.187514154891264
237.82,29.095565137884748
237.83,29.004176216995933
237.84,28.913344343951113
237.85,28.823066487339943
237.86,28.73333963251663
237.87,28.64416078150181
237.88,28.555526952885184
237.89,28.46743518172881
237.9,28.379882519471135
237.91,28.292866033831697
237.92,28.20638280871653
237.93,28.120429944124233
237.94,28.035004556052723
237.95,27.950103776406657
237.96,27.8657247529055
237.97,27.78186464899227
237.98,27.698520643742896
237.99,27.61568993177626
238.0,27.533369723164835
238.01,27.45155724334598
238.02,27.370249733033837
238.03,27.289444448131864
238.04,27.20913865964596
238.05,27.1293296535982
238.06,27.050014730941193
238.07,26.97119120747299
238.08,26.892856413752618
238.09,26.815007695016167
238.1,26.737642411093482
238.11,26.6607579363254
238.12,26.584351659481563
238.13,26.5084209836788
238.14,26.432963326300047
238.15,26.35797611891383
238.16,26.283456807194273
238.17,26.20940285084168
238.18,26.135811723503615
238.19,26.06268091269652
238.2,25.990007919727883
238.21,25.917790259618883
238.22,25.846025461027583
238.23,25.774711066172614
238.24,25.70384463075737
238.25,25.633423723894705
238.26,25.563445928032117
238.27,25.493908838877434
238.28,25.424810065324976
238.29,25.356147229382202
238.3,25.28791796609683
238.31,25.22011992348445
238.32,25.152750762456566
238.33,25.085808156749145
238.34,25.019289792851595
238.35,24.953193369936216
238.36,24.887516599788086
238.37,24.822257206735422
238.38,24.757412927580347
238.39,24.692981511530128
238.4,24.628960720128838
238.41,24.565348327189437
238.42,24.502142118726304
238.43,24.439339892888178
238.44,24.376939459891517
238.45,24.31493864195428
238.46,24.253335273230125
238.47,24.192127199743
238.48,24.131312279322152
238.49,24.070888381537547
238.5,24.010853387635656
238.51,23.951205190475676
238.52,23.891941694466105
238.53,23.83306081550173
238.54,23.77456048090099
238.55,23.716438629343724
238.56,23.65869321080929
238.57,23.60132218651506
238.58,23.544323528855294
238.59,23.48769522134038
238.6,23.431435258536432
238.61,23.37554164600525
238.62,23.32001240024465
238.63,23.264845548629147
238.64,23.21003912935097
238.65,23.15559119136147
238.66,23.101499794312822
238.67,23.04776300850012
238.68,22.994378914803775
238.69,22.941345604632282
238.7,22.8886611798653
238.71,22.83632375279707
238.72,22.78433144608019
238.73,22.732682392669666
238.74,22.68137473576733
238.75,22.630406628766575
238.76,22.579776235197382
238.77,22.5294817286717
238.78,22.479521292829126
238.79,22.42989312128288
238.8,22.38059541756612
238.81,22.331626395078544
238.82,22.282984277033307
238.83,22.234667296404226
238.84,22.186673695873303
238.85,22.139001727778542
238.86,22.091649654062046
238.87,22.044615746218426
238.88,21.997898285243497
238.89,21.951495561583247
238.9,21.90540587508311
238.91,21.859627534937534
238.92,21.814158859639786
238.93,21.768998176932094
238.94,21.72414382375602
238.95,21.67959414620314
238.96,21.635347499465983
238.97,21.591402247789244
238.98,21.547756764421273
238.99,21.50440943156582
239.0,21.461358640334055
239.01,21.41860279069686
239.02,21.37614029143736
239.03,21.333969560103732
239.04,21.292089022962276
239.05,21.25049711495072
239.06,21.209192279631804
239.07,21.16817296914711
239.08,21.127437644171135
239.09,21.086984773865613
239.1,21.046812835834103
239.11,21.006920316076805
239.12,20.967305708945624
239.13,20.92796751709948
239.14,20.888904251459852
239.15,20.850114431166578
239.16,20.811596583533873
239.17,20.773349244006592
239.18,20.735370956116725
239.19,20.697660271440128
239.2,20.660215749553487
239.21,20.623035957991505
239.22,20.58611947220432
239.23,20.549464875515156
239.24,20.513070759078186
239.25,20.47693572183663
239.26,20.441058370481073
239.27,20.40543731940801
239.28,20.370071190678583
239.29,20.334958613977584
239.3,20.300098226572626
239.31,20.265488673273552
239.32,20.231128606392073
239.33,20.197016685701584
239.34,20.163151578397223
239.35,20.129531959056113
239.36,20.096156509597837
239.37,20.063023919245104
239.38,20.030132884484633
239.39,19.997482109028226
239.4,19.965070303774063
239.41,19.932896186768183
239.42,19.900958483166175
239.43,19.869255925195073
239.44,19.837787252115437
239.45,19.80655121018364
239.46,19.77554655261435
239.47,19.744772039543218
239.48,19.71422643798973
239.49,19.68390852182028
239.5,19.653817071711426
239.51,19.62395087511334
239.52,19.594308726213434
239.53,19.564889425900194
239.54,19.535691781727184
239.55,19.50671460787725
239.56,19.477956725126894
239.57,19.449416960810858
239.58,19.42109414878685
239.59,19.392987129400495
239.6,19.365094749450442
239.61,19.337415862153655
239.62,19.309949327110893
239.63,19.282694010272348
239.64,19.25564878390348
239.65,19.228812526551028
239.66,19.202184123009165
239.67,19.17576246428587
239.68,19.149546447569453
239.69,19.12353497619524
239.7,19.097726959612455
239.71,19.072121313351246
239.72,19.04671695898991
239.73,19.021512824122254
239.74,18.99650784232515
239.75,18.971700953126245
239.76,18.94709110197183
239.77,18.922677240194893
239.78,18.898458324983324
239.79,18.87443331934827
239.8,18.85060119209269
239.81,18.826960917780024
239.82,18.80351147670307
239.83,18.78025185485297
239.84,18.757181043888412
239.85,18.734298041104942
239.86,18.711601849404456
239.87,18.689091477264842
239.88,18.666765938709787
239.89,18.644624253278725
239.9,18.62266544599695
239.91,18.60088854734588
239.92,18.579292593233458
239.93,18.55787662496474
239.94,18.5366396892126
239.95,18.515580837988594
239.96,18.494699128613988
239.97,18.473993623690916
239.98,18.4534633910737
239.99,18.433107503840304
240.0,18.412925040263946
240.01,18.392915083784853
240.02,18.373076722982155
240.03,18.353409051545928
240.04,18.333911168249386
240.05,18.314582176921203
240.06,18.295421186417986
240.07,18.27642731059689
240.08,18.257599668288375
240.09,18.23893738326909
240.1,18.22043958423491
240.11,18.202105404774112
240.12,18.183933983340683
240.13,18.16592446322776
240.14,18.148075992541226
240.15,18.13038772417342
240.16,18.112858815777
240.17,18.09548842973892
240.18,18.078275733154573
240.19,18.06121989780203
240.2,18.044320100116437
240.21,18.027575521164547
240.22,18.01098534661936
240.23,17.99454876673492
240.24,17.97826497632121
240.25,17.96213317471922
240.26,17.946152565776107
240.27,17.930322357820497
240.28,17.914641763637924
240.29,17.899110000446377
240.3,17.88372628987199
240.31,17.868489857924843
240.32,17.853399934974902
240.33,17.83845575572808
240.34,17.823656559202423
240.35,17.809001588704408
240.36,17.79449009180538
240.37,17.7801213203181
240.38,17.765894530273425
240.39,17.751808981897096
240.4,17.737863939586664
240.41,17.724058671888518
240.42,17.710392451475045
240.43,17.696864555121902
240.44,17.68347426368541
240.45,17.670220862080072
240.46,17.657103639256185
240.47,17.644121888177605
240.48,17.63127490579959
240.49,17.61856199304679
240.5,17.605982454791334
240.51,17.59353559983104
240.52,17.581220740867728
240.53,17.56903719448566
240.54,17.556984281130084
240.55,17.5450613250859
240.56,17.53326765445642
240.57,17.521602601142263
240.58,17.510065500820335
240.59,17.49865569292295
240.6,17.487372520617022
240.61,17.47621533078341
240.62,17.46518347399634
240.63,17.454276304502937
240.64,17.443493180202882
240.65,17.432833462628167
240.66,17.422296516922955
240.67,17.411881711823543
240.68,17.401588419638447
240.69,17.39141601622857
240.7,17.381363880987486
240.71,17.37143139682184
240.72,17.361617950131826
240.73,17.351922930791787
240.74,17.342345732130912
240.75,17.33288575091404
240.76,17.323542387322558
240.77,17.314315044935398
240.78,17.305203130710158
240.79,17.296206054964287
240.8,17.287323231356403
240.81,17.278554076867692
240.82,17.26989801178341
240.83,17.261354459674486
240.84,17.25292284737922
240.85,17.244602604985083
240.86,17.2363931658106
240.87,17.228293966387362
240.88,17.22030444644209
240.89,17.21242404887883
240.9,17.204652219761233
240.91,17.196988408294917
240.92,17.189432066809943
240.93,17.18198265074337
240.94,17.174639618621924
240.95,17.16740243204472
240.96,17.16027055566613
240.97,17.153243457178693
240.98,17.14632060729615
240.99,17.139501479736563
241.0,17.132785551205508
241.01,17.126172301379388
241.02,17.119661212888808
241.03,17.113251771302053
241.04,17.10694346510866
241.05,17.100735785703066
241.06,17.094628227368343
241.07,17.08862028726005
241.08,17.08271146539013
241.09,17.076901264610925
241.1,17.07118919059926
241.11,17.065574751840632
241.12,17.060057459613464
241.13,17.054636827973454
241.14,17.049312373738008
241.15,17.04408361647077
241.16,17.038950078466204
241.17,17.033911284734298
241.18,17.028966762985323
241.19,17.02411604361469
241.2,17.01935865968788
241.21,17.01469414692547
241.22,17.010122043688217
241.23,17.00564189096225
241.24,17.001253232344325
241.25,16.996955614027172
241.26,16.992748584784906
241.27,16.98863169595854
241.28,16.984604501441552
241.29,16.980666557665565
241.3,16.976817423586063
241.31,16.97305666066822
241.32,16.96938383287279
241.33,16.965798506642077
241.34,16.96230025088599
241.35,16.958888636968155
241.36,16.95556323869214
241.37,16.952323632287705
241.38,16.949169396397174
241.39,16.946100112061853
241.4,16.943115362708543
241.41,16.940214734136106
241.42,16.93739781450212
241.43,16.93466419430961
241.44,16.932013466393848
241.45,16.929445225909202
241.46,16.926959070316112
241.47,16.924554599368086
241.48,16.922231415098793
241.49,16.919989121809223
241.5,16.91782732605492
241.51,16.91574563663328
241.52,16.913743664570923
241.53,16.91182102311114
241.54,16.909977327701405
241.55,16.908212195980944
241.56,16.906525247768407
241.57,16.90491610504957
241.58,16.903384391965126
241.59,16.90192973479855
241.6,16.90055176196401
241.61,16.899250103994365
241.62,16.89802439352922
241.63,16.89687426530305
241.64,16.8957993561334
241.65,16.894799304909117
241.66,16.89387375257871
241.67,16.8930223421387
241.68,16.8922447186221
241.69,16.891540529086914
241.7,16.890909422604736
241.71,16.89035105024938
241.72,16.889865065085594
241.73,16.889451122157844
241.74,16.889108878479135
241.75,16.888837993019916
241.76,16.88863812669704
241.77,16.888508942362787
241.78,16.88845010479395
241.79,16.888461280680986
241.8,16.888542138617208
241.81,16.888692349088068
241.82,16.888911584460484
241.83,16.88919951897222
241.84,16.889555828721345
241.85,16.889980191655738
241.86,16.890472287562652
241.87,16.891031798058343
241.88,16.891658406577758
241.89,16.892351798364274
241.9,16.893111660459507
241.91,16.89393768169316
241.92,16.894829552672952
241.93,16.895786965774583
241.94,16.89680961513177
241.95,16.897897196626328
241.96,16.89904940787833
241.97,16.900265948236285
241.98,16.901546518767404
241.99,16.90289082224792
242.0,16.90429856315343
242.01,16.90576944764934
242.02,16.907303183581334
242.03,16.908899480465887
242.04,16.910558049480873
242.05,16.91227860345618
242.06,16.914060856864417
242.07,16.91590452581165
242.08,16.917809328028206
242.09,16.9197749828595
242.1,16.92180121125697
242.11,16.923887735768997
242.12,16.926034280531937
242.13,16.928240571261156
242.14,16.930506335242157
242.15,16.93283130132172
242.16,16.935215199899122
242.17,16.9376577629174
242.18,16.940158723854648
242.19,16.942717817715387
242.2,16.94533478102197
242.21,16.94800935180604
242.22,16.950741269600037
242.23,16.95353027542876
242.24,16.956376111800967
242.25,16.95927852270102
242.26,16.962237253580604
242.27,16.965252051350458
242.28,16.968322664372185
242.29,16.971448842450087
242.3,16.97463033682306
242.31,16.977866900156528
242.32,16.981158286534423
242.33,16.984504251451227
242.34,16.987904551804036
242.35,16.991358945884684
242.36,16.99486719337192
242.37,16.998429055323612
242.38,17.002044294168996
242.39,17.005712673700998
242.4,17.00943395906856
242.41,17.013207916769048
242.42,17.01703431464068
242.43,17.020912921855
242.44,17.02484350890941
242.45,17.028825847619725
242.46,17.032859711112792
242.47,17.036944873819138
242.48,17.041081111465658
242.49,17.045268201068357
242.5,17.049505920925135
242.51,17.053794050608598
242.52,17.058132370958923
242.53,17.06252066407676
242.54,17.06695871331619
242.55,17.07144630327769
242.56,17.075983219801177
242.57,17.08056924995907
242.58,17.085204182049395
242.59,17.08988780558894
242.6,17.094619911306435
242.61,17.099400291135787
242.62,17.10422873820934
242.63,17.109105046851187
242.64,17.114029012570512
242.65,17.119000432054982
242.66,17.124019103164155
242.67,17.12908482492296
242.68,17.134197397515177
242.69,17.139356622276992
242.7,17.144562301690566
242.71,17.14981423937764
242.72,17.155112240093196
242.73,17.16045610971914
242.74,17.16584565525802
242.75,17.171280684826808
242.76,17.176761007650672
242.77,17.182286434056827
242.78,17.187856775468397
242.79,17.193471844398328
242.8,17.199131454443318
242.81,17.204835420277806
242.82,17.210583557647986
242.83,17.21637568336584
242.84,17.222211615303234
242.85,17.228091172386033
242.86,17.234014174588253
242.87,17.239980442926246
242.88,17.245989799452918
242.89,17.25204206725199
242.9,17.25813707043228
242.91,17.264274634122035
242.92,17.270454584463273
242.93,17.276676748606185
242.94,17.282940954703545
242.95,17.28924703190517
242.96,17.295594810352412
242.97,17.301984121172673
242.98,17.308414796473954
242.99,17.314886669339447
243.0,17.321399573822145
243.01,17.32795334493949
243.02,17.334547818668064
243.03,17.341182831938283
243.04,17.34785822262915
243.05,17.354573829563023
243.06,17.36132949250043
243.07,17.368125052134893
243.08,17.37496035008779
243.09,17.381835228903267
243.1,17.388749532043153
243.11,17.395703103881917
243.12,17.402695789701657
243.13,17.40972743568711
243.14,17.41679788892071
243.15,17.423906997377646
243.16,17.431054609920984
243.17,17.43824057629678
243.18,17.44546474712926
243.19,17.452726973916
243.2,17.460027109023144
243.21,17.467365005680662
243.22,17.47474051797762
243.23,17.48215350085747
243.24,17.489603810113415
243.25,17.49709130238373
243.26,17.504615835147177
243.27,17.51217726671841
243.28,17.51977545624341
243.29,17.527410263694964
243.3,17.53508154986816
243.31,17.5427891763759
243.32,17.550533005644464
243.33,17.558312900909073
243.34,17.5661287262095
243.35,17.57398034638569
243.36,17.58186762707342
243.37,17.589790434699992
243.38,17.597748636479906
243.39,17.605742100410627
243.4,17.61377069526832
243.41,17.621834290603644
243.42,17.629932756737553
243.43,17.638065964757132
243.44,17.64623378651146
243.45,17.65443609460748
243.46,17.66267276240592
243.47,17.67094366401721
243.48,17.679248674297455
243.49,17.687587668844404
243.5,17.69596052399346
243.51,17.704367116813696
243.52,17.712807325103924
243.53,17.72128102738876
243.54,17.729788102914725
243.55,17.738328431646377
243.56,17.74690189426244
243.57,17.755508372151983
243.58,17.764147747410615
243.59,17.77281990283669
243.6,17.781524721927557
243.61,17.790262088875807
243.62,17.799031888565565
243.63,17.807834006568797
243.64,17.81666832914162
243.65,17.825534743220675
243.66,17.834433136419484
243.67,17.84336339702484
243.68,17.85232541399324
243.69,17.86131907694729
243.7,17.8703442761722
243.71,17.879400902612243
243.72,17.888488847867247
243.73,17.897608004189138
243.74,17.906758264478466
243.75,17.915939522280972
243.76,17.92515167178418
243.77,17.934394607813996
243.78,17.943668225831324
243.79,17.95297242192873
243.8,17.962307092827096
243.81,17.971672135872307
243.82,17.981067449031958
243.83,17.99049293089208
243.84,17.999948480653888
243.85,18.009433998130543
243.86,18.01894938374394
243.87,18.02849453852151
243.88,18.038069364093044
243.89,18.047673762687538
243.9,18.057307637130055
243.91,18.066970890838608
243.92,18.07666342782105
243.93,18.086385152672005
243.94,18.0961359705698
243.95,18.105915787273425
243.96,18.115724509119502
243.97,18.125562043019283
243.98,18.13542829645566
243.99,18.145323177480194
244.0,18.15524659471016
244.01,18.165198457325623
244.02,18.175178675066505
244.03,18.1851871582297
244.04,18.195223817666182
244.05,18.20528856477816
244.06,18.215381311516207
244.07,18.22550197037645
244.08,18.235650454397746
244.09,18.2458266771589
244.1,18.256030552775876
244.11,18.266261995899047
244.12,18.27652092171044
244.13,18.28680724592102
244.14,18.297120884767974
244.15,18.30746175501202
244.16,18.31782977393473
244.17,18.328224859335858
244.18,18.33864692953072
244.19,18.349095903347546
244.2,18.359571700124874
244.21,18.370074239708952
244.22,18.380603442451157
244.23,18.391159229205442
244.24,18.40174152132577
244.25,18.4123502406636
244.26,18.42298530956534
244.27,18.43364665086989
244.28,18.444334187906108
244.29,18.455047844490377
244.3,18.46578754492412
244.31,18.47655321399138
244.32,18.487344776956384
244.33,18.498162159561133
244.34,18.50900528802301
244.35,18.51987408903239
244.36,18.530768489750283
244.37,18.541688417805982
244.38,18.552633801294718
244.39,18.56360456877534
244.4,18.574600649268007
244.41,18.585621972251896
244.42,18.596668467662923
244.43,18.607740065891466
244.44,18.618836697780125
244.45,18.629958294621478
244.46,18.641104788155857
244.47,18.652276110569147
244.48,18.66347219449057
244.49,18.674692972990524
244.5,18.685938379578392
244.51,18.69720834820041
244.52,18.708502813237494
244.53,18.719821709503147
244.54,18.73116497224131
244.55,18.74253253712428
244.56,18.75392434025061
244.57,18.76534031814304
244.58,18.776780407746426
244.59,18.78824454642569
244.6,18.799732671963795
244.61,18.811244722559696
244.62,18.822780636826348
244.63,18.834340353788697
244.64,18.845923812881693
244.65,18.857530953948316
244.66,18.869161717237613
244.67,18.880816043402753
244.68,18.892493873499074
244.69,18.904195148982176
244.7,18.915919811705994
244.71,18.927667803920905
244.72,18.939439068271824
244.73,18.951233547796345
244.74,18.96305118592286
244.75,18.974891926468718
244.76,18.986755713638363
244.77,18.99864249202152
244.78,19.010552206591377
244.79,19.02248480270276
244.8,19.03444022609035
244.81,19.0464184228669
244.82,19.058419339521453
244.83,19.070442922917582
244.84,19.082489120291637
244.85,19.09455787925101
244.86,19.106649147772405
244.87,19.118762874200115
244.88,19.130899007244317
244.89,19.143057495979377
244.9,19.155238289842163
244.91,19.167441338630375
244.92,19.179666592500872
244.93,19.19191400196803
244.94,19.204183517902084
244.95,19.21647509152751
244.96,19.228788674421395
244.97,19.241124218511832
244.98,19.25348167607631
244.99,19.265860999740127
245.0,19.27826214247482
245.01,19.290685057596573
245.02,19.30312969876468
245.03,19.31559601997997
245.04,19.328083975583297
245.05,19.34059352025398
245.06,19.353124609008294
245.07,19.36567719719797
245.08,19.378251240508686
245.09,19.39084669495856
245.1,19.4034635168967
245.11,19.416101663001708
245.12,19.428761090280226
245.13,19.441441756065483
245.14,19.454143618015852
245.15,19.46686663411342
245.16,19.479610762662553
245.17,19.492375962288488
245.18,19.505162191935934
245.19,19.51796941086766
245.2,19.53079757866312
245.21,19.543646655217064
245.22,19.55651660073818
245.23,19.56940737574773
245.24,19.582318941078192
245.25,19.595251257871926
245.26,19.608204287579834
245.27,19.62117799196004
245.28,19.63417233307657
245.29,19.647187273298055
245.3,19.660222775296415
245.31,19.67327880204558
245.32,19.68635531682021
245.33,19.699452283194425
245.34,19.71256966504052
245.35,19.725707426527734
245.36,19.73886553212099
245.37,19.75204394657966
245.38,19.765242634956333
245.39,19.778461562595584
245.4,19.79170069513278
245.41,19.804959998492848
245.42,19.818239438889098
245.43,19.831538982822025
245.44,19.844858597078126
245.45,19.858198248728723
245.46,19.87155790512881
245.47,19.884937533915878
245.48,19.898337103008778
245.49,19.91175658060657
245.5,19.9251959351874
245.51,19.938655135507354
245.52,19.952134150599353
245.53,19.965632949772047
245.54,19.979151502608694
245.55,19.992689778966078
245.56,20.00624774897341
245.57,20.01982538303126
245.58,20.033422651810465
245.59,20.04703952625108
245.6,20.06067597756131
245.61,20.074331977216463
245.62,20.0880074969579
245.63,20.101702508792002
245.64,20.115416984989142
245.65,20.12915089808266
245.66,20.142904220867848
245.67,20.15667692640094
245.68,20.170468987998113
245.69,20.184280379234497
245.7,20.198111073943178
245.71,20.211961046214228
245.72,20.225830270393725
245.73,20.239718721082795
245.74,20.25362637313664
245.75,20.2675532016636
245.76,20.281499182024195
245.77,20.295464289830193
245.78,20.309448500943677
245.79,20.32345179147612
245.8,20.337474137787463
245.81,20.351515516485204
245.82,20.365575904423498
245.83,20.37965527870225
245.84,20.393753616666228
245.85,20.407870895904175
245.86,20.422007094247927
245.87,20.43616218977155
245.88,20.450336160790464
245.89,20.46452898586058
245.9,20.478740643777453
245.91,20.492971113575436
245.92,20.507220374526838
245.93,20.52148840614108
245.94,20.535775188163882
245.95,20.55008070057642
245.96,20.564404923594527
245.97,20.578747837667876
245.98,20.59310942347918
245.99,20.607489661943386
246.0,20.62188853420689
246.01,20.636306021646742
246.02,20.65074210586988
246.03,20.66519676871235
246.04,20.67966999223852
246.05,20.69416175874035
246.06,20.708672050736617
246.07,20.723200850972155
246.08,20.737748142417136
246.09,20.75231390826631
246.1,20.766898131938277
246.11,20.781500797074763
246.12,20.796121887539897
246.13,20.810761387419497
246.14,20.82541928102035
246.15,20.840095552869517
246.16,20.854790187713633
246.17,20.869503170518207
246.18,20.88423448646694
246.19,20.898984120961043
246.2,20.913752059618552
246.21,20.928538288273664
246.22,20.943342792976072
246.23,20.95816555999029
246.24,20.973006575795022
246.25,20.98786582708249
246.26,21.0027433007578
246.27,21.017638983938294
246.28,21.032552863952933
246.29,21.047484928341653
246.3,21.062435164854744
246.31,21.077403561452236
246.32,21.092390106303284
246.33,21.107394787785562
246.34,21.122417594484652
246.35,21.137458515193458
246.36,21.152517538911606
246.37,21.16759465484486
246.38,21.182689852404533
246.39,21.197803121206924
246.4,21.212934451072734
246.41,21.2280838320265
246.42,21.243251254296034
246.43,21.258436708311873
246.44,21.27364018470671
246.45,21.288861674314866
246.46,21.30410116817173
246.47,21.319358657513234
246.48,21.334634133775314
246.49,21.349927588593385
246.5,21.36523901380182
246.51,21.38056840143342
246.52,21.395915743718913
246.53,21.411281033086446
246.54,21.42666426216107
246.55,21.442065423764245
246.56,21.45748451091335
246.57,21.47292151682119
246.58,21.488376434895518
246.59,21.50384925873853
246.6,21.51933998214642
246.61,21.53484859910889
246.62,21.55037510380869
246.63,21.56591949062115
246.64,21.581481754113735
246.65,21.597061889045566
246.66,21.612659890367002
246.67,21.628275753219178
246.68,21.643909472933572
246.69,21.659561045031563
246.7,21.675230465224
246.71,21.690917729410792
246.72,21.706622833680466
246.73,21.722345774309762
246.74,21.73808654776321
246.75,21.75384515069273
246.76,21.769621579937226
246.77,21.78541583252218
246.78,21.801227905659264
246.79,21.817057796745946
246.8,21.832905503365097
246.81,21.84877102328462
246.82,21.864654354457056
246.83,21.880555495019223
246.84,21.89647444329184
246.85,21.912411197779164
246.86,21.92836575716862
246.87,21.944338120330457
246.88,21.96032828631738
246.89,21.976336254364213
246.9,21.992362023887544
246.91,22.008405594485392
246.92,22.024466965936863
246.93,22.040546138201826
246.94,22.056643111420577
246.95,22.072757885913518
246.96,22.088890462180828
246.97,22.10504084090216
246.98,22.12120902293632
246.99,22.13739500932096
247.0,22.153598801272278
247.01,22.169820400184705
247.02,22.186059807630624
247.03,22.202317025360067
247.04,22.21859205530043
247.05,22.23488489955619
247.06,22.251195560408615
247.07,22.267524040315504
247.08,22.283870341910898
247.09,22.30023446800482
247.1,22.316616421583007
247.11,22.333016205806647
247.12,22.34943382401213
247.13,22.365869279710783
247.14,22.382322576588624
247.15,22.39879371850612
247.16,22.415282709497944
247.17,22.43178955377273
247.18,22.44831425571285
247.19,22.464856819874175
247.2,22.481417250985846
247.21,22.497995553950062
247.22,22.514591733841847
247.23,22.531205795908846
247.24,22.547837745571105
247.25,22.564487588420867
247.26,22.58115533022237
247.27,22.597840976911634
247.28,22.614544534596284
247.29,22.631266009555336
247.3,22.64800540823902
247.31,22.66476273726859
247.32,22.681538003436142
247.33,22.69833121370444
247.34,22.715142375206728
247.35,22.73197149524658
247.36,22.748818581297705
247.37,22.765683641003804
247.38,22.782566682178402
247.39,22.799467712804695
247.4,22.816386741035387
247.41,22.83332377519255
247.42,22.850278823767475
247.43,22.867251895420527
247.44,22.884242998981005
247.45,22.901252143447017
247.46,22.918279337985332
247.47,22.935324591931266
247.48,22.952387914788545
247.49,22.969469316229198
247.5,22.98656880609342
247.51,23.003686394389476
247.52,23.020822091293585
247.53,23.037975907149804
247.54,23.05514785246993
247.55,23.072337937933405
247.56,23.089546174387216
247.57,23.106772572845795
247.58,23.12401714449094
247.59,23.141279900671716
247.6,23.158560852904383
247.61,23.175860012872317
247.62,23.193177392425923
247.63,23.21051300358257
247.64,23.227866858526525
247.65,23.24523896960888
247.66,23.262629349347495
247.67,23.280038010426935
247.68,23.29746496569842
247.69,23.314910228179766
247.7,23.332373811055344
247.71,23.34985572767603
247.72,23.36735599155916
247.73,23.384874616388508
247.74,23.402411616014223
247.75,23.419967004452825
247.76,23.437540795887163
247.77,23.455133004666386
247.78,23.47274364530594
247.79,23.49037273248753
247.8,23.50802028105911
247.81,23.525686306034885
247.82,23.54337082259529
247.83,23.56107384608698
247.84,23.57879539202285
247.85,23.59653547608202
247.86,23.614294114109843
247.87,23.632071322117913
247.88,23.649867116284085
247.89,23.667681512952488
247.9,23.68551452863354
247.91,23.703366180003968
247.92,23.72123648390684
247.93,23.73912545735159
247.94,23.75703311751406
247.95,23.774959481736513
247.96,23.792904567527696
247.97,23.810868392562874
247.98,23.828850974683867
247.99,23.846852331899115
248.0,23.86487248238371
248.01,23.882911444479475
248.02,23.900969236695
248.03,23.919045877705727
248.04,23.937141386353993
248.05,23.955255781649115
248.06,23.973389082767454
248.07,23.991541309052497
248.08,24.00971248001493
248.09,24.02790261533272
248.1,24.046111734851213
248.11,24.0643398585832
248.12,24.082587006709026
248.13,24.100853199576687
248.14,24.11913845770192
248.15,24.1374428017683
248.16,24.15576625262737
248.17,24.17410883129872
248.18,24.19247055897012
248.19,24.21085145699762
248.2,24.22925154690569
248.21,24.247670850387316
248.22,24.26610938930414
248.23,24.284567185686598
248.24,24.303044261734026
248.25,24.32154063981482
248.26,24.34005634246656
248.27,24.358591392396164
248.28,24.377145812480016
248.29,24.395719625764137
248.3,24.414312855464313
248.31,24.432925524966276
248.32,24.451557657825834
248.33,24.47020927776906
248.34,24.48888040869245
248.35,24.50757107466307
248.36,24.52628129991876
248.37,24.545011108868295
248.38,24.563760526091553
248.39,24.58252957633972
248.4,24.601318284535463
248.41,24.620126675773115
248.42,24.638954775318872
248.43,24.657802608610993
248.44,24.676670201259995
248.45,24.695557579048852
248.46,24.714464767933205
248.47,24.733391794041573
248.48,24.75233868367556
248.49,24.77130546331008
248.5,24.790292159593566
248.51,24.809298799348195
248.52,24.82832540957012
248.53,24.8473720174297
248.54,24.86643865027172
248.55,24.885525335615647
248.56,24.904632101155855
248.57,24.92375897476187
248.58,24.942905984478625
248.59,24.962073158526703
248.6,24.98126052530259
248.61,25.000468113378943
248.62,25.019695951504836
248.63,25.03894406860603
248.64,25.05821249378524
248.65,25.077501256322417
248.66,25.096810385675003
248.67,25.11613991147822
248.68,25.135489863545352
248.69,25.154860271868024
248.7,25.1742511666165
248.71,25.193662578139964
248.72,25.213094536966825
248.73,25.23254707380501
248.74,25.252020219542267
248.75,25.271514005246473
248.76,25.291028462165947
248.77,25.310563621729752
248.78,25.330119515548024
248.79,25.349696175412287
248.8,25.369293633295776
248.81,25.388911921353763
248.82,25.408551071923895
248.83,25.428211117526523
248.84,25.447892090865036
248.85,25.46759402482622
248.86,25.48731695248058
248.87,25.50706090708271
248.88,25.52682592207163
248.89,25.546612031071152
248.9,25.56641926789024
248.91,25.586247666523366
248.92,25.606097261150886
248.93,25.625968086139405
248.94,25.645860176042156
248.95,25.665773565599373
248.96,25.685708289738685
248.97,25.705664383575485
248.98,25.72564188241333
248.99,25.74564082174434
249.0,25.76566123724958
249.01,25.78570316479947
249.02,25.805766640454195
249.03,25.825851700464096
249.04,25.8459583812701
249.05,25.866086719504132
249.06,25.886236751989525
249.07,25.906408515741454
249.08,25.92660204796736
249.09,25.946817386067384
249.1,25.967054567634793
249.11,25.987313630456434
249.12,26.00759461251316
249.13,26.027897551980292
249.14,26.048222487228063
249.15,26.068569456822072
249.16,26.08893849952374
249.17,26.10932965429078
249.18,26.129742960277653
249.19,26.15017845683606
249.2,26.17063618351538
249.21,26.19111618006319
249.22,26.211618486425714
249.23,26.232143142748328
249.24,26.25269018937604
249.25,26.273259666853992
249.26,26.29385161592796
249.27,26.314466077544846
249.28,26.335103092853196
249.29,26.355762703203702
249.3,26.376444950149722
249.31,26.397149875447795
249.32,26.417877521058173
249.33,26.438627929145337
249.34,26.459401142078537
249.35,26.480197202432322
249.36,26.50101615298708
249.37,26.521858036729586
249.38,26.54272289685355
249.39,26.563610776760164
249.4,26.584521720058664
249.41,26.60545577056689
249.42,26.626412972311854
249.43,26.6473933695303
249.44,26.668397006669284
249.45,26.68942392838676
249.46,26.710474179552147
249.47,26.731547805246926
249.48,26.752644850765236
249.49,26.773765361614455
249.5,26.794909383515808
249.51,26.81607696240498
249.52,26.837268144432713
249.53,26.858482975965416
249.54,26.879721503585802
249.55,26.900983774093493
249.56,26.922269834505656
249.57,26.943579732057625
249.58,26.964913514203552
249.59,26.986271228617035
249.6,27.007652923191767
249.61,27.02905864604219
249.62,27.050488445504147
249.63,27.071942370135535
249.64,27.093420468716978
249.65,27.11492279025249
249.66,27.136449383970152
249.67,27.15800029932279
249.68,27.179575585988655
249.69,27.201175293872108
249.7,27.222799473104317
249.71,27.244448174043956
249.72,27.2661214472779
249.73,27.28781934362194
249.74,27.309541914121485
249.75,27.33128921005229
249.76,27.35306128292117
249.77,27.374858184466724
249.78,27.396679966660074
249.79,27.418526681705597
249.8,27.440398382041668
249.81,27.462295120341402
249.82,27.484216949513414
249.83,27.506163922702566
249.84,27.528136093290733
249.85,27.550133514897578
249.86,27.572156241381304
249.87,27.594204326839453
249.88,27.616277825609668
249.89,27.6383767922705
249.9,27.660501281642187
249.91,27.682651348787456
249.92,27.704827049012327
249.93,27.727028437866917
249.94,27.749255571146264
249.95,27.771508504891134
249.96,27.793787295388857
249.97,27.816091999174144
249.98,27.83842267302994
249.99,27.860779373988244
250.0,27.883162159330976
250.01,27.90557108659081
250.02,27.92800621355205
250.03,27.95046759825147
250.04,27.972955298979215
250.05,27.99546937427964
250.06,28.018009882952214
250.07,28.040576884052392
250.08,28.06317043689252
250.09,28.085790601042717
250.1,28.108437436331787
250.11,28.131111002848126
250.12,28.153811360940637
250.13,28.17653857121964
250.14,28.199292694557823
250.15,28.22207379209114
250.16,28.24488192521978
250.17,28.267717155609084
250.18,28.29057954519052
250.19,28.313469156162625
250.2,28.336386050991965
250.21,28.35933029241411
250.22,28.382301943434605
250.23,28.405301067329948
250.24,28.42832772764858
250.25,28.451381988211878
250.26,28.47446391311515
250.27,28.49757356672865
250.28,28.520711013698573
250.29,28.543876318948083
250.3,28.56706954767834
250.31,28.590290765369524
250.32,28.613540037781878
250.33,28.636817430956746
250.34,28.660123011217625
250.35,28.68345684517122
250.36,28.70681899970852
250.37,28.73020954200584
250.38,28.753628539525927
250.39,28.777076060019027
250.4,28.800552171523975
250.41,28.8240569423693
250.42,28.84759044117432
250.43,28.871152736850252
250.44,28.89474389860134
250.45,28.91836399592597
250.46,28.942013098617792
250.47,28.965691276766886
250.48,28.989398600760875
250.49,29.013135141286096
250.5,29.036900969328755
250.51,29.06069615617609
250.52,29.084520773417545
250.53,29.10837489294596
250.54,29.132258586958745
250.55,29.156171927959083
250.56,29.180114988757126
250.57,29.204087842471218
250.58,29.228090562529097
250.59,29.25212322266913
250.6,29.27618589694154
250.61,29.30027865970965
250.62,29.32440158565112
250.63,29.34855474975922
250.64,29.372738227344072
250.65,29.39695209403394
250.66,29.42119642577649
250.67,29.44547129884009
250.68,29.469776789815096
250.69,29.49411297561516
250.7,29.518479933478527
250.71,29.542877740969367
250.72,29.56730647597909
250.73,29.59176621672769
250.74,29.616257041765078
250.75,29.64077902997243
250.76,29.665332260563552
250.77,29.689916813086246
250.78,29.714532767423684
250.79,29.739180203795787
250.8,29.763859202760617
250.81,29.788569845215783
250.82,29.81331221239984
250.83,29.838086385893718
250.84,29.862892447622137
250.85,29.887730479855044
250.86,29.91260056520906
250.87,29.937502786648928
250.88,29.96243722748897
250.89,29.987403971394563
250.9,30.012403102383615
250.91,30.03743470482805
250.92,30.06249886345531
250.93,30.087595663349852
250.94,30.112725189954663
250.95,30.137887529072795
250.96,30.16308276686889
250.97,30.188310989870715
250.98,30.213572284970724
250.99,30.238866739427614
251.0,30.2641944408679
251.01,30.289555477287493
251.02,30.31494993705328
251.03,30.340377908904742
251.04,30.36583948195554
251.05,30.39133474569515
251.06,30.41686378999049
251.07,30.442426705087552
251.08,30.468023581613053
251.09,30.493654510576093
251.1,30.51931958336982
251.11,30.545018891773122
251.12,30.57075252795229
251.13,30.59652058446274
251.14,30.622323154250715
251.15,30.648160330654996
251.16,30.674032207408644
251.17,30.69993887864073
251.18,30.725880438878097
251.19,30.751856983047112
251.2,30.77786860647544
251.21,30.803915404893832
251.22,30.82999747443791
251.23,30.85611491164998
251.24,30.882267813480837
251.25,30.908456277291613
251.26,30.934680400855587
251.27,30.960940282360056
251.28,30.98723602040818
251.29,31.013567714020862
251.3,31.039935462638635
251.31,31.06633936612354
251.32,31.092779524761045
251.33,31.119256039261966
251.34,31.145769010764383
251.35,31.172318540835583
251.36,31.198904731474027
251.37,31.2255276851113
251.38,31.252187504614085
251.39,31.278884293286172
251.4,31.305618154870434
251.41,31.332389193550853
251.42,31.35919751395455
251.43,31.386043221153802
251.44,31.41292642066812
251.45,31.439847218466294
251.46,31.466805720968466
251.47,31.49380203504823
251.48,31.520836268034717
251.49,31.54790852771473
251.5,31.57501892233484
251.51,31.60216756060356
251.52,31.629354551693474
251.53,31.65658000524341
251.54,31.68384403136061
251.55,31.711146740622944
251.56,31.738488244081093
251.57,31.76586865326078
251.58,31.793288080165006
251.59,31.82074663727628
251.6,31.8482444375589
251.61,31.875781594461213
251.62,31.90335822191791
251.63,31.930974434352322
251.64,31.958630346678753
251.65,31.986326074304788
251.66,32.01406173313365
251.67,32.04183743956657
251.68,32.06965331050513
251.69,32.097509463353695
251.7,32.12540601602178
251.71,32.153343086926476
251.72,32.18132079499492
251.73,32.20933925966667
251.74,32.23739860089625
251.75,32.26549893915556
251.76,32.293640395436434
251.77,32.32182309125308
251.78,32.35004714864467
251.79,32.378312690177836
251.8,32.406619838949254
251.81,32.4349687185882
251.82,32.463359453259145
251.83,32.49179216766436
251.84,32.52026698704653
251.85,32.54878403719142
251.86,32.57734344443047
251.87,32.605945335643526
251.88,32.63458983826149
251.89,32.66327708026905
251.9,32.692007190207356
251.91,32.720780297176816
251.92,32.7495965308398
251.93,32.77845602142345
251.94,32.807358899722445
251.95,32.8363052971018
251.96,32.865295345499725
251.97,32.89432917743043
251.98,32.92340692598701
251.99,32.952528724844306
252.0,32.98169470826181
252.01,33.010905011086585
252.02,33.04015976875617
252.03,33.06945911730156
252.04,33.09880319335017
252.05,33.1281921341288
252.06,33.157626077466674
252.07,33.18710516179844
252.08,33.21662952616723
252.09,33.246199310227716
252.1,33.27581465424919
252.11,33.30547569911868
252.12,33.33518258634407
252.13,33.364935458057225
252.14,33.39473445701717
252.15,33.424579726613274
252.16,33.454471410868436
252.17,33.484409654442324
252.18,33.51439460263461
252.19,33.544426401388236
252.2,33.574505197292694
252.21,33.60463113758734
252.22,33.634804370164716
252.23,33.66502504357389
252.24,33.695293307023846
252.25,33.72560931038686
252.26,33.7559732042019
252.27,33.78638513967809
252.28,33.81684526869814
252.29,33.847353743821834
252.3,33.87791071828954
252.31,33.90851634602573
252.32,33.93917078164249
252.33,33.96987418044315
252.34,34.000626698425826
252.35,34.031428492287056
252.36,34.06227971942543
252.37,34.09318053794527
252.38,34.12413110666028
252.39,34.15513158509728
252.4,34.18618213349994
252.41,34.21728291283252
252.42,34.24843408478367
252.43,34.279635811770206
252.44,34.310888256940984
252.45,34.34219158418071
252.46,34.37354595811386
252.47,34.40495154410854
252.48,34.436408508280465
252.49,34.46791701749688
252.5,34.49947723938055
252.51,34.53108934231379
252.52,34.56275349544246
252.53,34.594469868680044
252.54,34.626238632711754
252.55,34.65805995899862
252.56,34.68993401978163
252.57,34.721860988085915
252.58,34.753841037724925
252.59,34.78587434330467
252.6,34.817961080227946
252.61,34.850101424698636
252.62,34.882295553726
252.63,34.91454364512903
252.64,34.94684587754077
252.65,34.979202430412755
252.66,35.01161348401942
252.67,35.044079219462525
252.68,35.07659981867565
252.69,35.109175464428716
252.7,35.14180634033251
252.71,35.17449263084324
252.72,35.20723452126717
252.73,35.24003219776521
252.74,35.27288584735761
252.75,35.30579565792862
252.76,35.33876181823124
252.77,35.37178451789197
252.78,35.40486394741555
252.79,35.438000298189856
252.8,35.47119376249068
252.81,35.50444453348665
252.82,35.53775280524413
252.83,35.57111877273218
252.84,35.6045426318275
252.85,35.638024579319506
252.86,35.671564812915314
252.87,35.70516353124487
252.88,35.73882093386603
252.89,35.77253722126973
252.9,35.80631259488517
252.91,35.84014725708503
252.92,35.87404141119071
252.93,35.907995261477645
252.94,35.94200901318062
252.95,35.976082872499134
252.96,36.01021704660278
252.97,36.04441174363672
252.98,36.078667172727116
252.99,36.11298354398666
253.0,36.14736106852011
253.01,36.1817999584299
253.02,36.21630042682171
253.03,36.250862687810184
253.04,36.285486956524586
253.05,36.32017344911456
253.06,36.354922382755916
253.07,36.38973397565641
253.08,36.42460844706164
253.09,36.4595460172609
253.1,36.49454690759317
253.11,36.52961134045305
253.12,36.5647395392968
253.13,36.599931728648386
253.14,36.6351881341056
253.15,36.67050898234617
253.16,36.705894501134004
253.17,36.74134491932536
253.18,36.77686046687514
253.19,36.81244137484323
253.2,36.84808787540082
253.21,36.88380020183683
253.22,36.91957858856433
253.23,36.95542327112708
253.24,36.991334486206036
253.25,37.02731247162592
253.26,37.06335746636188
253.27,37.099469710546146
253.28,37.13564944547476
253.29,37.17189691361434
253.3,37.20821235860888
253.31,37.244596025286654
253.32,37.28104815966709
253.33,37.31756900896772
253.34,37.354158821611264
253.35,37.39081784723258
253.36,37.42754633668586
253.37,37.46434454205173
253.38,37.501212716644496
253.39,37.53815111501939
253.4,37.57515999297986
253.41,37.612239607584975
253.42,37.649390217156785
253.43,37.686612081287834
253.44,37.723905460848655
253.45,37.76127061799534
253.46,37.79870781617719
253.47,37.836217320144364
253.48,37.87379939595563
253.49,37.91145431098615
253.5,37.94918233393534
253.51,37.986983734834745
253.52,38.024858785056026
253.53,38.06280775731896
253.54,38.1008309256995
253.55,38.13892856563793
253.56,38.17710095394705
253.57,38.215348368820386
253.58,38.253671089840545
253.59,38.29206939798756
253.6,38.33054357564732
253.61,38.36909390662004
253.62,38.40772067612883
253.63,38.44642417082831
253.64,38.485204678813254
253.65,38.524062489627354
253.66,38.562997894272
253.67,38.602011185215154
253.68,38.641102656400264
253.69,38.68027260325526
253.7,38.71952132270163
253.71,38.75884911316351
253.72,38.798256274576886
253.73,38.83774310839887
253.74,38.87730991761699
253.75,38.916957006758615
253.76,38.956684681900384
253.77,38.996493250677766
253.78,39.036383022294636
253.79,39.07635430753296
253.8,39.116407418762535
253.81,39.156542669950795
253.82,39.19676037667271
253.83,39.23706085612072
253.84,39.2774444271148
253.85,39.31791141011254
253.86,39.35846212721935
253.87,39.39909690219867
253.88,39.439816060482364
253.89,39.48061992918108
253.9,39.52150883709477
253.91,39.56248311472323
253.92,39.60354309427675
253.93,39.64468910968685
253.94,39.68592149661706
253.95,39.72724059247383
253.96,39.76864673641745
253.97,39.81014026937316
253.98,39.85172153404221
253.99,39.893390874913145
254.0,39.93514863827303
254.01,39.97699517221888
254.02,40.01893082666911
254.03,40.0609559533751
254.04,40.10307090593282
254.05,40.14527603979456
254.06,40.18757171228077
254.07,40.229958282591944
254.08,40.272436111820625
254.09,40.31500556296349
254.1,40.35766700093354
254.11,40.40042079257235
254.12,40.443267306662456
254.13,40.48620691393982
254.14,40.52923998710635
254.15,40.572366900842596
254.16,40.615588031820465
254.17,40.65890375871608
254.18,40.702314462222716
254.19,40.74582052506385
254.2,40.789422332006296
254.21,40.833120269873454
254.22,40.876914727558656
254.23,40.92080609603861
254.24,40.96479476838696
254.25,41.008881139787924
254.26,41.053065607550074
254.27,41.09734857112021
254.28,41.141730432097305
254.29,41.18621159424663
254.3,41.23079246351391
254.31,41.27547344803965
254.32,41.32025495817355
254.33,41.36513740648902
254.34,41.41012120779783
254.35,41.455206779164854
254.36,41.500394539922965
254.37,41.545684911687985
254.38,41.591078318373825
254.39,41.63657518620768
254.4,41.68217594374538
254.41,41.72788102188686
254.42,41.77369085389173
254.43,41.81960587539499
254.44,41.86562652442287
254.45,41.91175324140875
254.46,41.957986469209295
254.47,42.00432665312061
254.48,42.050774240894604
254.49,42.097329682755465
254.5,42.14399343141624
254.51,42.190765942095574
254.52,42.23764767253456
254.53,42.28463908301374
254.54,42.331740636370256
254.55,42.3789527980151
254.56,42.426276035950515
254.57,42.47371082078756
254.58,42.52125762576379
254.59,42.56891692676107
254.6,42.61668920232358
254.61,42.66457493367589
254.62,42.712574604741256
254.63,42.76068870216002
254.64,42.80891771530815
254.65,42.857262136315974
254.66,42.90572246008703
254.67,42.954299184317065
254.68,43.00299280951322
254.69,43.051803839013346
254.7,43.10073277900546
254.71,43.14978013854743
254.72,43.19894642958672
254.73,43.24823216698038
254.74,43.29763786851516
254.75,43.34716405492779
254.76,43.396811249925435
254.77,43.44657998020632
254.78,43.49647077548052
254.79,43.546484168490885
254.8,43.596620695034225
254.81,43.64688089398258
254.82,43.69726530730471
254.83,43.74777448008774
254.84,43.79840896055903
254.85,43.84916930010816
254.86,43.900056053309136
254.87,43.95106977794279
254.88,44.002211035019336
254.89,44.05348038880112
254.9,44.10487840682559
254.91,44.15640565992842
254.92,44.208062722266824
254.93,44.25985017134312
254.94,44.31176858802841
254.95,44.36381855658653
254.96,44.416000664698174
254.97,44.46831550348519
254.98,44.52076366753512
254.99,44.57334575492595
255.0,44.62606236725104
255.01,44.67891410964426
255.02,44.73190159080539
255.03,44.78502542302568
255.04,44.83828622221363
255.05,44.89168460792104
255.06,44.945221203369215
255.07,44.99889663547544
255.08,45.05271153487965
255.09,45.10666653597135
255.1,45.16076227691676
255.11,45.21499939968617
255.12,45.269378550081555
255.13,45.3239003777644
255.14,45.37856553628382
255.15,45.43337468310483
255.16,45.48832847963694
255.17,45.54342759126296
255.18,45.59867268736805
255.19,45.65406444136903
255.2,45.70960353074395
255.21,45.76529063706188
255.22,45.821126446013025
255.23,45.877111647439015
255.24,45.93324693536354
255.25,45.989533008023194
255.26,46.0459705678986
255.27,46.10256032174583
255.28,46.15930298062807
255.29,46.21619925994758
255.3,46.27324987947792
255.31,46.33045556339648
255.32,46.38781704031723
255.33,46.44533504332387
255.34,46.503010310003184
255.35,46.560843582478675
255.36,46.61883560744459
255.37,46.67698713620015
255.38,46.73529892468411
255.39,46.79377173350968
255.4,46.85240632799966
255.41,46.91120347822196
255.42,46.970163959025385
255.43,47.029288550075805
255.44,47.08857803589257
255.45,47.148033205885284
255.46,47.207654854390924
255.47,47.26744378071126
255.48,47.32740078915063
255.49,47.387526689054035
255.5,47.447822294845594
255.51,47.50828842606734
255.52,47.56892590741834
255.53,47.62973556879422
255.54,47.69071824532697
255.55,47.7518747774252
255.56,47.81320601081468
255.57,47.87471279657928
255.58,47.93639599120228
255.59,47.99825645660807
255.6,48.060295060204176
255.61,48.12251267492375
255.62,48.18491017926835
255.63,48.2474884573512
255.64,48.3102483989408
255.65,48.3731908995049
255.66,48.436316860254955
255.67,48.49962718819095
255.68,48.56312279614661
255.69,48.62680460283506
255.7,48.69067353289489
255.71,48.75473051693667
255.72,48.81897649158984
255.73,48.883412399550075
255.74,48.948039189627096
255.75,49.01285781679289
255.76,49.07786924223039
255.77,49.14307443338262
255.78,49.208474364002285
255.79,49.27407001420181
255.8,49.33986237050387
255.81,49.405852425892384
255.82,49.47204117986397
255.83,49.53842963847992
255.84,49.605018814418585
255.85,49.671809727028354
255.86,49.73880340238105
255.87,49.80600087332587
255.88,49.8734031795438
255.89,49.94101136760258
255.9,50.00882649101216
255.91,50.0768496102807
255.92,50.1450817929711
255.93,50.21352411375802
255.94,50.282177654485515
255.95,50.351043504225174
255.96,50.42012275933481
255.97,50.48941652351772
255.98,50.55892590788251
255.99,50.62865203100351
256.0,50.69859601898172
256.01,50.76875900550638
256.02,50.839142131917136
256.03,50.90974654726676
256.04,50.98057340838451
256.05,51.0516238799401
256.06,51.12289913450828
256.07,51.19440035263402
256.08,51.26612872289835
256.09,51.33808544198484
256.1,51.4102717147467
256.11,51.48268875427456
256.12,51.555337781964894
256.13,51.62822002758911
256.14,51.701336729363305
256.15,51.77468913401875
256.16,51.84827849687298
256.17,51.92210608190165
256.18,51.9961731618111
256.19,52.07048101811156
256.2,52.14503094119113
256.21,52.219824230390515
256.22,52.294862194078426
256.23,52.370146149727766
256.24,52.445677423992585
256.25,52.52145735278575
256.26,52.59748728135744
256.27,52.67376856437434
256.28,52.75030256599976
256.29,52.82709065997438
256.3,52.90413422969794
256.31,52.98143466831166
256.32,53.05899337878155
256.33,53.1368117739825
256.34,53.21489127678322
256.35,53.29323332013208
256.36,53.371839347143755
256.37,53.45071081118677
256.38,53.529849175971925
256.39,53.60925591564163
256.4,53.688932514860106
256.41,53.76888046890451
256.42,53.84910128375703
256.43,53.92959647619783
256.44,54.01036757389904
256.45,54.09141611551961
256.46,54.17274365080118
256.47,54.25435174066496
256.48,54.3362419573095
256.49,54.41841588430956
256.5,54.50087511671597
256.51,54.58362126115646
256.52,54.666655935937605
256.53,54.74998077114778
256.54,54.833597408761165
256.55,54.91750750274285
256.56,55.00171271915502
256.57,55.08621473626424
256.58,55.17101524464983
256.59,55.25611594731342
256.6,55.34151855978956
256.61,55.427224810257606
256.62,55.51323643965461
256.63,55.599555201789556
256.64,55.68618286345866
256.65,55.773121204561974
256.66,55.860372018221135
256.67,55.947937110898415
256.68,56.03581830251698
256.69,56.124017426582434
256.7,56.212536330305646
256.71,56.30137687472687
256.72,56.390540934841184
256.73,56.48003039972526
256.74,56.56984717266546
256.75,56.65999317128733
256.76,56.75047032768643
256.77,56.84128058856058
256.78,56.932425915343536
256.79,57.02390828434007
256.8,57.115729686862466
256.81,57.20789212936858
256.82,57.30039763360128
256.83,57.393248236729406
256.84,57.486445991490314
256.85,57.57999296633386
256.86,57.67389124556803
256.87,57.76814292950607
256.88,57.86275013461527
256.89,57.95771499366731
256.9,58.053039655890274
256.91,58.14872628712232
256.92,58.24477706996701
256.93,58.3411942039503
256.94,58.43797990567934
256.95,58.535136409002924
256.96,58.63266596517373
256.97,58.73057084301234
256.98,58.82885332907308
256.99,58.927515727811645
257.0,59.026560361754626
257.01,59.12598957167085
257.02,59.22580571674466
257.03,59.3260111747511
257.04,59.426608342233045
257.05,59.52759963468027
257.06,59.628987486710564
257.07,59.730774352252816
257.08,59.83296270473218
257.09,59.935555037257274
257.1,60.03855386280949
257.11,60.14196171443445
257.12,60.24578114543555
257.13,60.35001472956975
257.14,60.45466506124552
257.15,60.559734755723035
257.16,60.665226449316634
257.17,60.77114279959956
257.18,60.877486485611016
257.19,60.98426020806559
257.2,61.09146668956504
257.21,61.199108674812486
257.22,61.307188930829064
257.23,61.41571024717303
257.24,61.52467543616138
257.25,61.634087333094016
257.26,61.74394879648044
257.27,61.85426270826911
257.28,61.965031974079395
257.29,62.07625952343621
257.3,62.18794831000735
257.31,62.3001013118436
257.32,62.41272153162155
257.33,62.525811996889324
257.34,62.63937576031506
257.35,62.753415899938354
257.36,62.86793551942458
257.37,62.98293774832221
257.38,63.098425742323116
257.39,63.21440268352593
257.4,63.33087178070248
257.41,63.44783626956734
257.42,63.56529941305058
257.43,63.683264501573696
257.44,63.801734853328796
257.45,63.92071381456108
257.46,64.04020475985467
257.47,64.16021109242185
257.48,64.28073624439561
257.49,64.40178367712586
257.5,64.52335688147902
257.51,64.64545937814118
257.52,64.768094717925
257.53,64.89126648208011
257.54,65.0149782826074
257.55,65.1392337625769
257.56,65.26403659644959
257.57,65.38939049040309
257.58,65.51529918266118
257.59,65.64176644382736
257.6,65.76879607722245
257.61,65.89639191922619
257.62,66.02455783962311
257.63,66.15329774195249
257.64,66.28261556386255
257.65,66.41251527746914
257.66,66.54300088971854
257.67,66.67407644275491
257.68,66.80574601429208
257.69,66.93801371799005
257.7,67.07088370383589
257.71,67.20436015852957
257.72,67.33844730587433
257.73,67.47314940717202
257.74,67.60847076162318
257.75,67.74441570673218
257.76,67.88098861871732
257.77,68.01819391292604
257.78,68.15603604425522
257.79,68.29451950757685
257.8,68.43364883816886
257.81,68.57342861215143
257.82,68.71386344692867
257.83,68.8549580016359
257.84,68.99671697759247
257.85,69.13914511876038
257.86,69.28224721220856
257.87,69.426028088583
257.88,69.57049262258289
257.89,69.71564573344274
257.9,69.8614923854206
257.91,70.00803758829247
257.92,70.15528639785295
257.93,70.30324391642235
257.94,70.4519152933602
257.95,70.60130572558529
257.96,70.75142045810243
257.97,70.90226478453586
257.98,71.05384404766957
257.99,71.20616363999456
258.0,71.35922900426307
258.01,71.51304563405003
258.02,71.66761907432166
258.03,71.82295492201156
258.04,71.97905882660409
258.05,72.13593649072543
258.06,72.29359367074227
258.07,72.4520361773683
258.08,72.61126987627856
258.09,72.77130068873186
258.1,72.93213459220132
258.11,73.09377762101315
258.12,73.25623586699373
258.13,73.41951548012537
258.14,73.5836226692105
258.15,73.74856370254473
258.16,73.91434490859872
258.17,74.08097267670912
258.18,74.24845345777858
258.19,74.41679376498509
258.2,74.58600017450074
258.21,74.75607932622003
258.22,74.92703792449782
258.23,75.09888273889723
258.24,75.27162060494744
258.25,75.44525842491169
258.26,75.6198031685655
258.27,75.79526187398545
258.28,75.97164164834848
258.29,76.14894966874193
258.3,76.32719318298462
258.31,76.50637951045888
258.32,76.686516042954
258.33,76.8676102455209
258.34,77.04966965733861
258.35,77.23270189259244
258.36,77.41671464136407
258.37,77.6017156705338
258.38,77.78771282469523
258.39,77.97471402708227
258.4,78.162727280509
258.41,78.35176066832237
258.42,78.54182235536798
258.43,78.73292058896925
258.44,78.92506369991995
258.45,79.11826010349053
258.46,79.3125183004484
258.47,79.50784687809228
258.48,79.70425451130087
258.49,79.90174996359623
258.5,80.10034208822185
258.51,80.30003982923577
258.52,80.50085222261905
258.53,80.70278839739957
258.54,80.9058575767918
258.55,81.11006907935236
258.56,81.3154323201519
258.57,81.52195681196353
258.58,81.72965216646794
258.59,81.93852809547549
258.6,82.1485944121657
258.61,82.35986103234423
258.62,82.57233797571764
258.63,82.78603536718639
258.64,83.0009634381561
258.65,83.21713252786763
258.66,83.43455308474603
258.67,83.65323566776883
258.68,83.87319094785396
258.69,84.09442970926749
258.7,84.31696285105167
258.71,84.54080138847344
258.72,84.76595645449386
258.73,84.99243930125874
258.74,85.2202613016108
258.75,85.44943395062371
258.76,85.67996886715838
258.77,85.91187779544185
258.78,86.14517260666915
258.79,86.37986530062842
258.8,86.61596800734985
258.81,86.8534929887786
258.82,87.09245264047226
258.83,87.33285949332314
258.84,87.57472621530587
258.85,87.81806561325067
258.86,88.0628906346427
258.87,88.30921436944799
258.88,88.55705005196621
258.89,88.80641106271105
258.9,89.05731093031817
258.91,89.30976333348165
258.92,89.56378210291916
258.93,89.81938122336625
258.94,90.07657483560051
258.95,90.3353772384958
258.96,90.59580289110724
258.97,90.85786641478737
258.98,91.121582595334
258.99,91.38696638517037
259.0,91.65403290555794
259.01,91.92279744884263
259.02,92.1932754807348
259.03,92.4654826426237
259.04,92.7394347539269
259.05,93.01514781447527
259.06,93.2926380069341
259.07,93.57192169926103
259.08,93.85301544720126
259.09,94.13593599682086
259.1,94.42070028707856
259.11,94.70732545243693
259.12,94.99582882551343
259.13,95.28622793977198
259.14,95.57854053225593
259.15,95.87278454636291
259.16,96.16897813466228
259.17,96.46713966175608
259.18,96.76728770718397
259.19,97.0694410683731
259.2,97.37361876363349
259.21,97.67984003519986
259.22,97.98812435232054
259.23,98.29849141439435
259.24,98.61096115415619
259.25,98.92555374091225
259.26,99.24228958382561
259.27,99.56118933525306
259.28,99.88227389413413
259.29,100.20556440943301
259.3,100.5310822836345
259.31,100.85884917629471
259.32,101.18888700764748
259.33,101.52121796226761
259.34,101.85586449279164
259.35,102.19284932369732
259.36,102.53219545514268
259.37,102.87392616686586
259.38,103.21806502214643
259.39,103.56463587182967
259.4,103.91366285841443
259.41,104.26517042020608
259.42,104.61918329553535
259.43,104.9757265270443
259.44,105.33482546604058
259.45,105.69650577692116
259.46,106.06079344166658
259.47,106.42771476440716
259.48,106.79729637606218
259.49,107.16956523905343
259.5,107.54454865209422
259.51,107.92227425505546
259.52,108.3027700339097
259.53,108.68606432575488
259.54,109.07218582391889
259.55,109.46116358314636
259.56,109.85302702486925
259.57,110.24780594256241
259.58,110.64553050718582
259.59,111.04623127271486
259.6,111.44993918176009
259.61,111.85668557127816
259.62,112.26650217837543
259.63,112.67942114620573
259.64,113.09547502996398
259.65,113.51469680297743
259.66,113.93711986289588
259.67,114.3627780379829
259.68,114.79170559350956
259.69,115.22393723825246
259.7,115.65950813109798
259.71,116.09845388775435
259.72,116.54081058757353
259.73,116.98661478048476
259.74,117.43590349404154
259.75,117.88871424058424
259.76,118.34508502451997
259.77,118.80505434972211
259.78,119.26866122705101
259.79,119.73594518199849
259.8,120.2069462624578
259.81,120.68170504662137
259.82,121.16026265100848
259.83,121.64266073862498
259.84,122.12894152725742
259.85,122.61914779790372
259.86,123.11332290334276
259.87,123.61151077684518
259.88,124.1137559410278
259.89,124.62010351685407
259.9,125.13059923278288
259.91,125.64528943406843
259.92,126.16422109221341
259.93,126.6874418145783
259.94,127.21499985414921
259.95,127.74694411946685
259.96,128.2833241847195
259.97,128.8241903000026
259.98,129.3695934017475
259.99,129.91958512332235
260.0,130.47421780580814
260.01,131.03354450895213
260.02,131.59761902230235
260.03,132.1664958765254
260.04,132.74023035491095
260.05,133.3188785050658
260.06,133.90249715080068
260.07,134.4911439042125
260.08,135.08487717796564
260.09,135.68375619777532
260.1,136.28784101509586
260.11,136.89719252001765
260.12,137.51187245437563
260.13,138.13194342507296
260.14,138.75746891762282
260.15,139.38851330991218
260.16,140.0251418861905
260.17,140.66742085128715
260.18,141.31541734506084
260.19,141.96919945708467
260.2,142.62883624157033
260.21,143.29439773253486
260.22,143.96595495921397
260.23,144.64357996172504
260.24,145.32734580698389
260.25,146.01732660487878
260.26,146.71359752470542
260.27,147.4162348118667
260.28,148.12531580484088
260.29,148.8409189524221
260.3,149.56312383123694
260.31,150.29201116354068
260.32,151.02766283529746
260.33,151.77016191454774
260.34,152.51959267006725
260.35,153.276040590321
260.36,154.03959240271635
260.37,154.81033609315895
260.38,155.58836092591534
260.39,156.3737574637862
260.4,157.16661758859382
260.41,157.9670345219877
260.42,158.77510284657228
260.43,159.59091852736017
260.44,160.41457893355494
260.45,161.2461828606669
260.46,162.08583055296592
260.47,162.93362372627442
260.48,163.7896655911044
260.49,164.65406087614213
260.5,165.5269158520834
260.51,166.4083383558236
260.52,167.29843781500492
260.53,168.1973252729248
260.54,169.105113413808
260.55,170.02191658844603
260.56,170.9478508402062
260.57,171.88303393141356
260.58,172.82758537010818
260.59,173.7816264371804
260.6,174.7452802138864
260.61,175.71867160974634
260.62,176.70192739082714
260.63,177.69517620841168
260.64,178.69854862805636
260.65,179.71217715903805
260.66,180.7361962841923
260.67,181.7707424901431
260.68,182.8159542979257
260.69,183.8719722940023
260.7,184.93893916167121
260.71,186.01699971286945
260.72,187.10630092036794
260.73,188.20699195035903
260.74,189.31922419543488
260.75,190.4431513079554
260.76,191.57892923380356
260.77,192.72671624652628
260.78,193.88667298185734
260.79,195.05896247261992
260.8,196.2437501840042
260.81,197.44120404921625
260.82,198.6514945054933
260.83,199.87479453047976
260.84,201.11127967895803
260.85,202.36112811992754
260.86,203.62452067402452
260.87,204.9016408512745
260.88,206.19267488916844
260.89,207.49781179105338
260.9,208.8172433648267
260.91,210.15116426192284
260.92,211.49977201658035
260.93,212.863267085376
260.94,214.24185288701187
260.95,215.63573584234013
260.96,217.04512541460926
260.97,218.47023414991452
260.98,219.91127771783354
260.99,221.36847495222779
261.0,222.84204789218836
261.01,224.33222182310377
261.02,225.83922531782576
261.03,227.3632902779079
261.04,228.90465197488982
261.05,230.4635490915988
261.06,232.0402237634384
261.07,233.63492161963242
261.08,235.24789182439002
261.09,236.87938711795704
261.1,238.52966385751546
261.11,240.19898205789175
261.12,241.88760543203213
261.13,243.59580143120115
261.14,245.32384128485728
261.15,247.072000040157
261.16,248.84055660103652
261.17,250.62979376681741
261.18,252.43999827028043
261.19,254.2714608151481
261.2,256.12447611291486
261.21,257.99934291896
261.22,259.89636406787554
261.23,261.8158465079387
261.24,263.75810133465467
261.25,265.7234438232925
261.26,267.7121934603331
261.27,269.72467397374555
261.28,271.7612133620032
261.29,273.8221439217482
261.3,275.90780227400813
261.31,278.01852938886645
261.32,280.15467060848135
261.33,282.31657566834633
261.34,284.5045987166793
261.35,286.7190983318241
261.36,288.96043753754225
261.37,291.22898381606973
261.38,293.5251091188075
261.39,295.84918987450953
261.4,298.2016069948286
261.41,300.5827458770727
261.42,302.99299640402194
261.43,305.4327529406486
261.44,307.9024143275787
261.45,310.40238387112777
261.46,312.9330693297371
261.47,315.4948828966323
261.48,318.08824117851896
261.49,320.71356517012504
261.5,323.371280224394
261.51,326.06181601812557
261.52,328.78560651285574
261.53,331.5430899107624
261.54,334.3347086053745
261.55,337.1609091268593
261.56,340.02214208165395
261.57,342.9188620862031
261.58,345.85152769455675
261.59,348.82060131957815
261.6,351.8265491475038
261.61,354.86984104559343
261.62,357.9509504626005
261.63,361.07035432178907
261.64,364.2285329062175
261.65,367.4259697360029
261.66,370.66315143727655
261.67,373.9405676025341
261.68,377.2587106420812
261.69,380.61807562626973
261.7,384.0191601182154
261.71,387.462463996685
261.72,390.94848926883736
261.73,394.47773987249866
261.74,398.0507214676516
261.75,401.6679412168144
261.76,405.32990755398527
261.77,409.0371299418264
261.78,412.79011861676173
261.79,416.58938432166275
261.8,420.4354380257979
261.81,424.3287906317232
261.82,428.26995266879425
261.83,432.25943397298323
261.84,436.29774335268957
261.85,440.3853882402379
261.86,444.5228743287638
261.87,448.71070519419555
261.88,452.9493819020484
261.89,457.239402598759
261.9,461.5812620872978
261.91,465.9754513868102
261.92,470.4224572760521
261.93,474.9227618203995
261.94,479.47684188223013
261.95,484.08516861449317
261.96,488.7482069373027
261.97,493.4664149974137
261.98,498.24024361046156
261.99,503.0701356858725
262.0,507.9565256343789
262.01,512.8998387581025
262.02,517.9004906232
262.03,522.9588864150971
262.04,528.0754202763746
262.05,533.2504746274021
262.06,538.4844194698599
262.07,543.7776116733245
262.08,549.1303942451409
262.09,554.5430955838458
262.1,560.016028716455
262.11,565.5494905199772
262.12,571.143760927565
262.13,576.7991021197696
262.14,582.5157577014177
262.15,588.2939518646867
262.16,594.133888539013
262.17,600.0357505285255
262.18,605.9996986377608
262.19,612.0258707864781
262.2,618.1143811144527
262.21,624.2653190771998
262.22,630.4787485336371
262.23,636.75470682677
262.24,643.0932038585454
262.25,649.494221160092
262.26,655.9577109586311
262.27,662.4835952424111
262.28,669.0717648250893
262.29,675.7220784110498
262.3,682.4343616632144
262.31,689.2084062749719
262.32,696.0439690479126
262.33,702.9407709771214
262.34,709.8984963458443
262.35,716.9167918313992
262.36,723.9952656242648
262.37,731.1334865623289
262.38,738.3309832823348
262.39,745.5872433906065
262.4,752.9017126551804
262.41,760.2737942215094
262.42,767.7028478539398
262.43,775.1881892051915
262.44,782.7290891160974
262.45,790.3247729478754
262.46,797.9744199492214
262.47,805.6771626605159
262.48,813.432086357441
262.49,821.2382285362949
262.5,829.0945784432787
262.51,837.0000766500115
262.52,844.9536146774965
262.53,852.9540346707322
262.54,861.000129126112
262.55,869.0906406737082
262.56,877.2242619164741
262.57,885.3996353283325
262.58,893.6153532130381
262.59,901.8699577256231
262.6,910.1619409581351
262.61,918.4897450912833
262.62,926.8517626134937
262.63,935.2463366087619
262.64,943.6717611145651
262.65,952.1262815509655
262.66,960.608095221895
262.67,969.1153518894714
262.68,977.6461544220372
262.69,986.1985595164604
262.7,994.770578495069
262.71,1003.3601781774242
262.72,1011.9652818269633
262.73,1020.5837701723656
262.74,1029.2134825033154
262.75,1037.8522178401497
262.76,1046.4977361766955
262.77,1055.147759795411
262.78,1063.7999746537587
262.79,1072.4520318405482
262.8,1081.1015491008002
262.81,1089.7461124274932
262.82,1098.3832777183732
262.83,1107.0105724958185
262.84,1115.6254976875805
262.85,1124.2255294660376
262.86,1132.808121143436
262.87,1141.3707051204206
262.88,1149.9106948850065
262.89,1158.4254870589837
262.9,1166.9124634886066
262.91,1175.3689933762823
262.92,1183.7924354498432
262.93,1192.1801401658718
262.94,1200.5294519434353
262.95,1208.8377114244884
262.96,1217.1022577571146
262.97,1225.3204308976983
262.98,1233.4895739280532
262.99,1241.6070353834778
263.0,1249.6701715876643
263.01,1257.6763489903583
263.02,1265.6229465036433
263.03,1273.5073578327206
263.04,1281.3269937970565
263.05,1289.0792846377897
263.06,1296.7616823073142
263.07,1304.3716627370025
263.08,1311.9067280790769
263.09,1319.3644089187094
263.1,1326.7422664524986
263.11,1334.0378946295625
263.12,1341.248922251582
263.13,1348.3730150282336
263.14,1355.407877584572
263.15,1362.351255417039
263.16,1369.2009367949238
263.17,1375.9547546042234
263.18,1382.6105881310214
263.19,1389.1663647816426
263.2,1395.6200617370164
263.21,1401.9697075388426
263.22,1408.2133836053329
263.23,1414.3492256744728
263.24,1420.3754251729376
263.25,1426.2902305089742
263.26,1432.0919482877503
263.27,1437.778944447863
263.28,1443.349645317885
263.29,1448.802538592015
263.3,1454.1361742240954
263.31,1459.349165239441
263.32,1464.4401884641131
263.33,1469.4079851714575
263.34,1474.2513616459048
263.35,1478.9691896642137
263.36,1483.5604068945077
263.37,1488.024017213628
263.38,1492.3590909434924
263.39,1496.564765007305
263.4,1500.6402430066203
263.41,1504.5847952204133
263.42,1508.3977585274429
263.43,1512.0785362533393
263.44,1515.6265979439686
263.45,1519.0414790667492
263.46,1522.3227806417103
263.47,1525.4701688041855
263.48,1528.4833743011354
263.49,1531.362191923181
263.5,1534.1064798745138
263.51,1536.7161590829226
263.52,1539.1912124522423
263.53,1541.531684059592
263.54,1543.7376782998158
263.55,1545.8093589795903
263.56,1547.74694836369
263.57,1549.5507261759371
263.58,1551.2210285573804
263.59,1552.758246984261
263.6,1554.1628271483341
263.61,1555.4352678021105
263.62,1556.5761195715802
263.63,1557.5859837389683
263.64,1558.4655109980522
263.65,1559.2154001845504
263.66,1559.836396984058
263.67,1560.3292926199788
263.68,1560.6949225238573
263.69,1560.9341649904745
263.7,1561.0479398200264
263.71,1561.0372069496482
263.72,1560.9029650764978
263.73,1560.6462502745505
263.74,1560.2681346072004
263.75,1559.7697247376975
263.76,1559.152160539387
263.77,1558.4166137076459
263.78,1557.5642863753492
263.79,1556.5964097336218
263.8,1555.5142426595628
263.81,1554.319070352557
263.82,1553.0122029807135
263.83,1551.5949743388987
263.84,1550.0687405197577
263.85,1548.4348785990403
263.86,1546.69478533648
263.87,1544.8498758933968
263.88,1542.9015825681217
263.89,1540.851353550272
263.9,1538.7006516948315
263.91,1536.4509533169228
263.92,1534.103747008088
263.93,1531.6605324748268
263.94,1529.1228194000762
263.95,1526.492126328249
263.96,1523.7699795743877
263.97,1520.9579121579272
263.98,1518.057462761502
263.99,1515.070174715173
264.0,1511.9975950063972
264.01,1508.8412733160062
264.02,1505.6027610804076
264.03,1502.283610580179
264.04,1498.885374055166
264.05,1495.4096028461627
264.06,1491.8578465631954
264.07,1488.2316522804012
264.08,1484.5325637574454
264.09,1480.762120687385
264.1,1476.9218579708552
264.11,1473.013305016411
264.12,1469.0379850668403
264.13,1464.9974145512156
264.14,1460.8931024624421
264.15,1456.7265497600208
264.16,1452.4992487977258
264.17,1448.2126827758727
264.18,1443.8683252178334
264.19,1439.4676394704325
264.2,1435.0120782278445
264.21,1430.503083078594
264.22,1425.9420840752466
264.23,1421.330499326365
264.24,1416.6697346102953
264.25,1411.961183010334
264.26,1407.2062245708216
264.27,1402.406225973698
264.28,1397.5625402350502
264.29,1392.676506421176
264.3,1387.7494493836853
264.31,1382.7826795131518
264.32,1377.7774925108356
264.33,1372.735169177985
264.34,1367.656975222232
264.35,1362.5441610805944
264.36,1357.3979617585994
264.37,1352.2195966850427
264.38,1347.0102695819041
264.39,1341.7711683489397
264.4,1336.503464962477
264.41,1331.208315387942
264.42,1325.8868595056554
264.43,1320.5402210494333
264.44,1315.1695075575446
264.45,1309.7758103355716
264.46,1304.360204430735
264.47,1298.923748617249
264.48,1293.4674853922786
264.49,1287.9924409820774
264.5,1282.4996253578977
264.51,1276.990032261264
264.52,1271.4646392382176
264.53,1265.92440768214
264.54,1260.3702828847809
264.55,1254.8031940951125
264.56,1249.2240545856553
264.57,1243.6337617259132
264.58,1238.03319706258
264.59,1232.423226406174
264.6,1226.804699923779
264.61,1221.1784522375658
264.62,1215.5453025287893
264.63,1209.9060546469561
264.64,1204.26149722387
264.65,1198.6124037922705
264.66,1192.9595329087886
264.67,1187.3036282809508
264.68,1181.6454188979733
264.69,1175.9856191650936
264.7,1170.3249290411973
264.71,1164.6640341795041
264.72,1159.0036060710863
264.73,1153.3443021909995
264.74,1147.686766146815
264.75,1142.0316278293474
264.76,1136.379503565382
264.77,1130.7309962722125
264.78,1125.086695613803
264.79,1119.4471781584032
264.8,1113.8130075374443
264.81,1108.1847346055545
264.82,1102.562897601538
264.83,1096.9480223101677
264.84,1091.340622224649
264.85,1085.7411987096154
264.86,1080.1502411645274
264.87,1074.5682271873457
264.88,1068.9956227383602
264.89,1063.432882304061
264.9,1057.8804490609375
264.91,1052.3387550391078
264.92,1046.8082212856723
264.93,1041.289258027701
264.94,1035.782264834763
264.95,1030.2876307809133
264.96,1024.8057346060546
264.97,1019.3369448765981
264.98,1013.8816201453517
264.99,1008.4401091105641
265.0,1003.0127507740622
265.01,997.5998745984197
265.02,992.2018006630992
265.03,986.8188398195141
265.04,981.4512938449585
265.05,976.0994555953587
265.06,970.7636091568014
265.07,965.4440299957964
265.08,960.1409851082364
265.09,954.8547331670163
265.1,949.5855246682817
265.11,944.3336020762717
265.12,939.099199966733
265.13,933.8825451688741
265.14,928.6838569058411
265.15,923.5033469336897
265.16,918.3412196788365
265.17,913.1976723739717
265.18,908.0728951924175
265.19,902.9670713809188
265.2,897.8803773908551
265.21,892.8129830078619
265.22,887.7650514798554
265.23,882.7367396434507
265.24,877.7281980487709
265.25,872.7395710826403
265.26,867.770997090161
265.27,862.8226084946697
265.28,857.8945319160752
265.29,852.9868882875772
265.3,848.0997929707688
265.31,843.2333558691234
265.32,838.3876815398729
265.33,833.5628693042794
265.34,828.7590133563076
265.35,823.9762028697033
265.36,819.2145221034859
265.37,814.4740505058622
265.38,809.754862816571
265.39,805.0570291676663
265.4,800.380615182751
265.41,795.7256820746692
265.42,791.0922867416704
265.43,786.4804818620546
265.44,781.890315987313
265.45,777.3218336337736
265.46,772.7750753727673
265.47,768.2500779193253
265.48,763.7468742194229
265.49,759.2654935357824
265.5,754.80596153225
265.51,750.3683003567597
265.52,745.952528722901
265.53,741.558661990102
265.54,737.1867122424464
265.55,732.8366883661366
265.56,728.5085961256193
265.57,724.20243823839
265.58,719.9182144484898
265.59,715.6559215987127
265.6,711.4155537015358
265.61,707.1971020087924
265.62,703.0005550800994
265.63,698.8258988500583
265.64,694.6731166942438
265.65,690.5421894939973
265.66,686.4330957000386
265.67,682.3458113949158
265.68,678.2803103543049
265.69,674.2365641071783
265.7,670.2145419948562
265.71,666.2142112289567
265.72,662.2355369482618
265.73,658.2784822745123
265.74,654.3430083671497
265.75,650.4290744770195
265.76,646.5366379990509
265.77,642.6656545239281
265.78,638.8160778887699
265.79,634.9878602268304
265.8,631.180952016238
265.81,627.3953021277855
265.82,623.6308578717872
265.83,619.8875650440177
265.84,616.1653679707466
265.85,612.4642095528822
265.86,608.7840313092405
265.87,605.1247734189529
265.88,601.4863747630251
265.89,597.8687729650624
265.9,594.2719044311751
265.91,590.6957043890769
265.92,587.1401069263893
265.93,583.6050450281659
265.94,580.0904506136496
265.95,576.5962545722753
265.96,573.12238679893
265.97,569.6687762284854
265.98,566.2353508696118
265.99,562.8220378378891
266.0,559.428763388224
266.01,556.0554529465879
266.02,552.7020311410854
266.03,549.3684218323655
266.04,546.054548143388
266.05,542.7603324885549
266.06,539.4856966022189
266.07,536.2305615665797
266.08,532.9948478389789
266.09,529.7784752786048
266.1,526.5813631726163
266.11,523.4034302616981
266.12,520.2445947650554
266.13,517.10477440486
266.14,513.9838864301572
266.15,510.8818476402419
266.16,507.798574407516
266.17,504.7339826998347
266.18,501.6879881023516
266.19,498.66050583887204
266.2,495.6514507927236
266.21,492.6607375271526
266.22,489.6882803052552
266.23,486.73399310945246
266.24,483.7977896605168
266.25,480.87958343615935
266.26,477.97928768918547
266.27,475.09681546522717
266.28,472.23207962006
266.29,469.3849928365128
266.3,466.5554676409772
266.31,463.7434164195251
266.32,460.9487514336416
266.33,458.1713848355802
266.34,455.4112286833481
266.35,452.66819495532786
266.36,449.9421955645437
266.37,447.2331423725779
266.38,444.540947203145
266.39,441.86552185532975
266.4,439.2067781164961
266.41,436.56462777487275
266.42,433.93898263182234
266.43,431.32975451379997
266.44,428.73685528400705
266.45,426.1601968537471
266.46,423.5996911934885
266.47,421.05525034364086
266.48,418.5267864250494
266.49,416.01421164921476
266.5,413.5174383282418
266.51,411.0363788845238
266.52,408.5709458601675
266.53,406.1210519261634
266.54,403.68660989130666
266.55,401.2675327108744
266.56,398.86373349506295
266.57,396.4751255171911
266.58,394.1016222216731
266.59,391.74313723176675
266.6,389.39958435710105
266.61,387.0708776009873
266.62,384.756931167519
266.63,382.45765946846404
266.64,380.17297712995384
266.65,377.9027989989735
266.66,375.6470401496572
266.67,373.40561588939255
266.68,371.17844176473807
266.69,368.9654335671577
266.7,366.7665073385758
266.71,364.5815793767572
266.72,362.41056624051447
266.73,360.2533847547478
266.74,358.10995201531955
266.75,355.9801853937679
266.76,353.86400254186213
266.77,351.76132139600384
266.78,349.6720601814766
266.79,347.5961374165475
266.8,345.53347191642393
266.81,343.4839827970684
266.82,341.4475894788745
266.83,339.42421169020724
266.84,337.4137694708103
266.85,335.4161831750832
266.86,333.4313734752315
266.87,331.4592613642924
266.88,329.4997681590381
266.89,327.5528155027612
266.9,325.6183253679421
266.91,323.69622005880393
266.92,321.786422213755
266.93,319.8888548077226
266.94,318.00344115438065
266.95,316.1301049082722
266.96,314.26877006683105
266.97,312.41936097230337
266.98,310.5818023135717
266.99,308.7560191278842
267.0,306.9419368024907
267.01,305.139481076188
267.02,303.348578040776
267.03,301.5691541424271
267.04,299.8011361829715
267.05,298.0444513210984
267.06,296.29902707347713
267.07,294.5647913157991
267.08,292.8416722837421
267.09,291.12959857385977
267.1,289.42849914439665
267.11,287.7383033160323
267.12,286.058940772554
267.13,284.39034156146226
267.14,282.732436094508
267.15,281.08515514816554
267.16,279.4484298640414
267.17,277.8221917492206
267.18,276.20637267655314
267.19,274.6009048848802
267.2,273.00572097920355
267.21,271.4207539307979
267.22,269.845937077269
267.23,268.28120412255754
267.24,266.72648913689125
267.25,265.18172655668604
267.26,263.64685118439746
267.27,262.1217981883238
267.28,260.60650310236207
267.29,259.10090182571844
267.3,257.6049306225733
267.31,256.1185261217036
267.32,254.64162531606206
267.33,253.17416556231564
267.34,251.7160845803436
267.35,250.26732045269657
267.36,248.8278116240175
267.37,247.3974969004257
267.38,245.97631544886477
267.39,244.5642067964157
267.4,243.16111082957585
267.41,241.76696779350482
267.42,240.38171829123826
267.43,239.00530328287044
267.44,237.6376640847065
267.45,236.27874236838525
267.46,234.92848015997333
267.47,233.58681983903173
267.48,232.2537041376553
267.49,230.9290761394861
267.5,229.6128792787017
267.51,228.3050573389786
267.52,227.005554452432
267.53,225.71431509853258
267.54,224.431284103001
267.55,223.15640663668054
267.56,221.8896282143892
267.57,220.6308946937513
267.58,219.38015227400965
267.59,218.13734749481887
267.6,216.9024272350203
267.61,215.67533871139943
267.62,214.45602947742637
267.63,213.24444742197966
267.64,212.0405407680545
267.65,210.84425807145573
267.66,209.65554821947595
267.67,208.4743604295597
267.68,207.30064424795407
267.69,206.134349548346
267.7,204.97542653048737
267.71,203.82382571880794
267.72,202.67949796101658
267.73,201.5423944266918
267.74,200.41246660586134
267.75,199.289666307572
267.76,198.17394565844947
267.77,197.06525710124924
267.78,195.9635533933986
267.79,194.86878760553026
267.8,193.7809131200081
267.81,192.69988362944537
267.82,191.6256531352157
267.83,190.55817594595754
267.84,189.49740667607196
267.85,188.44330024421473
267.86,187.39581187178254
267.87,186.35489708139417
267.88,185.32051169536646
267.89,184.29261183418595
267.9,183.2711539149761
267.91,182.2560946499606
267.92,181.2473910449231
267.93,180.24500039766355
267.94,179.2488802964516
267.95,178.2589886184773
267.96,177.2752835282992
267.97,176.29772347629054
267.98,175.32626719708335
267.99,174.36087370801113
268.0,173.40150230754995
268.01,172.44811257375872
268.02,171.5006643627184
268.03,170.55911780697068
268.04,169.62343331395638
268.05,168.6935715644536
268.06,167.76949351101598
268.07,166.85116037641126
268.08,165.93853365206047
268.09,165.0315750964777
268.1,164.13024673371092
268.11,163.23451085178388
268.12,162.34433000113935
268.13,161.4596669930839
268.14,160.58048489823435
268.15,159.70674704496602
268.16,158.8384170178633
268.17,157.97545865617212
268.18,157.117836052255
268.19,156.2655135500486
268.2,155.41845574352405
268.21,154.57662747514988
268.22,153.73999383435833
268.23,152.90852015601456
268.24,152.0821720188892
268.25,151.26091524413434
268.26,150.4447158937631
268.27,149.63354026913282
268.28,148.82735490943222
268.29,148.02612659017225
268.3,147.22982232168124
268.31,146.43840934760402
268.32,145.65185514340544
268.33,144.87012741487825
268.34,144.09319409665548
268.35,143.32102335072727
268.36,142.5535835649627
268.37,141.79084335163606
268.38,141.03277154595818
268.39,140.2793372046128
268.4,139.53050960429778
268.41,138.7862582402716
268.42,138.04655282490506
268.43,137.31136328623825
268.44,136.58065976654285
268.45,135.85441262088997
268.46,135.13259241572345
268.47,134.41516992743874
268.48,133.70211614096743
268.49,132.99340224836754
268.5,132.28899964741944
268.51,131.58887994022786
268.52,130.89301493182944
268.53,130.2013766288066
268.54,129.5139372379071
268.55,128.8306691646698
268.56,128.15154501205646
268.57,127.47653757908967
268.58,126.80561985949701
268.59,126.13876504036142
268.6,125.47594650077775
268.61,124.81713781051575
268.62,124.16231272868926
268.63,123.5114452024319
268.64,122.86450936557907
268.65,122.22147953735643
268.66,121.58233022107483
268.67,120.94703610283176
268.68,120.31557205021932
268.69,119.68791311103867
268.7,119.06403451202117
268.71,118.44391165755599
268.72,117.8275201284244
268.73,117.2148356805407
268.74,116.60583424369979
268.75,116.00049192033131
268.76,115.39878498426067
268.77,114.80068987947655
268.78,114.20618321890524
268.79,113.61524178319168
268.8,113.02784251948721
268.81,112.44396254024404
268.82,111.86357912201653
268.83,111.28666970426914
268.84,110.71321188819121
268.85,110.14318343551844
268.86,109.5765622673612
268.87,109.01332646303955
268.88,108.45345425892509
268.89,107.89692404728953
268.9,107.34371437516002
268.91,106.79380394318133
268.92,106.24717160448469
268.93,105.7037963635635
268.94,105.16365737515571
268.95,104.62673394313299
268.96,104.09300551939668
268.97,103.56245170278044
268.98,103.03505223795962
268.99,102.51078701436747
269.0,101.98963606511788
269.01,101.47157956593503
269.02,100.95659783408959
269.03,100.4446713273417
269.04,99.93578064289055
269.05,99.42990651633073
269.06,98.92702982061513
269.07,98.42713156502454
269.08,97.93019289414381
269.09,97.43619508684478
269.1,96.94511955527555
269.11,96.45694784385663
269.12,95.97166162828334
269.13,95.48924271453507
269.14,95.00967303789079
269.15,94.53293466195132
269.16,94.05900977766788
269.17,93.58788070237726
269.18,93.11952987884341
269.19,92.65393987430544
269.2,92.19109337953205
269.21,91.73097320788239
269.22,91.27356229437326
269.23,90.81884369475269
269.24,90.36680058457982
269.25,89.91741625831114
269.26,89.47067412839299
269.27,89.02655772436034
269.28,88.58505069194182
269.29,88.14613679217092
269.3,87.7097999005035
269.31,87.27602400594135
269.32,86.84479321016201
269.33,86.4160917266546
269.34,85.9899038798619
269.35,85.56621410432837
269.36,85.14500694385427
269.37,84.72626705065588
269.38,84.30997918453158
269.39,83.89612821203406
269.4,83.48469910564832
269.41,83.07567694297573
269.42,82.66904690592395
269.43,82.26479427990262
269.44,81.86290445302508
269.45,81.46336291531574
269.46,81.06615525792331
269.47,80.67126717233982
269.48,80.2786844496253
269.49,79.88839297963824
269.5,79.50037875027168
269.51,79.11462784669499
269.52,78.73112645060124
269.53,78.34986083946016
269.54,77.97081738577675
269.55,77.59398255635533
269.56,77.21934291156909
269.57,76.84688510463526
269.58,76.47659588089562
269.59,76.10846207710239
269.6,75.7424706207097
269.61,75.37860852917022
269.62,75.01686290923729
269.63,74.65722095627223
269.64,74.29966995355703
269.65,73.94419727161227
269.66,73.59079036752021
269.67,73.23943678425316
269.68,72.8901241500069
269.69,72.54284017753936
269.7,72.19757266351431
269.71,71.85430948785017
269.72,71.51303861307387
269.73,71.17374808367973
269.74,70.83642602549325
269.75,70.50106064504004
269.76,70.16764022891945
269.77,69.83615314318327
269.78,69.50658783271925
269.79,69.17893282063943
269.8,68.85317670767337
269.81,68.52930817156603
269.82,68.20731596648051
269.83,67.88718892240549
269.84,67.56891594456735
269.85,67.25248601284699
269.86,66.93788818120119
269.87,66.62511157708872
269.88,66.31414540090093
269.89,66.0049789253969
269.9,65.69760149514315
269.91,65.3920025259578
269.92,65.08817150435927
269.93,64.78609798701922
269.94,64.48577160022016
269.95,64.18718203931726
269.96,63.89031906820453
269.97,63.59517251878536
269.98,63.30173229044731
269.99,63.00998834954121
270.0,62.71993072886443
270.01,62.43154952714842
270.02,62.14483490855036
270.03,61.85977710214899
270.04,61.576366401444595
270.05,61.294593163863006
270.06,61.01444781026371
270.07,60.735920824452
270.08,60.45900275269511
270.09,60.183684203242336
270.1,59.90995584584911
270.11,59.637808411305
270.12,59.3672326909656
270.13,59.09821953628829
270.14,58.83075985837185
270.15,58.564844627499866
270.16,58.30046487268793
270.17,58.03761168123461
270.18,57.776276198276136
270.19,57.5164496263448
270.2,57.258123224931055
270.21,57.0012883100492
270.22,56.74593625380677
270.23,56.49205848397748
270.24,56.239646483577744
270.25,55.988691790446744
270.26,55.73918599683002
270.27,55.491120748966544
270.28,55.2444877466793
270.29,54.999278742969224
270.3,54.75548554361266
270.31,54.5131000067621
270.32,54.2721140425504
270.33,54.03251961269823
270.34,53.79430873012491
270.35,53.5574734585625
270.36,53.32200591217314
270.37,53.08789825516969
270.38,52.8551427014395
270.39,52.62373151417142
270.4,52.39365700548596
270.41,52.1649115360686
270.42,51.937487514806186
270.43,51.71137739842643
270.44,51.48657369114049
270.45,51.26306894428858
270.46,51.04085575598856
270.47,50.819926770787596
270.48,50.60027467931673
270.49,50.381892217948426
270.5,50.16477216845698
270.51,49.948907357681925
270.52,49.73429065719425
270.53,49.52091498296546
270.54,49.308773295039494
270.55,49.097858597207455
270.56,48.8881639366851
270.57,48.679682403793116
270.58,48.47240713164008
270.59,48.26633129580822
270.6,48.0614481140418
270.61,47.857750845938206
270.62,47.65523279264166
270.63,47.453887296539605
270.64,47.253707740961644
270.65,47.05468754988109
270.66,46.85682018761907
270.67,46.66009915855119
270.68,46.46451800681669
270.69,46.2700703160301
270.7,46.0767497089954
270.71,45.88454984742262
270.72,45.69346443164685
270.73,45.503487200349724
270.74,45.314611930283235
270.75,45.126832435995965
270.76,44.94014256956166
270.77,44.75453622031011
270.78,44.570007314560385
270.79,44.386549815356354
270.8,44.204157722204435
270.81,44.02282507081367
270.82,43.84254593283796
270.83,43.663314415620576
270.84,43.48512466194082
270.85,43.3079708497629
270.86,43.131847191986935
270.87,42.95674793620209
270.88,42.782667364441885
270.89,42.60959979294152
270.9,42.437539571897375
270.91,42.266481085228484
270.92,42.096418750340135
270.93,41.927347017889424
270.94,41.75926037155289
270.95,41.592153327796076
270.96,41.4260204356451
270.97,41.26085627646017
270.98,41.096655463711045
270.99,40.933412642754426
271.0,40.7711224906132
271.01,40.60977971575764
271.02,40.449379057888414
271.03,40.289915287721485
271.04,40.131383206774835
271.05,39.97377764715699
271.06,39.81709347135739
271.07,39.66132557203847
271.08,39.506468871829604
271.09,39.352518323122716
271.1,39.199468907869694
271.11,39.047315637381466
271.12,38.89605355212884
271.13,38.74567772154498
271.14,38.596183243829586
271.15,38.447565245754724
271.16,38.2998188824723
271.17,38.15293933732316
271.18,38.00692182164779
271.19,37.86176157459864
271.2,37.71745386295399
271.21,37.57399398093344
271.22,37.43137725001488
271.23,37.289599018753094
271.24,37.14865466259975
271.25,37.00853958372505
271.26,36.86924921084077
271.27,36.73077899902481
271.28,36.593124429547224
271.29,36.45628100969771
271.3,36.3202442726145
271.31,36.18500977711469
271.32,36.050573107526006
271.33,35.91692987351995
271.34,35.784075709946315
271.35,35.65200627666912
271.36,35.52071725840383
271.37,35.390204364555984
271.38,35.26046332906115
271.39,35.13148991022616
271.4,35.00327989057166
271.41,34.87582907667603
271.42,34.74913329902045
271.43,34.62318841183537
271.44,34.49799029294816
271.45,34.373534843632015
271.46,34.2498179884561
271.47,34.12683567513694
271.48,34.00458387439097
271.49,33.883058579788326
271.5,33.76225580760781
271.51,33.642171596693
271.52,33.52280200830956
271.53,33.40414312600372
271.54,33.2861910554618
271.55,33.16894192437099
271.56,33.05239188228116
271.57,32.93653710046778
271.58,32.821373771796026
271.59,32.70689811058583
271.6,32.593106352478145
271.61,32.47999475430215
271.62,32.36755959394362
271.63,32.25579717021427
271.64,32.14470380272215
271.65,32.03427583174305
271.66,31.92450961809297
271.67,31.815401543001517
271.68,31.706948007986362
271.69,31.599145434728637
271.7,31.49199026494933
271.71,31.38547896028663
271.72,31.279608002174243
271.73,31.17437389172063
271.74,31.06977314958921
271.75,30.965802315879458
271.76,30.86245795000895
271.77,30.759736630596294
271.78,30.65763495534498
271.79,30.556149540928107
271.8,30.45527702287399
271.81,30.35501405545265
271.82,30.255357311563177
271.83,30.15630348262192
271.84,30.05784927845155
271.85,29.95999142717095
271.86,29.862726675085955
271.87,29.766051786580874
271.88,29.66996354401088
271.89,29.574458747595155
271.9,29.479534215310885
271.91,29.38518678278799
271.92,29.29141330320469
271.93,29.198210647183807
271.94,29.10557570268986
271.95,29.013505374926904
271.96,28.921996586237135
271.97,28.831046276000226
271.98,28.740651400533405
271.99,28.650808932992284
272.0,28.561515863272376
272.01,28.472769197911354
272.02,28.384565959992013
272.03,28.296903189045935
272.04,28.20977794095784
272.05,28.123187287870643
272.06,28.03712831809118
272.07,27.95159813599662
272.08,27.866593861941517
272.09,27.782112632165575
272.1,27.69815159870202
272.11,27.614707929286652
272.12,27.53177880726752
272.13,27.449361431515253
272.14,27.367453016334004
272.15,27.286050791373032
272.16,27.20515200153889
272.17,27.124753906908243
272.18,27.044853782641265
272.19,26.965448918895675
272.2,26.886536620741328
272.21,26.808114208075427
272.22,26.730179015538294
272.23,26.65272839242974
272.24,26.575759702625994
272.25,26.4992703244972
272.26,26.42325765082548
272.27,26.347719088723554
272.28,26.272652059553906
272.29,26.198053998848494
272.3,26.123922356229013
272.31,26.05025459532768
272.32,25.97704819370855
272.33,25.904300642789373
272.34,25.83200944776394
272.35,25.76017212752499
272.36,25.688786214587573
272.37,25.617849255012974
272.38,25.54735880833309
272.39,25.47731244747534
272.4,25.40770775868805
272.41,25.338542341466315
272.42,25.269813808478368
272.43,25.20151978549241
272.44,25.133657911303917
272.45,25.06622583766343
272.46,24.99922122920478
272.47,24.93264176337381
272.48,24.866485130357518
272.49,24.800749033013687
272.5,24.73543118680094
272.51,24.670529319709246
272.52,24.606041172190864
272.53,24.541964497091733
272.54,24.478297059583284
272.55,24.415036637094676
272.56,24.35218101924548
272.57,24.289728007778763
272.58,24.22767541649458
272.59,24.166021071183916
272.6,24.104762809563002
272.61,24.043898481208057
272.62,23.98342594749042
272.63,23.9233430815121
272.64,23.863647768041698
272.65,23.804337903450733
272.66,23.745411395650365
272.67,23.686866164028483
272.68,23.6287001393872
272.69,23.570911263880692
272.7,23.513497490953462
272.71,23.456456785278924
272.72,23.39978712269839
272.73,23.343486490160412
272.74,23.28755288566049
272.75,23.23198431818113
272.76,23.17677880763228
272.77,23.12193438479209
272.78,23.067449091248047
272.79,23.01332097933845
272.8,22.95954811209423
272.81,22.90612856318111
272.82,22.853060416842105
272.83,22.80034176784037
272.84,22.747970721402346
272.85,22.6959453931613
272.86,22.64426390910112
272.87,22.592924405500497
272.88,22.54192502887739
272.89,22.491263935933834
272.9,22.440939293501053
272.91,22.3909492784849
272.92,22.341292077811598
272.93,22.2919658883738
272.94,22.242968916976952
272.95,22.19429938028597
272.96,22.145955504772203
272.97,22.097935526660716
272.98,22.050237691877857
272.99,22.002860255999135
273.0,21.955801484197377
273.01,21.909059651191182
273.02,21.86263304119367
273.03,21.816519947861515
273.04,21.770718674244254
273.05,21.72522753273389
273.06,21.68004484501478
273.07,21.635168942013788
273.08,21.590598163850718
273.09,21.54633085978903
273.1,21.502365388186824
273.11,21.458700116448092
273.12,21.415333420974243
273.13,21.372263687115886
273.14,21.329489309124895
273.15,21.287008690106713
273.16,21.24482024197294
273.17,21.20292238539416
273.18,21.161313549753054
273.19,21.119992173097728
273.2,21.078956702095333
273.21,21.038205591985907
273.22,20.997737306536493
273.23,20.957550317995484
273.24,20.917643107047223
273.25,20.87801416276686
273.26,20.838661982575427
273.27,20.799585072195175
273.28,20.76078194560514
273.29,20.72225112499696
273.3,20.68399114073091
273.31,20.646000531292195
273.32,20.608277843247446
273.33,20.570821631201486
273.34,20.533630457754295
273.35,20.496702893458217
273.36,20.460037516775394
273.37,20.42363291403543
273.38,20.387487679393264
273.39,20.35160041478728
273.4,20.315969729897652
273.41,20.280594242104865
273.42,20.2454725764485
273.43,20.210603365586213
273.44,20.175985249752944
273.45,20.14161687672032
273.46,20.107496901756292
273.47,20.073623987584973
273.48,20.03999680434669
273.49,20.006614029558243
273.5,19.97347434807338
273.51,19.940576452043466
273.52,19.907919040878365
273.53,19.87550082120753
273.54,19.84332050684129
273.55,19.811376818732338
273.56,19.779668484937424
273.57,19.74819424057924
273.58,19.716952827808527
273.59,19.685942995766332
273.6,19.655163500546514
273.61,19.62461310515841
273.62,19.59429057948971
273.63,19.564194700269503
273.64,19.53432425103156
273.65,19.50467802207775
273.66,19.475254810441697
273.67,19.446053419852575
273.68,19.417072660699134
273.69,19.388311349993895
273.7,19.359768311337522
273.71,19.331442374883387
273.72,19.30333237730231
273.73,19.2754371617475
273.74,19.24775557781965
273.75,19.220286481532227
273.76,19.193028735276943
273.77,19.165981207789393
273.78,19.139142774114884
273.79,19.112512315574424
273.8,19.0860887197309
273.81,19.05987088035541
273.82,19.033857697393806
273.83,19.008048076933353
273.84,18.982440931169617
273.85,18.95703517837348
273.86,18.931829742858355
273.87,18.906823554947536
273.88,18.882015550941748
273.89,18.857404673086847
273.9,18.83298986954169
273.91,18.80877009434617
273.92,18.784744307389396
273.93,18.760911474378076
273.94,18.737270566805034
273.95,18.71382056191788
273.96,18.690560442687875
273.97,18.667489197778917
273.98,18.644605821516716
273.99,18.621909313858104
274.0,18.599398680360526
274.01,18.577072932151665
274.02,18.554931085899238
274.03,18.532972163780933
274.04,18.511195193454512
274.05,18.48959920802807
274.06,18.468183246030435
274.07,18.446946351381715
274.08,18.425887573364022
274.09,18.40500596659232
274.1,18.38430059098543
274.11,18.36377051173719
274.12,18.34341479928776
274.13,18.323232529295073
274.14,18.303222782606426
274.15,18.283384645230228
274.16,18.26371720830789
274.17,18.244219568085853
274.18,18.224890825887762
274.19,18.205730088086796
274.2,18.18673646607812
274.21,18.167909076251487
274.22,18.149247039963985
274.23,18.130749483512922
274.24,18.112415538108845
274.25,18.094244339848704
274.26,18.07623502968915
274.27,18.058386753419978
274.28,18.04069866163769
274.29,18.023169909719222
274.3,18.005799657795766
274.31,17.988587070726776
274.32,17.971531318074064
274.33,17.954631574076053
274.34,17.937887017622167
274.35,17.921296832227327
274.36,17.90486020600661
274.37,17.888576331650018
274.38,17.872444406397385
274.39,17.856463632013412
274.4,17.840633214762832
274.41,17.824952365385705
274.42,17.80942029907284
274.43,17.794036235441336
274.44,17.778799398510262
274.45,17.763709016676458
274.46,17.748764322690462
274.47,17.733964553632564
274.48,17.71930895088897
274.49,17.704796760128108
274.5,17.690427231277063
274.51,17.676199618498096
274.52,17.66211318016533
274.53,17.64816717884154
274.54,17.63436088125504
274.55,17.620693558276738
274.56,17.607164484897268
274.57,17.59377294020426
274.58,17.580518207359738
274.59,17.56739957357761
274.6,17.554416330101297
274.61,17.541567772181466
274.62,17.528853199053895
274.63,17.516271913917432
274.64,17.503823223912093
274.65,17.491506440097247
274.66,17.47932087742995
274.67,17.467265854743353
274.68,17.455340694725262
274.69,17.44354472389678
274.7,17.43187727259107
274.71,17.420337674932252
274.72,17.40892526881437
274.73,17.397639395880503
274.74,17.38647940150197
274.75,17.375444634757642
274.76,17.364534448413387
274.77,17.35374819890159
274.78,17.3430852463008
274.79,17.332544954315477
274.8,17.322126690255867
274.81,17.31182982501794
274.82,17.30165373306349
274.83,17.291597792400275
274.84,17.28166138456233
274.85,17.27184389459034
274.86,17.262144711012116
274.87,17.252563225823206
274.88,17.24309883446758
274.89,17.23375093581843
274.9,17.224518932159068
274.91,17.215402229163928
274.92,17.206400235879666
274.93,17.197512364706366
274.94,17.188738031378836
274.95,17.180076654948024
274.96,17.1715276577625
274.97,17.163090465450068
274.98,17.154764506899465
274.99,17.14654921424215
275.0,17.138444022834204
275.01,17.13044837123831
275.02,17.12256170120585
275.03,17.11478345765908
275.04,17.10711308867341
275.05,17.09955004545978
275.06,17.092093782347114
275.07,17.0847437567649
275.08,17.077499429225835
275.09,17.07036026330856
275.1,17.06332572564053
275.11,17.05639528588092
275.12,17.049568416703664
275.13,17.042844593780565
275.14,17.036223295764508
275.15,17.02970400427275
275.16,17.02328620387032
275.17,17.01696938205348
275.18,17.01075302923331
275.19,17.004636638719347
275.2,16.99861970670334
275.21,16.992701732243084
275.22,16.986882217246325
275.23,16.981160666454784
275.24,16.975536587428238
275.25,16.97000949052871
275.26,16.96457888890473
275.27,16.959244298475678
275.28,16.954005237916235
275.29,16.9488612286409
275.3,16.943811794788587
275.31,16.938856463207323
275.32,16.933994763439017
275.33,16.929226227704316
275.34,16.92455039088754
275.35,16.91996679052171
275.36,16.915474966773644
275.37,16.911074462429145
275.38,16.90676482287826
275.39,16.90254559610063
275.4,16.898416332650914
275.41,16.894376585644295
275.42,16.890425910742067
275.43,16.88656386613729
275.44,16.88279001254055
275.45,16.879103913165764
275.46,16.875505133716082
275.47,16.87199324236987
275.48,16.868567809766763
275.49,16.86522840899378
275.5,16.861974615571558
275.51,16.85880600744061
275.52,16.8557221649477
275.53,16.852722670832264
275.54,16.849807110212932
275.55,16.8469750705741
275.56,16.844226141752593
275.57,16.841559915924396
275.58,16.838975987591457
275.59,16.836473953568564
275.6,16.8340534129703
275.61,16.831713967198056
275.62,16.82945521992714
275.63,16.827276777093935
275.64,16.825178246883134
275.65,16.823159239715057
275.66,16.82121936823302
275.67,16.819358247290793
275.68,16.817575493940115
275.69,16.815870727418282
275.7,16.814243569135808
275.71,16.81269364266415
275.72,16.811220573723507
275.73,16.80982399017067
275.74,16.808503521986975
275.75,16.807258801266276
275.76,16.806089462203033
275.77,16.80499514108043
275.78,16.80397547625858
275.79,16.803030108162787
275.8,16.80215867927188
275.81,16.801360834106607
275.82,16.80063621921809
275.83,16.799984483176367
275.84,16.79940527655896
275.85,16.79889825193955
275.86,16.79846306387668
275.87,16.798099368902548
275.88,16.797806825511838
275.89,16.79758509415064
275.9,16.797433837205418
275.91,16.797352718992034
275.92,16.797341405744852
275.93,16.797399565605883
275.94,16.79752686861401
275.95,16.79772298669426
275.96,16.797987593647147
275.97,16.798320365138064
275.98,16.79872097868675
275.99,16.799189113656794
276.0,16.79972445124523
276.01,16.800326674472153
276.02,16.800995468170434
276.03,16.801730518975457
276.04,16.802531515314943
276.05,16.803398147398806
276.06,16.80433010720909
276.07,16.805327088489953
276.08,16.8063887867377
276.09,16.807514899190885
276.1,16.80870512482047
276.11,16.809959164320023
276.12,16.811276720095993
276.13,16.812657496258026
276.14,16.814101198609347
276.15,16.81560753463718
276.16,16.817176213503245
276.17,16.81880694603429
276.18,16.820499444712688
276.19,16.822253423667085
276.2,16.8240685986631
276.21,16.82594468709408
276.22,16.8278814079719
276.23,16.82987848191784
276.24,16.831935631153474
276.25,16.834052579491647
276.26,16.836229052327493
276.27,16.838464776629493
276.28,16.840759480930604
276.29,16.843112895319415
276.3,16.845524751431377
276.31,16.84799478244007
276.32,16.85052272304853
276.33,16.853108309480604
276.34,16.855751279472383
276.35,16.858451372263666
276.36,16.86120832858948
276.37,16.86402189067165
276.38,16.86689180221041
276.39,16.869817808376062
276.4,16.872799655800705
276.41,16.875837092569974
276.42,16.878929868214865
276.43,16.882077733703575
276.44,16.88528044143342
276.45,16.888537745222763
276.46,16.891849400303027
276.47,16.895215163310727
276.48,16.89863479227956
276.49,16.902108046632527
276.5,16.905634687174135
276.51,16.9092144760826
276.52,16.91284717690212
276.53,16.91653255453519
276.54,16.920270375234967
276.55,16.924060406597658
276.56,16.92790241755498
276.57,16.93179617836664
276.58,16.93574146061287
276.59,16.939738037187016
276.6,16.94378568228814
276.61,16.947884171413694
276.62,16.95203328135222
276.63,16.956232790176113
276.64,16.960482477234383
276.65,16.964782123145515
276.66,16.969131509790323
276.67,16.973530420304883
276.68,16.97797863907347
276.69,16.982475951721575
276.7,16.987022145108927
276.71,16.99161700732258
276.72,16.996260327670036
276.73,17.000951896672394
276.74,17.005691506057556
276.75,17.010478948753466
276.76,17.01531401888139
276.77,17.02019651174923
276.78,17.02512622384488
276.79,17.030102952829626
276.8,17.035126497531582
276.81,17.040196657939152
276.82,17.045313235194556
276.83,17.050476031587362
276.84,17.05568485054809
276.85,17.060939496641822
276.86,17.066239775561872
276.87,17.071585494123482
276.88,17.07697646025756
276.89,17.08241248300444
276.9,17.08789337250772
276.91,17.093418940008068
276.92,17.09898899783714
276.93,17.10460335941147
276.94,17.110261839226443
276.95,17.11596425285027
276.96,17.121710416918013
276.97,17.12750014912566
276.98,17.133333268224195
276.99,17.139209594013746
277.0,17.145128947337735
277.01,17.15109115007709
277.02,17.157096025144458
277.03,17.16314339647849
277.04,17.169233089038126
277.05,17.17536492879694
277.06,17.1815387427375
277.07,17.187754358845762
277.08,17.194011606105516
277.09,17.20031031449284
277.1,17.206650314970606
277.11,17.213031439483014
277.12,17.219453520950143
277.13,17.22591639326255
277.14,17.23241989127591
277.15,17.238963850805657
277.16,17.245548108621684
277.17,17.252172502443067
277.18,17.258836870932814
277.19,17.26554105369265
277.2,17.27228489125783
277.21,17.27906822509199
277.22,17.285890897582018
277.23,17.292752752032968
277.24,17.299653632662984
277.25,17.306593384598287
277.26,17.313571853868147
277.27,17.320588887399932
277.28,17.327644333014153
277.29,17.33473803941955
277.3,17.3418698562082
277.31,17.34903963385068
277.32,17.35624722369122
277.33,17.363492477942913
277.34,17.370775249682943
277.35,17.378095392847843
277.36,17.38545276222878
277.37,17.39284721346687
277.38,17.40027860304852
277.39,17.4077467883008
277.4,17.415251627386834
277.41,17.422792979301235
277.42,17.43037070386555
277.43,17.437984661723732
277.44,17.445634714337665
277.45,17.45332072398268
277.46,17.461042553743127
277.47,17.468800067507942
277.48,17.476593129966286
277.49,17.48442160660316
277.5,17.492285363695085
277.51,17.500184268305784
277.52,17.508118188281898
277.53,17.51608699224873
277.54,17.524090549606022
277.55,17.532128730523727
277.56,17.540201405937843
277.57,17.54830844754625
277.58,17.55644972780458
277.59,17.564625119922106
277.6,17.572834497857656
277.61,17.581077736315564
277.62,17.589354710741627
277.63,17.597665297319104
277.64,17.606009372964717
277.65,17.6143868153247
277.66,17.622797502770855
277.67,17.63124131439664
277.68,17.63971813001327
277.69,17.648227830145867
277.7,17.656770296029592
277.71,17.66534540960584
277.72,17.673953053518435
277.73,17.682593111109853
277.74,17.691265466417473
277.75,17.699970004169845
277.76,17.70870660978298
277.77,17.71747516935666
277.78,17.726275569670786
277.79,17.735107698181725
277.8,17.743971443018697
277.81,17.752866692980177
277.82,17.76179333753031
277.83,17.770751266795365
277.84,17.7797403715602
277.85,17.78876054326475
277.86,17.797811674000535
277.87,17.80689365650719
277.88,17.816006384169015
277.89,17.82514975101155
277.9,17.834323651698167
277.91,17.84352798152668
277.92,17.852762636425986
277.93,17.86202751295271
277.94,17.871322508287886
277.95,17.88064752023364
277.96,17.890002447209927
277.97,17.899387188251243
277.98,17.90880164300339
277.99,17.918245711720242
278.0,17.92771929526055
278.01,17.937222295084744
278.02,17.94675461325177
278.03,17.956316152415937
278.04,17.965906815823793
278.05,17.97552650731101
278.06,17.985175131299297
278.07,17.994852592793315
278.08,18.004558797377637
278.09,18.014293651213706
278.1,18.024057061036814
278.11,18.033848934153106
278.12,18.043669178436602
278.13,18.05351770232623
278.14,18.063394414822877
278.15,18.073299225486476
278.16,18.083232044433082
278.17,18.09319278233199
278.18,18.10318135040286
278.19,18.113197660412855
278.2,18.12324162467381
278.21,18.133313156039403
278.22,18.14341216790236
278.23,18.153538574191654
278.24,18.16369228936975
278.25,18.17387322842984
278.26,18.18408130689312
278.27,18.194316440806052
278.28,18.204578546737675
278.29,18.21486754177691
278.3,18.225183343529903
278.31,18.23552587011735
278.32,18.245895040171877
278.33,18.256290772835417
278.34,18.266712987756595
278.35,18.277161605088146
278.36,18.28763654548434
278.37,18.298137730098425
278.38,18.30866508058008
278.39,18.319218519072898
278.4,18.329797968211867
278.41,18.340403351120877
278.42,18.35103459141024
278.43,18.361691613174226
278.44,18.372374340988614
278.45,18.38308269990825
278.46,18.39381661546464
278.47,18.404576013663533
278.48,18.41536082098254
278.49,18.426170964368747
278.5,18.437006371236375
278.51,18.447866969464414
278.52,18.458752687394302
278.53,18.4696634538276
278.54,18.480599198023697
278.55,18.49155984969752
278.56,18.502545339017257
278.57,18.513555596602092
278.58,18.52459055351997
278.59,18.535650141285362
278.6,18.54673429185703
278.61,18.55784293763585
278.62,18.568976011462595
278.63,18.580133446615775
278.64,18.59131517680946
278.65,18.60252113619114
278.66,18.61375125933958
278.67,18.625005481262704
278.68,18.636283737395473
278.69,18.6475859635978
278.7,18.658912096152445
278.71,18.670262071762977
278.72,18.68163582755168
278.73,18.693033301057532
278.74,18.704454430234158
278.75,18.71589915344781
278.76,18.727367409475374
278.77,18.738859137502352
278.78,18.7503742771209
278.79,18.761912768327846
278.8,18.773474551522735
278.81,18.78505956750588
278.82,18.79666775747643
278.83,18.80829906303046
278.84,18.819953426159042
278.85,18.831630789246358
278.86,18.843331095067814
278.87,18.85505428678817
278.88,18.86680030795967
278.89,18.878569102520196
278.9,18.89036061479143
278.91,18.902174789477026
278.92,18.9140115716608
278.93,18.925870906804914
278.94,18.937752740748092
278.95,18.949657019703842
278.96,18.961583690258678
278.97,18.973532699370367
278.98,18.985503994366177
278.99,18.997497522941142
279.0,19.009513233156344
279.01,19.021551073437184
279.02,19.03361099257169
279.03,19.045692939708815
279.04,19.05779686435677
279.05,19.06992271638134
279.06,19.082070446004213
279.07,19.09424000380136
279.08,19.106431340701374
279.09,19.11864440798384
279.1,19.13087915727773
279.11,19.143135540559772
279.12,19.155413510152883
279.13,19.167713018724555
279.14,19.18003401928529
279.15,19.192376465187028
279.16,19.204740310121586
279.17,19.217125508119125
279.18,19.229532013546596
279.19,19.24195978110622
279.2,19.254408765833976
279.21,19.266878923098073
279.22,19.27937020859748
279.23,19.291882578360415
279.24,19.304415988742875
279.25,19.316970396427166
279.26,19.329545758420444
279.27,19.34214203205326
279.28,19.354759174978128
279.29,19.36739714516808
279.3,19.380055900915263
279.31,19.392735400829505
279.32,19.405435603836924
279.33,19.418156469178534
279.34,19.43089795640885
279.35,19.443660025394518
279.36,19.456442636312953
279.37,19.469245749650973
279.38,19.482069326203444
279.39,19.494913327071952
279.4,19.507777713663465
279.41,19.520662447689013
279.42,19.533567491162366
279.43,19.546492806398735
279.44,19.559438356013473
279.45,19.57240410292079
279.46,19.58539001033246
279.47,19.598396041756573
279.48,19.61142216099625
279.49,19.624468332148393
279.5,19.63753451960245
279.51,19.65062068803917
279.52,19.66372680242936
279.53,19.67685282803269
279.54,19.689998730396457
279.55,19.70316447535439
279.56,19.716350029025453
279.57,19.72955535781265
279.58,19.742780428401854
279.59,19.756025207760622
279.6,19.769289663137034
279.61,19.782573762058544
279.62,19.795877472330815
279.63,19.809200762036593
279.64,19.822543599534562
279.65,19.83590595345822
279.66,19.849287792714758
279.67,19.862689086483964
279.68,19.876109804217094
279.69,19.8895499156358
279.7,19.903009390731025
279.71,19.916488199761933
279.72,19.929986313254826
279.73,19.943503702002083
279.74,19.957040337061105
279.75,19.97059618975326
279.76,19.984171231662827
279.77,19.99776543463598
279.78,20.011378770779746
279.79,20.02501121246098
279.8,20.03866273230536
279.81,20.052333303196367
279.82,20.066022898274287
279.83,20.079731490935224
279.84,20.0934590548301
279.85,20.107205563863687
279.86,20.120970992193623
279.87,20.134755314229448
279.88,20.14855850463165
279.89,20.162380538310707
279.9,20.176221390426132
279.91,20.190081036385553
279.92,20.20395945184376
279.93,20.217856612701798
279.94,20.231772495106025
279.95,20.245707075447218
279.96,20.259660330359655
279.97,20.273632236720218
279.98,20.287622771647506
279.99,20.301631912500934
280.0,20.315659636879865
280.01,20.32970592262273
280.02,20.343770747806158
280.03,20.357854090744123
280.04,20.371955929987074
280.05,20.386076244321103
280.06,20.400215012767084
280.07,20.414372214579856
280.08,20.428547829247375
280.09,20.442741836489894
280.1,20.45695421625916
280.11,20.471184948737577
280.12,20.485434014337415
280.13,20.499701393700008
280.14,20.513987067694963
280.15,20.52829101741936
280.16,20.542613224196977
280.17,20.55695366957752
280.18,20.571312335335843
280.19,20.585689203471187
280.2,20.60008425620642
280.21,20.61449747598728
280.22,20.628928845481646
280.23,20.643378347578764
280.24,20.657845965388542
280.25,20.672331682240806
280.26,20.686835481684575
280.27,20.701357347487345
280.28,20.71589726363437
280.29,20.730455214327968
280.3,20.745031183986804
280.31,20.759625157245196
280.32,20.774237118952435
280.33,20.788867054172083
280.34,20.803514948181306
280.35,20.81818078647019
280.36,20.83286455474108
280.37,20.847566238907906
280.38,20.86228582509553
280.39,20.877023299639095
280.4,20.891778649083374
280.41,20.906551860182123
280.42,20.921342919897448
280.43,20.93615181539917
280.44,20.950978534064205
280.45,20.96582306347593
280.46,20.980685391423577
280.47,20.995565505901613
280.48,21.010463395109138
280.49,21.025379047449277
280.5,21.0403124515286
280.51,21.055263596156504
280.52,21.070232470344653
280.53,21.085219063306383
280.54,21.10022336445612
280.55,21.11524536340882
280.56,21.130285049979403
280.57,21.145342414182174
280.58,21.160417446230287
280.59,21.175510136535184
280.6,21.19062047570604
280.61,21.205748454549237
280.62,21.220894064067814
280.63,21.236057295460935
280.64,21.251238140123366
280.65,21.26643658964495
280.66,21.28165263581009
280.67,21.296886270597227
280.68,21.312137486178337
280.69,21.32740627491843
280.7,21.342692629375048
280.71,21.35799654229776
280.72,21.373318006627677
280.73,21.38865701549698
280.74,21.40401356222842
280.75,21.419387640334843
280.76,21.434779243518722
280.77,21.450188365671696
280.78,21.46561500087409
280.79,21.48105914339447
280.8,21.496520787689185
280.81,21.511999928401906
280.82,21.527496560363197
280.83,21.54301067859007
280.84,21.55854227828553
280.85,21.57409135483817
280.86,21.589657903821724
280.87,21.605241920994647
280.88,21.6208434022997
280.89,21.63646234386352
280.9,21.65209874199624
280.91,21.66775259319105
280.92,21.68342389412381
280.93,21.699112641652647
280.94,21.714818832817564
280.95,21.73054246484005
280.96,21.746283535122693
280.97,21.762042041248797
280.98,21.77781798098201
280.99,21.79361135226595
281.0,21.809422153223817
281.01,21.825250382158067
281.02,21.841096037550017
281.03,21.8569591180595
281.04,21.872839622524513
281.05,21.88873754996087
281.06,21.90465289956185
281.07,21.920585670697868
281.08,21.93653586291613
281.09,21.9525034759403
281.1,21.968488509670177
281.11,21.984490964181365
281.12,22.000510839724956
281.13,22.016548136727213
281.14,22.032602855789253
281.15,22.04867499768675
281.16,22.06476456336961
281.17,22.080871553961693
281.18,22.096995970760492
281.19,22.11313781523687
281.2,22.129297089034733
281.21,22.14547379397078
281.22,22.1616679320342
281.23,22.1778795053864
281.24,22.194108516360732
281.25,22.21035496746222
281.26,22.226618861367296
281.27,22.242900200923536
281.28,22.2591989891494
281.29,22.275515229233985
281.3,22.291848924536758
281.31,22.308200078587323
281.32,22.32456869508517
281.33,22.34095477789943
281.34,22.357358331068657
281.35,22.37377935880057
281.36,22.39021786547184
281.37,22.406673855627865
281.38,22.42314733398254
281.39,22.439638305418047
281.4,22.456146774984628
281.41,22.472672747900386
281.42,22.489216229551076
281.43,22.505777225489894
281.44,22.522355741437284
281.45,22.538951783280744
281.46,22.55556535707462
281.47,22.572196469039934
281.48,22.58884512556418
281.49,22.605511333201157
281.5,22.622195098670783
281.51,22.638896428858917
281.52,22.6556153308172
281.53,22.672351811762866
281.54,22.689105879078603
281.55,22.70587754031237
281.56,22.722666803177244
281.57,22.739473675551285
281.58,22.756298165477354
281.59,22.773140281162995
281.6,22.790000030980266
281.61,22.80687742346562
281.62,22.82377246731976
281.63,22.8406851714075
281.64,22.85761554475764
281.65,22.874563596562844
281.66,22.89152933617951
281.67,22.90851277312765
281.68,22.925513917090786
281.69,22.94253277791582
281.7,22.959569365612932
281.71,22.97662369035548
281.72,22.99369576247989
281.73,23.01078559248556
281.74,23.02789319103476
281.75,23.045018568952543
281.76,23.062161737226656
281.77,23.079322707007456
281.78,23.09650148960782
281.79,23.11369809650308
281.8,23.130912539330925
281.81,23.148144829891354
281.82,23.165394980146587
281.83,23.182663002221013
281.84,23.199948908401115
281.85,23.217252711135423
281.86,23.234574423034452
281.87,23.25191405687065
281.88,23.269271625578348
281.89,23.286647142253713
281.9,23.304040620154712
281.91,23.321452072701067
281.92,23.338881513474217
281.93,23.356328956217293
281.94,23.373794414835082
281.95,23.391277903394002
281.96,23.40877943612208
281.97,23.426299027408938
281.98,23.44383669180576
281.99,23.461392444025297
282.0,23.47896629894185
282.01,23.496558271591258
282.02,23.514168377170904
282.03,23.53179663103971
282.04,23.549443048718146
282.05,23.567107645888218
282.06,23.5847904383935
282.07,23.602491442239142
282.08,23.62021067359187
282.09,23.637948148780023
282.1,23.65570388429357
282.11,23.67347789678413
282.12,23.691270203065017
282.13,23.70908082011125
282.14,23.72690976505961
282.15,23.744757055208655
282.16,23.76262270801879
282.17,23.780506741112287
282.18,23.79840917227335
282.19,23.816330019448152
282.2,23.834269300744907
282.21,23.852227034433916
282.22,23.870203238947628
282.23,23.88819793288071
282.24,23.906211134990112
282.25,23.924242864195136
282.26,23.942293139577515
282.27,23.96036198038148
282.28,23.97844940601386
282.29,23.996555436044137
282.3,24.01468009020456
282.31,24.03282338839022
282.32,24.050985350659147
282.33,24.069165997232407
282.34,24.0873653484942
282.35,24.10558342499196
282.36,24.123820247436473
282.37,24.142075836701977
282.38,24.16035021382627
282.39,24.178643400010834
282.4,24.196955416620956
282.41,24.215286285185837
282.42,24.23363602739873
282.43,24.252004665117067
282.44,24.27039222036258
282.45,24.288798715321455
282.46,24.30722417234445
282.47,24.32566861394705
282.48,24.344132062809607
282.49,24.362614541777482
282.5,24.38111607386121
282.51,24.399636682236647
282.52,24.418176390245122
282.53,24.4367352213936
282.54,24.45531319935486
282.55,24.47391034796764
282.56,24.492526691236822
282.57,24.511162253333605
282.58,24.52981705859568
282.59,24.5484911315274
282.6,24.56718449679998
282.61,24.585897179251685
282.62,24.604629203887992
282.63,24.623380595881816
282.64,24.642151380573694
282.65,24.660941583471978
282.66,24.679751230253043
282.67,24.698580346761503
282.68,24.717428959010405
282.69,24.736297093181452
282.7,24.755184775625214
282.71,24.774092032861347
282.72,24.793018891578825
282.73,24.811965378636156
282.74,24.83093152106161
282.75,24.849917346053463
282.76,24.868922880980218
282.77,24.88794815338086
282.78,24.906993190965093
282.79,24.92605802161357
282.8,24.94514267337817
282.81,24.96424717448223
282.82,24.98337155332081
282.83,25.002515838460948
282.84,25.021680058641923
282.85,25.040864242775527
282.86,25.060068419946326
282.87,25.079292619411937
282.88,25.098536870603304
282.89,25.117801203124976
282.9,25.137085646755395
282.91,25.15639023144717
282.92,25.17571498732738
282.93,25.19505994469786
282.94,25.2144251340355
282.95,25.233810585992547
282.96,25.253216331396896
282.97,25.272642401252416
282.98,25.292088826739242
282.99,25.311555639214102
283.0,25.33104287021063
283.01,25.35055055143968
283.02,25.37007871478966
283.03,25.389627392326847
283.04,25.409196616295738
283.05,25.428786419119362
283.06,25.44839683339963
283.07,25.468027891917682
283.08,25.487679627634215
283.09,25.507352073689844
283.1,25.527045263405455
283.11,25.54675923028255
283.12,25.56649400800362
283.13,25.586249630432494
283.14,25.606026131614716
283.15,25.625823545777905
283.16,25.64564190733214
283.17,25.66548125087033
283.18,25.68534161116859
283.19,25.705223023186637
283.2,25.72512552206817
283.21,25.74504914314126
283.22,25.764993921918748
283.23,25.78495989409865
283.24,25.80494709556455
283.25,25.824955562386005
283.26,25.844985330818965
283.27,25.865036437306173
283.28,25.885108918477602
283.29,25.90520281115085
283.3,25.925318152331588
283.31,25.945454979213977
283.32,25.965613329181096
283.33,25.985793239805393
283.34,26.005994748849105
283.35,26.026217894264718
283.36,26.046462714195407
283.37,26.066729246975484
283.38,26.08701753113086
283.39,26.107327605379506
283.4,26.127659508631897
283.41,26.1480132799915
283.42,26.16838895875523
283.43,26.188786584413936
283.44,26.209206196652865
283.45,26.229647835352157
283.46,26.25011154058732
283.47,26.27059735262973
283.48,26.29110531194711
283.49,26.31163545920405
283.5,26.332187835262488
283.51,26.35276248118222
283.52,26.37335943822142
283.53,26.393978747837142
283.54,26.414620451685842
283.55,26.435284591623898
283.56,26.45597120970814
283.57,26.476680348196375
283.58,26.497412049547922
283.59,26.518166356424153
283.6,26.53894331168903
283.61,26.559742958409657
283.62,26.580565339856822
283.63,26.60141049950556
283.64,26.622278481035707
283.65,26.643169328332466
283.66,26.664083085486965
283.67,26.685019796796844
283.68,26.705979506766816
283.69,26.726962260109254
283.7,26.74796810174477
283.71,26.768997076802812
283.72,26.790049230622248
283.73,26.811124608751964
283.74,26.83222325695147
283.75,26.8533452211915
283.76,26.87449054765463
283.77,26.89565928273588
283.78,26.916851473043344
283.79,26.938067165398806
283.8,26.959306406838373
283.81,26.9805692446131
283.82,27.001855726189635
283.83,27.023165899250852
283.84,27.044499811696504
283.85,27.06585751164387
283.86,27.0872390474284
283.87,27.108644467604396
283.88,27.13007382094565
283.89,27.151527156446136
283.9,27.173004523320664
283.91,27.19450597100557
283.92,27.216031549159393
283.93,27.23758130766356
283.94,27.259155296623085
283.95,27.280753566367256
283.96,27.302376167450344
283.97,27.324023150652305
283.98,27.345694566979496
283.99,27.367390467665377
284.0,27.389110904171247
284.01,27.41085592818696
284.02,27.432625591631663
284.03,27.454419946654514
284.04,27.476239045635445
284.05,27.49808294118589
284.06,27.519951686149536
284.07,27.541845333603092
284.08,27.563763936857033
284.09,27.585707549456366
284.1,27.60767622518141
284.11,27.62967001804856
284.12,27.65168898231108
284.13,27.67373317245987
284.14,27.695802643224273
284.15,27.717897449572863
284.16,27.740017646714243
284.17,27.76216329009786
284.18,27.784334435414806
284.19,27.80653113859864
284.2,27.828753455826206
284.21,27.851001443518467
284.22,27.87327515834133
284.23,27.895574657206485
284.24,27.917899997272254
284.25,27.940251235944434
284.26,27.96262843087715
284.27,27.985031639973716
284.28,28.0074609213875
284.29,28.029916333522802
284.3,28.052397935035714
284.31,28.074905784835014
284.32,28.097439942083053
284.33,28.120000466196636
284.34,28.142587416847938
284.35,28.1652008539654
284.36,28.187840837734626
284.37,28.21050742859933
284.38,28.23320068726222
284.39,28.255920674685953
284.4,28.27866745209406
284.41,28.30144108097188
284.42,28.324241623067515
284.43,28.347069140392765
284.44,28.369923695224106
284.45,28.392805350103632
284.46,28.41571416784004
284.47,28.43865021150959
284.48,28.4616135444571
284.49,28.484604230296927
284.5,28.507622332913957
284.51,28.530667916464612
284.52,28.553741045377844
284.53,28.576841784356162
284.54,28.59997019837664
284.55,28.623126352691937
284.56,28.646310312831343
284.57,28.669522144601803
284.58,28.692761914088965
284.59,28.71602968765823
284.6,28.739325531955814
284.61,28.762649513909796
284.62,28.786001700731205
284.63,28.809382159915085
284.64,28.832790959241578
284.65,28.85622816677702
284.66,28.879693850875032
284.67,28.903188080177625
284.68,28.92671092361631
284.69,28.95026245041321
284.7,28.97384273008219
284.71,28.997451832429977
284.72,29.02108982755731
284.73,29.04475678586008
284.74,29.06845277803047
284.75,29.09217787505812
284.76,29.115932148231302
284.77,29.13971566913808
284.78,29.163528509667493
284.79,29.187370742010742
284.8,29.211242438662378
284.81,29.235143672421515
284.82,29.259074516393024
284.83,29.283035043988765
284.84,29.307025328928788
284.85,29.331045445242587
284.86,29.355095467270328
284.87,29.379175469664084
284.88,29.403285527389105
284.89,29.427425715725068
284.9,29.451596110267346
284.91,29.475796786928292
284.92,29.500027821938517
284.93,29.524289291848174
284.94,29.54858127352827
284.95,29.572903844171968
284.96,29.597257081295897
284.97,29.621641062741485
284.98,29.646055866676278
284.99,29.670501571595292
285.0,29.69497825632235
285.01,29.719486000011443
285.02,29.74402488214809
285.03,29.768594982550706
285.04,29.793196381371995
285.05,29.817829159100327
285.06,29.842493396561135
285.07,29.867189174918327
285.08,29.89191657567569
285.09,29.916675680678324
285.1,29.94146657211406
285.11,29.96628933251491
285.12,29.99114404475851
285.13,30.016030792069575
285.14,30.040949658021365
285.15,30.065900726537166
285.16,30.090884081891765
285.17,30.115899808712946
285.18,30.140947991982994
285.19,30.166028717040195
285.2,30.191142069580366
285.21,30.21628813565838
285.22,30.241467001689706
285.23,30.26667875445195
285.24,30.29192348108641
285.25,30.317201269099655
285.26,30.34251220636509
285.27,30.367856381124536
285.28,30.393233881989836
285.29,30.418644797944456
285.3,30.444089218345084
285.31,30.46956723292328
285.32,30.495078931787077
285.33,30.52062440542266
285.34,30.54620374469598
285.35,30.57181704085445
285.36,30.597464385528603
285.37,30.62314587073377
285.38,30.648861588871775
285.39,30.674611632732653
285.4,30.700396095496348
285.41,30.726215070734444
285.42,30.752068652411893
285.43,30.777956934888763
285.44,30.803880012921997
285.45,30.829837981667175
285.46,30.85583093668029
285.47,30.88185897391954
285.48,30.90792218974712
285.49,30.93402068093103
285.5,30.96015454464691
285.51,30.986323878479855
285.52,31.01252878042626
285.53,31.03876934889567
285.54,31.06504568271266
285.55,31.0913578811187
285.56,31.11770604377403
285.57,31.144090270759587
285.58,31.17051066257889
285.59,31.196967320159974
285.6,31.223460344857315
285.61,31.249989838453786
285.62,31.276555903162603
285.63,31.303158641629302
285.64,31.32979815693372
285.65,31.356474552591976
285.66,31.383187932558492
285.67,31.409938401227993
285.68,31.436726063437554
285.69,31.46355102446863
285.7,31.49041339004911
285.71,31.51731326635539
285.72,31.544250760014446
285.73,31.571225978105932
285.74,31.59823902816428
285.75,31.625290018180817
285.76,31.652379056605902
285.77,31.679506252351057
285.78,31.70667171479114
285.79,31.733875553766495
285.8,31.761117879585154
285.81,31.78839880302502
285.82,31.81571843533609
285.83,31.843076888242656
285.84,31.870474273945565
285.85,31.89791070512446
285.86,31.92538629494004
285.87,31.952901157036344
285.88,31.980455405543044
285.89,32.00804915507775
285.9,32.035682520748324
285.91,32.06335561815522
285.92,32.09106856339385
285.93,32.1188214730569
285.94,32.14661446423676
285.95,32.1744476545279
285.96,32.202321162029264
285.97,32.230235105346694
285.98,32.25818960359538
285.99,32.28618477640232
286.0,32.314220743908756
286.01,32.34229762677268
286.02,32.370415546171316
286.03,32.39857462380367
286.04,32.426774981893004
286.05,32.45501674318943
286.06,32.483300030972444
286.07,32.5116249690535
286.08,32.539991681778616
286.09,32.56840029403098
286.1,32.596850931233554
286.11,32.625343719351754
286.12,32.65387878489607
286.13,32.682456254924766
286.14,32.711076257046535
286.15,32.73973891942326
286.16,32.768444370772684
286.17,32.79719274037119
286.18,32.82598415805652
286.19,32.85481875423061
286.2,32.883696659862316
286.21,32.91261800649027
286.22,32.941582926225685
286.23,32.970591551755206
286.24,32.99964401634378
286.25,33.02874045383753
286.26,33.05788099866665
286.27,33.087065785848324
286.28,33.11629495098968
286.29,33.145568630290725
286.3,33.17488696054731
286.31,33.20425007915414
286.32,33.23365812410779
286.33,33.2631112340097
286.34,33.29260954806925
286.35,33.32215320610683
286.36,33.35174234855692
286.37,33.38137711647118
286.38,33.4110576515216
286.39,33.44078409600365
286.4,33.4705565928394
286.41,33.500375285580766
286.42,33.53024031841267
286.43,33.560151836156294
286.44,33.59010998427231
286.45,33.62011490886415
286.46,33.650166756681315
286.47,33.68026567512264
286.48,33.71041181223967
286.49,33.74060531673998
286.5,33.77084633799057
286.51,33.801135026021235
286.52,33.831471531528
286.53,33.861856005876554
286.54,33.89228860110569
286.55,33.92276946993083
286.56,33.953298765747476
286.57,33.98387664263478
286.58,34.014503255359074
286.59,34.04517875937743
286.6,34.07590331084128
286.61,34.10667706660001
286.62,34.137500184204626
286.63,34.168372821911404
286.64,34.19929513868557
286.65,34.23026729420503
286.66,34.26128944886408
286.67,34.292361763777215
286.68,34.32348440078285
286.69,34.354657522447184
286.7,34.385881292067985
286.71,34.417155873678496
286.72,34.448481432051274
286.73,34.47985813270214
286.74,34.511286141894075
286.75,34.542765626641206
286.76,34.574296754712776
286.77,34.60587969463717
286.78,34.637514615705925
286.79,34.669201687977825
286.8,34.70094108228298
286.81,34.73273297022693
286.82,34.7645775241948
286.83,34.796474917355475
286.84,34.82842532366579
286.85,34.86042891787476
286.86,34.892485875527825
286.87,34.92459637297114
286.88,34.95676058735588
286.89,34.98897869664258
286.9,35.02125087960551
286.91,35.05357731583704
286.92,35.0859581857521
286.93,35.1183936705926
286.94,35.150883952431954
286.95,35.18342921417955
286.96,35.21602963958531
286.97,35.24868541324426
286.98,35.281396720601144
286.99,35.314163747955035
287.0,35.34698668246401
287.01,35.37986571214986
287.02,35.412801025902766
287.03,35.44579281348612
287.04,35.47884126554127
287.05,35.511946573592354
287.06,35.54510893005116
287.07,35.57832852822199
287.08,35.61160556230661
287.09,35.644940227409165
287.1,35.67833271954119
287.11,35.71178323562661
287.12,35.74529197350681
287.13,35.778859131945694
287.14,35.81248491063483
287.15,35.846169510198585
287.16,35.87991313219932
287.17,35.913715979142616
287.18,35.94757825448252
287.19,35.981500162626865
287.2,36.01548190894256
287.21,36.04952369976099
287.22,36.083625742383404
287.23,36.11778824508635
287.24,36.15201141712716
287.25,36.18629546874946
287.26,36.2206406111887
287.27,36.25504705667778
287.28,36.28951501845264
287.29,36.324044710757946
287.3,36.35863634885278
287.31,36.39329014901637
287.32,36.42800632855393
287.33,36.46278510580239
287.34,36.49762670013632
287.35,36.53253133197383
287.36,36.56749922278246
287.37,36.60253059508521
287.38,36.63762567246656
287.39,36.672784679578506
287.4,36.70800784214667
287.41,36.74329538697648
287.42,36.77864754195931
287.43,36.81406453607877
287.44,36.84954659941692
287.45,36.88509396316065
287.46,36.920706859607996
287.47,36.956385522174564
287.48,36.992130185399986
287.49,37.027941084954406
287.5,37.063818457645034
287.51,37.09976254142272
287.52,37.13577357538859
287.53,37.17185179980073
287.54,37.207997456080896
287.55,37.24421078682132
287.56,37.28049203579148
287.57,37.316841447945016
287.58,37.353259269426616
287.59,37.38974574757898
287.6,37.426301130949845
287.61,37.46292566929905
287.62,37.49961961360562
287.63,37.53638321607496
287.64,37.57321673014606
287.65,37.61012041049873
287.66,37.647094513060956
287.67,37.68413929501623
287.68,37.72125501481099
287.69,37.758441932162086
287.7,37.79570030806428
287.71,37.833030404797874
287.72,37.87043248593628
287.73,37.907906816353744
287.74,37.945453662233085
287.75,37.98307329107346
287.76,38.020765971698246
287.77,38.05853197426293
287.78,38.09637157026306
287.79,38.134285032542294
287.8,38.17227263530045
287.81,38.210334654101665
287.82,38.24847136588255
287.83,38.286683048960484
287.84,38.324969983041896
287.85,38.36333244923065
287.86,38.40177073003647
287.87,38.440285109383424
287.88,38.4788758726185
287.89,38.5175433065202
287.9,38.55628769930723
287.91,38.595109340647205
287.92,38.63400852166552
287.93,38.67298553495415
287.94,38.712040674580614
287.95,38.751174236096965
287.96,38.79038651654886
287.97,38.82967781448466
287.98,38.86904842996467
287.99,38.90849866457035
288.0,38.94802882141368
288.01,38.987639205146536
288.02,39.02733012197017
288.03,39.06710187964473
288.04,39.1069547874989
288.05,39.146889156439514
288.06,39.18690529896136
288.07,39.22700352915699
288.08,39.267184162726565
288.09,39.30744751698788
288.1,39.34779391088635
288.11,39.388223665005164
288.12,39.42873710157544
288.13,39.469334544486514
288.14,39.510016319296234
288.15,39.55078275324143
288.16,39.591634175248366
288.17,39.632570915943326
288.18,39.67359330766325
288.19,39.71470168446648
288.2,39.75589638214356
288.21,39.79717773822812
288.22,39.838546092007846
288.23,39.88000178453554
288.24,39.92154515864024
288.25,39.96317655893847
288.26,40.0048963318455
288.27,40.04670482558677
288.28,40.088602390209346
288.29,40.13058937759347
288.3,40.17266614146424
288.31,40.21483303740331
288.32,40.25709042286073
288.33,40.29943865716686
288.34,40.341878101544374
288.35,40.38440911912035
288.36,40.427032074938445
288.37,40.4697473359712
288.38,40.51255527113239
288.39,40.555456251289506
288.4,40.598450649276295
288.41,40.641538839905444
288.42,40.68472119998132
288.43,40.72799810831281
288.44,40.771369945726306
288.45,40.81483709507871
288.46,40.85839994127061
288.47,40.90205887125954
288.48,40.94581427407331
288.49,40.98966654082346
288.5,41.03361606471883
288.51,41.077663241079236
288.52,41.12180846734922
288.53,41.16605214311192
288.54,41.21039467010307
288.55,41.2548364522251
288.56,41.29937789556129
288.57,41.34401940839015
288.58,41.38876140119978
288.59,41.43360428670243
288.6,41.47854847984918
288.61,41.52359439784463
288.62,41.56874246016185
288.63,41.61399308855732
288.64,41.65934670708609
288.65,41.70480374211696
288.66,41.750364622347874
288.67,41.796029778821364
288.68,41.841799644940146
288.69,41.887674656482844
288.7,41.93365525161981
288.71,41.97974187092912
288.72,42.02593495741262
288.73,42.0722349565122
288.74,42.11864231612607
288.75,42.1651574866253
288.76,42.211780920870375
288.77,42.25851307422798
288.78,42.305354404587824
288.79,42.35230537237968
288.8,42.399366440590526
288.81,42.44653807478179
288.82,42.4938207431068
288.83,42.541214916328336
288.84,42.588721067836296
288.85,42.63633967366558
288.86,42.684071212514034
288.87,42.731916165760595
288.88,42.779875017483555
288.89,42.82794825447898
288.9,42.8761363662793
288.91,42.92443984517198
288.92,42.97285918621844
288.93,43.02139488727305
288.94,43.070047449002296
288.95,43.11881737490415
288.96,43.16770517132751
288.97,43.2167113474919
288.98,43.26583641550723
288.99,43.315080890393794
289.0,43.36444529010239
289.01,43.41393013553462
289.02,43.46353595056336
289.03,43.51326326205338
289.04,43.563112599882146
289.05,43.61308449696079
289.06,43.66317948925525
289.07,43.71339811580761
289.08,43.76374091875755
289.09,43.81420844336405
289.1,43.86480123802723
289.11,43.91551985431039
289.12,43.96636484696218
289.13,44.01733677393904
289.14,44.06843619642779
289.15,44.11966367886835
289.16,44.171019788976736
289.17,44.222505097768206
289.18,44.2741201795806
289.19,44.32586561209787
289.2,44.37774197637384
289.21,44.429749856856105
289.22,44.4818898414102
289.23,44.53416252134391
289.24,44.58656849143183
289.25,44.6391083499401
289.26,44.69178269865139
289.27,44.744592142890006
289.28,44.79753729154734
289.29,44.850618757107426
289.3,44.90383715567275
289.31,44.95719310699028
289.32,45.01068723447775
289.33,45.064320165250074
289.34,45.118092530146086
289.35,45.17200496375546
289.36,45.22605810444586
289.37,45.280252594390326
289.38,45.334589079594885
289.39,45.38906820992643
289.4,45.4436906391408
289.41,45.49845702491112
289.42,45.55336802885638
289.43,45.608424316570286
289.44,45.66362655765029
289.45,45.71897542572694
289.46,45.77447159849345
289.47,45.830115757735555
289.48,45.88590858936158
289.49,45.941850783432784
289.5,45.99794303419401
289.51,46.054186040104526
289.52,46.110580503869215
289.53,46.16712713246997
289.54,46.2238266371974
289.55,46.28067973368278
289.56,46.337687141930346
289.57,46.394849586349785
289.58,46.45216779578908
289.59,46.5096425035676
289.6,46.567274447509504
289.61,46.625064369977444
289.62,46.68301301790654
289.63,46.74112114283865
289.64,46.799389500957
289.65,46.85781885312104
289.66,46.916409964901675
289.67,46.97516360661678
289.68,47.03408055336701
289.69,47.093161585071975
289.7,47.152407486506696
289.71,47.2118190473384
289.72,47.27139706216366
289.73,47.33114233054583
289.74,47.39105565705286
289.75,47.45113785129539
289.76,47.51138972796527
289.77,47.57181210687433
289.78,47.63240581299357
289.79,47.69317167649266
289.8,47.75411053277984
289.81,47.81522322254213
289.82,47.87651059178593
289.83,47.93797349187799
289.84,47.99961277958674
289.85,48.061429317124
289.86,48.12342397218708
289.87,48.18559761800122
289.88,48.247951133362484
289.89,48.31048540268099
289.9,48.37320131602454
289.91,48.436099769162695
289.92,48.49918166361118
289.93,48.56244790667678
289.94,48.62589941150255
289.95,48.68953709711355
289.96,48.753361888462905
289.97,48.817374716478334
289.98,48.88157651810912
289.99,48.945968236373496
290.0,49.010550820406436
290.01,49.07532522550797
290.02,49.14029241319185
290.03,49.20545335123477
290.04,49.27080901372595
290.05,49.33636038111724
290.06,49.40210844027365
290.07,49.46805418452442
290.08,49.53419861371447
290.09,49.60054273425643
290.1,49.66708755918307
290.11,49.73383410820028
290.12,49.80078340774054
290.13,49.86793649101688
290.14,49.935294398077325
290.15,50.00285817585991
290.16,50.07062887824819
290.17,50.138607566127234
290.18,50.2067953074402
290.19,50.27519317724546
290.2,50.34380225777421
290.21,50.41262363848863
290.22,50.48165841614071
290.23,50.55090769483145
290.24,50.62037258607079
290.25,50.69005420883805
290.26,50.75995368964289
290.27,50.83007216258699
290.28,50.900410769426166
290.29,50.97097065963324
290.3,51.04175299046137
290.31,51.11275892700809
290.32,51.18398964227992
290.33,51.25544631725762
290.34,51.32713014096209
290.35,51.39904231052084
290.36,51.4711840312352
290.37,51.5435565166481
290.38,51.61616098861259
290.39,51.688998677360935
290.4,51.76207082157446
290.41,51.83537866845405
290.42,51.908923473791326
290.43,51.98270650204054
290.44,52.056729026391174
290.45,52.130992328841224
290.46,52.205497700271245
290.47,52.28024644051909
290.48,52.355239858455434
290.49,52.43047927205996
290.5,52.505966008498405
290.51,52.58170140420027
290.52,52.65768680493738
290.53,52.73392356590316
290.54,52.810413051792764
290.55,52.88715663688393
290.56,52.964155705118706
290.57,53.04141165018594
290.58,53.11892587560466
290.59,53.1966997948082
290.6,53.274734831229246
290.61,53.35303241838571
290.62,53.431593999967454
290.63,53.51042102992391
290.64,53.58951497255257
290.65,53.66887730258836
290.66,53.74850950529396
290.67,53.82841307655097
290.68,53.90858952295208
290.69,53.9890403618941
290.7,54.06976712167201
290.71,54.150771341573886
290.72,54.23205457197689
290.73,54.31361837444413
290.74,54.39546432182262
290.75,54.47759399834217
290.76,54.56000899971531
290.77,54.642710933238234
290.78,54.725701417892836
290.79,54.8089820844497
290.8,54.892554575572234
290.81,54.97642054592185
290.82,55.060581662264205
290.83,55.14503960357662
290.84,55.22979606115651
290.85,55.31485273873105
290.86,55.40021135256785
290.87,55.48587363158695
290.88,55.57184131747381
290.89,55.65811616479364
290.9,55.74469994110677
290.91,55.83159442708536
290.92,55.918801416631304
290.93,56.00632271699527
290.94,56.09416014889716
290.95,56.1823155466477
290.96,56.270790758271396
290.97,56.359587645630754
290.98,56.44870808455181
290.99,56.538153964951036
291.0,56.62792719096352
291.01,56.718029681072565
291.02,56.808463368240666
291.03,56.899230200041856
291.04,56.99033213879547
291.05,57.08177116170137
291.06,57.173549260976564
291.07,57.26566844399336
291.08,57.35813073341894
291.09,57.45093816735645
291.1,57.54409279948766
291.11,57.63759669921709
291.12,57.731451951817746
291.13,57.82566065857839
291.14,57.92022493695246
291.15,58.01514692070854
291.16,58.11042876008253
291.17,58.20607262193141
291.18,58.30208068988876
291.19,58.39845516452188
291.2,58.49519826349069
291.21,58.59231222170838
291.22,58.68979929150377
291.23,58.78766174278547
291.24,58.8859018632079
291.25,58.98452195833905
291.26,59.08352435183016
291.27,59.18291138558722
291.28,59.28268541994442
291.29,59.38284883383949
291.3,59.48340402499097
291.31,59.5843534100775
291.32,59.68569942491905
291.33,59.787444524660216
291.34,59.889591183955524
291.35,59.992141897156834
291.36,60.095099178502814
291.37,60.19846556231057
291.38,60.30224360316939
291.39,60.40643587613672
291.4,60.51104497693628
291.41,60.61607352215848
291.42,60.721524149463036
291.43,60.82739951778394
291.44,60.9337023075367
291.45,61.040435220827966
291.46,61.14760098166753
291.47,61.25520233618272
291.48,61.36324205283526
291.49,61.471722922640616
291.5,61.580647759389784
291.51,61.69001939987372
291.52,61.799840704110245
291.53,61.91011455557363
291.54,62.02084386142677
291.55,62.13203155275606
291.56,62.24368058480898
291.57,62.3557939372344
291.58,62.46837461432572
291.59,62.58142564526675
291.6,62.694950084380515
291.61,62.80895101138092
291.62,62.923431531627344
291.63,63.038394776382205
291.64,63.15384390307155
291.65,63.269782095548656
291.66,63.38621256436077
291.67,63.50313854701893
291.68,63.620563308270974
291.69,63.738490140377785
291.7,63.85692236339275
291.71,63.97586332544454
291.72,64.09531640302328
291.73,64.21528500126996
291.74,64.3357725542695
291.75,64.45678252534707
291.76,64.57831840736809
291.77,64.70038372304177
291.78,64.82298202522821
291.79,64.94611689724925
291.8,65.06979195320298
291.81,65.19401083828207
291.82,65.31877722909589
291.83,65.4440948339965
291.84,65.5699673934086
291.85,65.69639868016344
291.86,65.82339249983674
291.87,65.95095269109073
291.88,66.07908312602035
291.89,66.2077877105036
291.9,66.33707038455618
291.91,66.46693512269049
291.92,66.59738593427889
291.93,66.72842686392154
291.94,66.86006199181864
291.95,66.99229543414727
291.96,67.12513134344283
291.97,67.25857390898521
291.98,67.39262735718967
291.99,67.52729595200255
292.0,67.6625839953019
292.01,67.79849582730303
292.02,67.93503582696907
292.03,68.07220841242666
292.04,68.21001804138683
292.05,68.348469211571
292.06,68.48756646114242
292.07,68.62731436914295
292.08,68.76771755593528
292.09,68.90878068365069
292.1,69.05050845664249
292.11,69.19290562194507
292.12,69.33597696973878
292.13,69.47972733382063
292.14,69.62416159208101
292.15,69.76928466698632
292.16,69.91510152606784
292.17,70.06161718241665
292.18,70.20883669518503
292.19,70.35676517009401
292.2,70.50540775994762
292.21,70.65476966515354
292.22,70.80485613425044
292.23,70.95567246444213
292.24,71.10722400213851
292.25,71.25951614350345
292.26,71.41255433500979
292.27,71.56634407400142
292.28,71.72089090926266
292.29,71.87620044159497
292.3,72.03227832440113
292.31,72.18913026427701
292.32,72.34676202161103
292.33,72.50517941119139
292.34,72.66438830282127
292.35,72.82439462194193
292.36,72.98520435026417
292.37,73.14682352640777
292.38,73.3092582465496
292.39,73.47251466508007
292.4,73.63659899526822
292.41,73.80151750993568
292.42,73.96727654213939
292.43,74.13388248586345
292.44,74.30134179672007
292.45,74.4696609926598
292.46,74.63884665469125
292.47,74.80890542761037
292.48,74.97984402073939
292.49,75.15166920867566
292.5,75.3243878320505
292.51,75.49800679829823
292.52,75.67253308243545
292.53,75.8479737278508
292.54,76.02433584710542
292.55,76.20162662274407
292.56,76.37985330811729
292.57,76.55902322821463
292.58,76.73914378050912
292.59,76.92022243581333
292.6,77.10226673914683
292.61,77.28528431061565
292.62,77.46928284630366
292.63,77.654270119176
292.64,77.84025397999507
292.65,78.02724235824878
292.66,78.21524326309184
292.67,78.40426478429967
292.68,78.59431509323568
292.69,78.78540244383167
292.7,78.97753517358193
292.71,79.1707217045509
292.72,79.36497054439495
292.73,79.56029028739816
292.74,79.75668961552262
292.75,79.95417729947323
292.76,80.15276219977737
292.77,80.35245326787967
292.78,80.55325954725195
292.79,80.75519017451886
292.8,80.95825438059914
292.81,81.162461491863
292.82,81.36782093130573
292.83,81.57434221973783
292.84,81.78203497699194
292.85,81.9909089231468
292.86,82.2009738797686
292.87,82.41223977116974
292.88,82.62471662568565
292.89,82.83841457696968
292.9,83.05334386530637
292.91,83.26951483894352
292.92,83.48693795544325
292.93,83.7056237830524
292.94,83.92558300209251
292.95,84.1468264063698
292.96,84.36936490460539
292.97,84.5932095218861
292.98,84.81837140113615
292.99,85.04486180461011
293.0,85.27269211540744
293.01,85.50187383900897
293.02,85.73241860483563
293.03,85.96433816782987
293.04,86.19764441006001
293.05,86.43234934234806
293.06,86.6684651059212
293.07,86.90600397408744
293.08,87.14497835393581
293.09,87.38540078806146
293.1,87.62728395631606
293.11,87.870640677584
293.12,88.11548391158468
293.13,88.36182676070136
293.14,88.60968247183716
293.15,88.85906443829833
293.16,89.10998620170552
293.17,89.36246145393342
293.18,89.61650403907913
293.19,89.87212795545993
293.2,90.12934735764074
293.21,90.38817655849186
293.22,90.64863003127748
293.23,90.91072241177542
293.24,91.1744685004287
293.25,91.43988326452934
293.26,91.70698184043505
293.27,91.97577953581923
293.28,92.24629183195499
293.29,92.51853438603358
293.3,92.79252303351788
293.31,93.0682737905316
293.32,93.34580285628464
293.33,93.62512661553525
293.34,93.9062616410898
293.35,94.18922469634043
293.36,94.47403273784154
293.37,94.76070291792553
293.38,95.04925258735862
293.39,95.33969929803733
293.4,95.63206080572628
293.41,95.9263550728381
293.42,96.22260027125601
293.43,96.52081478519995
293.44,96.82101721413686
293.45,97.12322637573595
293.46,97.42746130886962
293.47,97.73374127666088
293.48,98.042085769578
293.49,98.35251450857719
293.5,98.66504744829425
293.51,98.97970478028573
293.52,99.29650693632077
293.53,99.6154745917242
293.54,99.93662866877197
293.55,100.2599903401397
293.56,100.58558103240516
293.57,100.91342242960589
293.58,101.24353647685253
293.59,101.57594538399906
293.6,101.91067162937082
293.61,102.24773796355133
293.62,102.58716741322884
293.63,102.92898328510373
293.64,103.27320916985771
293.65,103.61986894618595
293.66,103.96898678489308
293.67,104.32058715305433
293.68,104.67469481824283
293.69,105.03133485282406
293.7,105.39053263831894
293.71,105.75231386983643
293.72,106.11670456057685
293.73,106.48373104640739
293.74,106.85341999051066
293.75,107.22579838810792
293.76,107.60089357125793
293.77,107.97873321373297
293.78,108.35934533597317
293.79,108.74275831012065
293.8,109.12900086513463
293.81,109.51810209198914
293.82,109.91009144895457
293.83,110.3049987669646
293.84,110.70285425506982
293.85,111.10368850597976
293.86,111.50753250169463
293.87,111.91441761922839
293.88,112.3243756364248
293.89,112.73743873786786
293.9,113.1536395208884
293.91,113.57301100166842
293.92,113.99558662144483
293.93,114.42140025281437
293.94,114.85048620614133
293.95,115.28287923606987
293.96,115.71861454814284
293.97,116.15772780552864
293.98,116.60025513585835
293.99,117.04623313817463
294.0,117.49569888999459
294.01,117.94868995448834
294.02,118.40524438777544
294.03,118.86540074634095
294.04,119.32919809457344
294.05,119.79667601242674
294.06,120.26787460320776
294.07,120.74283450149231
294.08,121.2215968811713
294.09,121.70420346362934
294.1,122.19069652605812
294.11,122.68111890990667
294.12,123.17551402947103
294.13,123.67392588062549
294.14,124.17639904969786
294.15,124.68297872249119
294.16,125.19371069345428
294.17,125.70864137500371
294.18,126.22781780699964
294.19,126.7512876663781
294.2,127.27909927694238
294.21,127.81130161931601
294.22,128.34794434106024
294.23,128.88907776695848
294.24,129.43475290947063
294.25,129.98502147936003
294.26,130.53993589649582
294.27,131.09954930083367
294.28,131.6639155635777
294.29,132.2330892985265
294.3,132.80712587360642
294.31,133.38608142259494
294.32,133.9700128570372
294.33,134.558977878359
294.34,135.15303499017915
294.35,135.75224351082443
294.36,136.35666358605044
294.37,136.96635620197154
294.38,137.58138319820304
294.39,138.20180728121926
294.4,138.8276920379304
294.41,139.45910194948212
294.42,140.09610240528065
294.43,140.73875971724758
294.44,141.38714113430714
294.45,142.0413148571101
294.46,142.70135005299736
294.47,143.36731687120707
294.48,144.039286458329
294.49,144.71733097400957
294.5,145.40152360691118
294.51,146.09193859092997
294.52,146.78865122167517
294.53,147.4917378732142
294.54,148.2012760150871
294.55,148.9173442295942
294.56,149.64002222936057
294.57,150.36939087518152
294.58,151.10553219415252
294.59,151.84852939808766
294.6,152.59846690223057
294.61,153.3554303442612
294.62,154.11950660360304
294.63,154.89078382103384
294.64,155.6693514186044
294.65,156.4553001198689
294.66,157.24872197043047
294.67,158.0497103588063
294.68,158.8583600376156
294.69,159.67476714509456
294.7,160.4990292269418
294.71,161.3312452584981
294.72,162.17151566726426
294.73,163.0199423557605
294.74,163.87662872473095
294.75,164.74167969669708
294.76,165.61520173986315
294.77,166.49730289237743
294.78,167.38809278695214
294.79,168.2876826758457
294.8,169.19618545621015
294.81,170.11371569580697
294.82,171.04038965909427
294.83,171.9763253336879
294.84,172.9216424571994
294.85,173.87646254445335
294.86,174.84090891508637
294.87,175.81510672153024
294.88,176.7991829773809
294.89,177.79326658615548
294.9,178.79748837043905
294.91,179.81198110142233
294.92,180.8368795288319
294.93,181.87232041125378
294.94,182.91844254685122
294.95,183.97538680447704
294.96,185.043296155181
294.97,186.12231570411183
294.98,187.2125927228137
294.99,188.31427668191623
295.0,189.42751928421703
295.01,190.5524744981552
295.02,191.68929859167383
295.03,192.83815016646935
295.04,193.99919019262467
295.05,195.172582043623
295.06,196.35849153173865
295.07,197.55708694380027
295.08,198.76853907732195
295.09,199.99302127699636
295.1,201.2307094715444
295.11,202.4817822109141
295.12,203.74642070382163
295.13,205.02480885562636
295.14,206.317133306531
295.15,207.62358347009703
295.16,208.94435157206536
295.17,210.27963268947028
295.18,211.62962479003494
295.19,212.99452877183484
295.2,214.37454850321524
295.21,215.7698908629472
295.22,217.18076578060587
295.23,218.60738627715355
295.24,220.04996850570893
295.25,221.50873179248234
295.26,222.983898677856
295.27,224.47569495758657
295.28,225.9843497241061
295.29,227.51009540789553
295.3,229.05316781890429
295.31,230.6138061879867
295.32,232.19225320832555
295.33,233.78875507681008
295.34,235.40356153533503
295.35,237.03692591198487
295.36,238.68910516206515
295.37,240.36035990894177
295.38,242.05095448464587
295.39,243.76115697020023
295.4,245.49123923562118
295.41,247.24147697954686
295.42,249.01214976844085
295.43,250.8035410753172
295.44,252.61593831793087
295.45,254.4496328963737
295.46,256.3049202300149
295.47,258.18209979371983
295.48,260.08147515328073
295.49,262.00335399998664
295.5,263.9480481842593
295.51,265.9158737482768
295.52,267.9071509575041
295.53,269.9222043310452
295.54,271.961362670729
295.55,274.0249590888365
295.56,276.11333103437323
295.57,278.22682031778635
295.58,280.3657731340228
295.59,282.5305400838194
295.6,284.7214761931123
295.61,286.9389409304484
295.62,289.183298222276
295.63,291.45491646598947
295.64,293.75416854059455
295.65,296.08143181485934
295.66,298.43708815280854
295.67,300.8215239164146
295.68,303.2351299653334
295.69,305.67830165352774
295.7,308.15143882261526
295.71,310.6549457917728
295.72,313.1892313440225
295.73,315.75470870872107
295.74,318.351795540065
295.75,320.98091389142166
295.76,323.64249018528807
295.77,326.33695517867386
295.78,329.0647439236991
295.79,331.8262957231914
295.8,334.6220540810601
295.81,337.45246664722026
295.82,340.3179851568316
295.83,343.21906536361286
295.84,346.15616696698515
295.85,349.1297535327915
295.86,352.14029240733475
295.87,355.1882546244694
295.88,358.2741148054768
295.89,361.39835105144897
295.9,364.5614448278983
295.91,367.7638808413077
295.92,371.00614690732846
295.93,374.28873381032923
295.94,377.61213515399453
295.95,380.97684720266665
295.96,384.38336871312094
295.97,387.8322007564604
295.98,391.32384652981244
295.99,394.8588111575076
296.0,398.4376014814172
296.01,402.0607258401252
296.02,405.7286938366087
296.03,409.44201609409885
296.04,413.20120399979567
296.05,417.00676943611
296.06,420.85922449910606
296.07,424.75908120382167
296.08,428.70685117614465
296.09,432.7030453309285
296.1,436.74817353603413
296.11,440.8427442619913
296.12,444.98726421697825
296.13,449.18223796682815
296.14,453.42816753977735
296.15,457.72555201568287
296.16,462.0748870994462
296.17,466.47666467839446
296.18,470.9313723633838
296.19,475.43949301340507
296.2,480.0015042434897
296.21,484.61787791573227
296.22,489.28907961326604
296.23,494.0155680970509
296.24,498.7977947453554
296.25,503.6362029758422
296.26,508.531227650191
296.27,513.4832944612253
296.28,518.4928193025382
296.29,523.5602076206457
296.3,528.685853749733
296.31,533.8701402290951
296.32,539.1134371034104
296.33,544.4161012060309
296.34,549.7784754255124
296.35,555.200887955655
296.36,560.6836515293717
296.37,566.2270626367492
296.38,571.8314007277218
296.39,577.4969273998249
296.4,583.2238855715572
296.41,589.0124986419305
296.42,594.8629696368512
296.43,600.7754803430304
296.44,606.7501904301889
296.45,612.7872365623796
296.46,618.886731499319
296.47,625.0487631886831
296.48,631.2733938503892
296.49,637.5606590539542
296.5,643.9105667900867
296.51,650.3230965377394
296.52,656.7981983279169
296.53,663.3357918056037
296.54,669.9357652912447
296.55,676.5979748432801
296.56,683.3222433233028
296.57,690.1083594654742
296.58,696.956076951899
296.59,703.8651134957228
296.6,710.8351499337795
296.61,717.8658293306737
296.62,724.9567560962413
296.63,732.1074951183843
296.64,739.3175709133293
296.65,746.5864667954025
296.66,753.9136240684635
296.67,761.2984412411711
296.68,768.7402732682978
296.69,776.2384308203318
296.7,783.792179583635
296.71,791.4007395934392
296.72,799.0632846019818
296.73,806.7789414840806
296.74,814.5467896824558
296.75,822.3658606950917
296.76,830.2351376069249
296.77,838.1535546681175
296.78,846.1199969211486
296.79,854.1332998789194
296.8,862.1922492560225
296.81,870.295580755274
296.82,878.4419799115453
296.83,886.6300819948617
296.84,894.8584719746599
296.85,903.1256845470087
296.86,911.4302042265037
296.87,919.7704655044452
296.88,928.1448530747987
296.89,936.55170212932
296.9,944.9892987230984
296.91,953.4558802116427
296.92,961.9496357604926
296.93,970.4687069281903
296.94,979.011188323296
296.95,987.5751283359705
296.96,996.158529944483
296.97,1004.7593515968334
296.98,1013.3755081675022
296.99,1022.0048719891645
297.0,1030.6452739590216
297.01,1039.294504719218
297.02,1047.9503159106273
297.03,1056.6104214990985
297.04,1065.2724991730677
297.05,1073.934191811249
297.06,1082.5931090189315
297.07,1091.246828731216
297.08,1099.89289888135
297.09,1108.528839132122
297.1,1117.1521426681106
297.11,1125.7602780464006
297.12,1134.3506911032061
297.13,1142.9208069136837
297.14,1151.4680318020517
297.15,1159.9897553989854
297.16,1168.4833527431088
297.17,1176.9461864232715
297.18,1185.3756087581696
297.19,1193.7689640097512
297.2,1202.1235906267382
297.21,1210.4368235144982
297.22,1218.705996327414
297.23,1226.9284437798158
297.24,1235.1015039714837
297.25,1243.2225207236652
297.26,1251.2888459215185
297.27,1259.297841858856
297.28,1267.2468835810457
297.29,1275.1333612219257
297.3,1282.9546823305868
297.31,1290.7082741839026
297.32,1298.3915860807126
297.33,1306.002091613609
297.34,1313.5372909143296
297.35,1320.9947128688252
297.36,1328.371917298151
297.37,1335.666497101409
297.38,1342.8760803570794
297.39,1349.9983323791757
297.4,1357.0309577247854
297.41,1363.971702149677
297.42,1370.8183545087982
297.43,1377.568748598625
297.44,1384.2207649384804
297.45,1390.7723324880953
297.46,1397.2214302988496
297.47,1403.5660890963009
297.48,1409.8043927917859
297.49,1415.9344799210535
297.5,1421.9545450080773
297.51,1427.8628398523779
297.52,1433.657674738372
297.53,1439.3374195654583
297.54,1444.9005048977383
297.55,1450.3454229324611
297.56,1455.6707283864712
297.57,1460.8750393001278
297.58,1465.9570377583523
297.59,1470.9154705286421
297.6,1475.7491496160767
297.61,1480.4569527355152
297.62,1485.037823701361
297.63,1489.4907727354434
297.64,1493.814876693722
297.65,1498.0092792126911
297.66,1502.0731907765057
297.67,1506.0058887060038
297.68,1509.8067170709403
297.69,1513.4750865268816
297.7,1517.0104740783372
297.71,1520.4124227698283
297.72,1523.6805413066998
297.73,1526.814503607595
297.74,1529.8140482906038
297.75,1532.6789780951874
297.76,1535.4091592420646
297.77,1538.0045207333158
297.78,1540.4650535950316
297.79,1542.7908100648851
297.8,1544.981902727063
297.81,1547.0385035970269
297.82,1548.9608431586178
297.83,1550.7492093560386
297.84,1552.4039465432736
297.85,1553.9254543935137
297.86,1555.314186771167
297.87,1556.5706505690273
297.88,1557.6954045131745
297.89,1558.6890579381609
297.9,1559.5522695350219
297.91,1560.2857460746256
297.92,1560.890241108846
297.93,1561.3665536520064
297.94,1561.7155268450063
297.95,1561.9380466044972
297.96,1562.0350402594247
297.97,1562.0074751772052
297.98,1561.8563573817485
297.99,1561.58273016548
298.0,1561.187672697455
298.01,1560.6722986295943
298.02,1560.0377547030039
298.03,1559.2852193562733
298.04,1558.4159013375788
298.05,1557.4310383223465
298.06,1556.331895538156
298.07,1555.1197643984951
298.08,1553.7959611469014
298.09,1552.3618255129518
298.1,1550.818719381487
298.11,1549.1680254763842
298.12,1547.4111460601168
298.13,1545.549501650267
298.14,1543.5845297540823
298.15,1541.5176836220974
298.16,1539.3504310217695
298.17,1537.0842530320049
298.18,1534.7206428593881
298.19,1532.2611046768538
298.2,1529.7071524854782
298.21,1527.0603089999995
298.22,1524.3221045586174
298.23,1521.494076057556
298.24,1518.5777659108187
298.25,1515.5747210355044
298.26,1512.4864918629971
298.27,1509.314631376292
298.28,1506.0606941736621
298.29,1502.7262355588264
298.3,1499.3128106577292
298.31,1495.821973561996
298.32,1492.2552764990842
298.33,1488.6142690291133
298.34,1484.9004972683078
298.35,1481.1155031389612
298.36,1477.2608236457822
298.37,1473.3379901784615
298.38,1469.3485278402552
298.39,1465.2939548023612
298.4,1461.1757816838287
298.41,1456.9955109567218
298.42,1452.7546363762272
298.43,1448.4546424353814
298.44,1444.0970038440655
298.45,1439.6831850318981
298.46,1435.2146396746439
298.47,1430.6928102437337
298.48,1426.1191275784802
298.49,1421.4950104805612
298.5,1416.8218653303302
298.51,1412.1010857245028
298.52,1407.3340521347618
298.53,1402.5221315868118
298.54,1397.6666773594125
298.55,1392.7690287029104
298.56,1387.8305105767886
298.57,1382.8524334057474
298.58,1377.836092853829
298.59,1372.7827696160973
298.6,1367.693729227383
298.61,1362.5702218876067
298.62,1357.4134823031907
298.63,1352.2247295440757
298.64,1347.0051669158595
298.65,1341.7559818465763
298.66,1336.478345787644
298.67,1331.1734141285062
298.68,1325.8423261245048
298.69,1320.486204837519
298.7,1315.1061570889208
298.71,1309.703273424395
298.72,1304.2786280901828
298.73,1298.8332790203133
298.74,1293.3682678343978
298.75,1287.8846198455633
298.76,1282.3833440781152
298.77,1276.865433294524
298.78,1271.3318640313398
298.79,1265.7835966436453
298.8,1260.2215753576704
298.81,1254.6467283311943
298.82,1249.059967721375
298.83,1243.4621897596508
298.84,1237.8542748333687
298.85,1232.2370875738052
298.86,1226.6114769502492
298.87,1220.97827636983
298.88,1215.3383037827791
298.89,1209.692361792826
298.9,1204.0412377724324
298.91,1198.3857039825832
298.92,1192.7265176968574
298.93,1187.0644213295116
298.94,1181.4001425673162
298.95,1175.7343945048963
298.96,1170.0678757833318
298.97,1164.401270731783
298.98,1158.7352495119158
298.99,1153.0704682649073
299.0,1147.4075692608194
299.01,1141.747181050138
299.02,1136.0899186172803
299.03,1130.4363835358834
299.04,1124.7871641256875
299.05,1119.1428356108443
299.06,1113.503960279477
299.07,1107.8710876443345
299.08,1102.2447546043804
299.09,1096.625485607172
299.1,1091.0137928118836
299.11,1085.4101762528383
299.12,1079.8151240034176
299.13,1074.229112340224
299.14,1068.652605907375
299.15,1063.0860578808176
299.16,1057.529910132552
299.17,1051.9845933946594
299.18,1046.4505274230398
299.19,1040.92812116076
299.2,1035.4177729009266
299.21,1029.919870448997
299.22,1024.4347912844482
299.23,1018.9629027217281
299.24,1013.5045620704151
299.25,1008.0601167945197
299.26,1002.6299046708631
299.27,997.2142539464716
299.28,991.8134834949296
299.29,986.4279029716394
299.3,981.0578129679341
299.31,975.7035051640003
299.32,970.3652624805629
299.33,965.0433592292945
299.34,959.7380612619075
299.35,954.4496261178972
299.36,949.1783031709001
299.37,943.9243337736389
299.38,938.6879514014257
299.39,933.469381794199
299.4,928.268843097069
299.41,923.0865459993535
299.42,917.9226938720823
299.43,912.7774829039558
299.44,907.6511022357408
299.45,902.5437340930911
299.46,897.4555539177817
299.47,892.3867304973465
299.48,887.3374260931113
299.49,882.3077965666147
299.5,877.2979915044134
299.51,872.3081543412662
299.52,867.3384224816949
299.53,862.3889274199212
299.54,857.4597948581785
299.55,852.5511448234004
299.56,847.6630917822876
299.57,842.7957447547565
299.58,837.9492074257731
299.59,833.1235782555776
299.6,828.3189505883055
299.61,823.535412759011
299.62,818.7730481991019
299.63,814.031935540192
299.64,809.3121487163806
299.65,804.6137570649704
299.66,799.9368254256293
299.67,795.281414238012
299.68,790.6475796378485
299.69,786.0353735515137
299.7,781.4448437890875
299.71,776.8760341359214
299.72,772.3289844427205
299.73,767.8037307141578
299.74,763.3003051960318
299.75,758.818736460982
299.76,754.3590494927776
299.77,749.9212657691919
299.78,745.5054033434787
299.79,741.1114769244645
299.8,736.7394979552715
299.81,732.3894746906885
299.82,728.0614122732019
299.83,723.7553128077052
299.84,719.4711754349008
299.85,715.208996403411
299.86,710.9687691406127
299.87,706.7504843222129
299.88,702.5541299405802
299.89,698.3796913718485
299.9,694.2271514418085
299.91,690.0964904906035
299.92,685.9876864362448
299.93,681.9007148369634
299.94,677.8355489524133
299.95,673.7921598037426
299.96,669.770516232548
299.97,665.7705849587286
299.98,661.7923306372553
299.99,657.8357159138702
300.0,653.9007014797326
300.01,649.9872461250266
300.02,646.0953067915461
300.03,642.2248386242726
300.04,638.3757950219592
300.05,634.5481276867395
300.06,630.7417866727723
300.07,626.9567204339402
300.08,623.1928758706148
300.09,619.4501983755043
300.1,615.728631878597
300.11,612.0281188912157
300.12,608.3486005491981
300.13,604.690016655214
300.14,601.0523057202379
300.15,597.4354050041867
300.16,593.8392505557385
300.17,590.2637772513452
300.18,586.7089188334519
300.19,583.1746079479371
300.2,579.6607761807865
300.21,576.1673540940121
300.22,572.694271260832
300.23,569.2414563001201
300.24,565.8088369101409
300.25,562.3963399015801
300.26,559.0038912298835
300.27,555.6314160269168
300.28,552.2788386319568
300.29,548.9460826220264
300.3,545.6330708415858
300.31,542.3397254315881
300.32,539.0659678579152
300.33,535.8117189392002
300.34,532.5768988740504
300.35,529.3614272676801
300.36,526.1652231579649
300.37,522.9882050409255
300.38,519.8302908956551
300.39,516.6913982086963
300.4,513.5714439978806
300.41,510.4703448356381
300.42,507.38801687178943
300.43,504.3243758558265
300.44,501.2793371586936
300.45,498.25281579407755
300.46,495.2447264392154
300.47,492.2549834552291
300.48,489.28350090699547
300.49,486.33019258256115
300.5,483.39497201210946
300.51,480.477752486489
300.52,477.57844707531115
300.53,474.69696864462526
300.54,471.83322987417927
300.55,468.9871432742732
300.56,466.15862120221414
300.57,463.34757587837925
300.58,460.5539194018951
300.59,457.77756376594
300.6,455.01842087267715
300.61,452.27640254782517
300.62,449.55142055487323
300.63,446.84338660894764
300.64,444.15221239033656
300.65,441.47780955767956
300.66,438.82008976082824
300.67,436.1789646533847
300.68,433.5543459049239
300.69,430.94614521290606
300.7,428.3542743142855
300.71,425.7786449968211
300.72,423.2191691100955
300.73,420.6757585762475
300.74,418.1483254004241
300.75,415.6367816809573
300.76,413.14103961927185
300.77,410.66101152952814
300.78,408.19660984800674
300.79,405.7477471422387
300.8,403.31433611988746
300.81,400.896289637387
300.82,398.49352070834107
300.83,396.1059425116888
300.84,393.7334683996405
300.85,391.3760119053895
300.86,389.0334867506032
300.87,386.7058068526993
300.88,384.39288633191046
300.89,382.09463951814183
300.9,379.8109809576266
300.91,377.5418254193826
300.92,375.28708790147454
300.93,373.0466836370862
300.94,370.8205281004056
300.95,368.60853701232855
300.96,366.41062634598205
300.97,364.226712332074
300.98,362.0567114640705
300.99,359.90054050320583
301.0,357.758116483328
301.01,355.6293567155836
301.02,353.5141787929445
301.03,351.4125005945816
301.04,349.3242402900866
301.05,347.24931634354675
301.06,345.18764751747483
301.07,343.1391528765978
301.08,341.10375179150685
301.09,339.0813639421724
301.1,337.0719093213262
301.11,335.07530823771384
301.12,333.0914813192207
301.13,331.12034951587333
301.14,329.1618341027199
301.15,327.2158566825916
301.16,325.282339188748
301.17,323.3612038874088
301.18,321.45237338017455
301.19,319.5557706063386
301.2,317.67131884509314
301.21,315.7989417176307
301.22,313.93856318914516
301.23,312.09010757073236
301.24,310.2534995211945
301.25,308.4286640487494
301.26,306.6155265126468
301.27,304.81401262469467
301.28,303.0240484506963
301.29,301.2455604118013
301.3,299.4784752857721
301.31,297.72272020816763
301.32,295.97822267344645
301.33,294.2449105359911
301.34,292.5227120110555
301.35,290.81155567563707
301.36,289.11137046927564
301.37,287.42208569478066
301.38,285.7436310188882
301.39,284.0759364728501
301.4,282.418932452956
301.41,280.77254972099075
301.42,279.13671940462774
301.43,277.51137299776104
301.44,275.8964423607764
301.45,274.2918597207637
301.46,272.69755767167163
301.47,271.1134691744066
301.48,269.5395275568766
301.49,267.9756665139818
301.5,266.4218201075535
301.51,264.87792276624185
301.52,263.34390928535464
301.53,261.81971482664767
301.54,260.30527491806833
301.55,258.80052545345364
301.56,257.30540269218335
301.57,255.81984325879029
301.58,254.34378414252808
301.59,252.87716269689793
301.6,251.4199166391355
301.61,249.9719840496588
301.62,248.53330337147824
301.63,247.10381340956982
301.64,245.68345333021261
301.65,244.27216266029131
301.66,242.86988128656506
301.67,241.4765494549032
301.68,240.0921077694892
301.69,238.71649719199348
301.7,237.3496590407161
301.71,235.99153498969997
301.72,234.642067067816
301.73,233.3011976578202
301.74,231.96886949538455
301.75,230.6450256681013
301.76,229.3296096144626
301.77,228.02256512281548
301.78,226.7238363302932
301.79,225.4333677217238
301.8,224.1511041285164
301.81,222.87699072752602
301.82,221.61097303989763
301.83,220.35299692989025
301.84,219.1030086036814
301.85,217.86095460815295
301.86,216.62678182965885
301.87,215.4004374927752
301.88,214.1818691590337
301.89,212.97102472563847
301.9,211.76785242416747
301.91,210.57230081925871
301.92,209.38431880728177
301.93,208.20385561499552
301.94,207.03086079819212
301.95,205.8652842403284
301.96,204.7070761511445
301.97,203.5561870652707
301.98,202.412567840823
301.99,201.27616965798734
302.0,200.14694401759385
302.01,199.02484273968068
302.02,197.90981796204846
302.03,196.80182213880573
302.04,195.7008080389054
302.05,194.60672874467323
302.06,193.51953765032843
302.07,192.43918846049655
302.08,191.36563518871574
302.09,190.29883215593603
302.1,189.23873398901242
302.11,188.18529561919217
302.12,187.1384722805964
302.13,186.09821950869653
302.14,185.06449313878593
302.15,184.03724930444702
302.16,183.0164444360141
302.17,182.0020352590325
302.18,180.99397879271407
302.19,179.99223234838934
302.2,178.99675352795694
302.21,178.00750022233032
302.22,177.02443060988193
302.23,176.04750315488556
302.24,175.07667660595672
302.25,174.11190999449158
302.26,173.15316263310447
302.27,172.20039411406458
302.28,171.25356430773164
302.29,170.31263336099127
302.3,169.37756169568988
302.31,168.44831000706955
302.32,167.5248392622031
302.33,166.6071106984294
302.34,165.6950858217895
302.35,164.7887264054632
302.36,163.887994488207
302.37,162.992852372793
302.38,162.1032626244492
302.39,161.21918806930145
302.4,160.3405917928171
302.41,159.4674371382506
302.42,158.59968770509127
302.43,157.73730734751317
302.44,156.88026017282758
302.45,156.028510539938
302.46,155.18202305779798
302.47,154.3407625838717
302.48,153.5046942225978
302.49,152.6737833238562
302.5,151.84799548143852
302.51,151.0272965315216
302.52,150.21165255114514
302.53,149.40102985669242
302.54,148.59539500237554
302.55,147.7947147787242
302.56,146.99895621107865
302.57,146.20808655808696
302.58,145.42207331020657
302.59,144.6408841882102
302.6,143.86448714169637
302.61,143.09285034760444
302.62,142.32594220873455
302.63,141.56373135227224
302.64,140.80618662831802
302.65,140.05327710842195
302.66,139.30497208412336
302.67,138.56124106549564
302.68,137.82205377969635
302.69,137.08738016952265
302.7,136.35719039197213
302.71,135.63145481680914
302.72,134.91014402513665
302.73,134.19322880797364
302.74,133.48068016483836
302.75,132.77246930233719
302.76,132.06856763275928
302.77,131.36894677267722
302.78,130.67357854155338
302.79,129.9824349603525
302.8,129.29548825016002
302.81,128.61271083080675
302.82,127.93407531949946
302.83,127.25955452945769
302.84,126.58912146855683
302.85,125.92274933797736
302.86,125.2604115308605
302.87,124.60208163096999
302.88,123.94773341136047
302.89,123.29734083305208
302.9,122.65087804371154
302.91,122.00831937633977
302.92,121.36963934796586
302.93,120.73481265834766
302.94,120.10381418867894
302.95,119.47661900030296
302.96,118.85320233343283
302.97,118.23353960587835
302.98,117.61760641177955
302.99,117.00537852034682
303.0,116.39683187460783
303.01,115.79194259016096
303.02,115.19068695393558
303.03,114.593041422959
303.04,113.99898262313013
303.05,113.40848734799988
303.06,112.8215325575583
303.07,112.23809537702854
303.08,111.6581530956675
303.09,111.08168316557328
303.1,110.5086632004994
303.11,109.93907097467579
303.12,109.37288442163661
303.13,108.81008163305482
303.14,108.25064085758352
303.15,107.69454049970409
303.16,107.14175911858116
303.17,106.59227542692432
303.18,106.04606828985656
303.19,105.50311672378966
303.2,104.96339989530615
303.21,104.4268971200482
303.22,103.89358786161316
303.23,103.36345173045595
303.24,102.83646848279815
303.25,102.31261801954382
303.26,101.79188038520206
303.27,101.27423576681637
303.28,100.75966449290063
303.29,100.24814703238175
303.3,99.73966399354917
303.31,99.23419612301092
303.32,98.7317243046563
303.33,98.23222955862535
303.34,97.73569304028487
303.35,97.24209603921109
303.36,96.7514199781789
303.37,96.26364641215775
303.38,95.77875702731409
303.39,95.29673364002034
303.4,94.81755819587043
303.41,94.34121276870191
303.42,93.86767955962446
303.43,93.396940896055
303.44,92.92897923075915
303.45,92.46377714089927
303.46,92.0013173270888
303.47,91.54158261245314
303.48,91.08455594169678
303.49,90.6302203801769
303.5,90.17855911298325
303.51,89.72955544402441
303.52,89.28319279512031
303.53,88.839454705101
303.54,88.39832482891177
303.55,87.9597869367244
303.56,87.52382491305465
303.57,87.09042275588601
303.58,86.65956457579946
303.59,86.23123459510951
303.6,85.80541714700624
303.61,85.38209667470352
303.62,84.96125773059319
303.63,84.5428849754054
303.64,84.1269631773748
303.65,83.7134772114129
303.66,83.30241205828618
303.67,82.89375280380035
303.68,82.4874846379903
303.69,82.08359285431612
303.7,81.6820628488648
303.71,81.28288011955789
303.72,80.88603026536488
303.73,80.49149898552238
303.74,80.09927207875903
303.75,79.7093354425261
303.76,79.32167507223383
303.77,78.9362770604934
303.78,78.5531275963645
303.79,78.17221296460859
303.8,77.79351954494757
303.81,77.41703381132821
303.82,77.04274233119192
303.83,76.67063176475008
303.84,76.30068886426487
303.85,75.93290047333541
303.86,75.5672535261894
303.87,75.20373504698016
303.88,74.84233214908888
303.89,74.48303203443231
303.9,74.12582199277571
303.91,73.77068940105099
303.92,73.41762172268012
303.93,73.06660650690382
303.94,72.71763138811525
303.95,72.37068408519899
303.96,72.02575240087502
303.97,71.68282422104788
303.98,71.3418875141608
303.99,71.0029303305549
304.0,70.66594080183336
304.01,70.33090714023054
304.02,69.99781763798609
304.03,69.66666066672391
304.04,69.337424676836
304.05,69.0100981968711
304.06,68.68466983292834
304.07,68.3611282680554
304.08,68.03946226165162
304.09,67.71966064887582
304.1,67.4017123400587
304.11,67.08560632012005
304.12,66.77133164799055
304.13,66.45887745603812
304.14,66.14823294949895
304.15,65.83938740591297
304.16,65.53233017456401
304.17,65.22705067592425
304.18,64.92353840110329
304.19,64.62178291130158
304.2,64.32177383726831
304.21,64.02350087876361
304.22,63.726953804025165
304.23,63.43212244923908
304.24,63.138996718015136
304.25,62.8475665808662
304.26,62.557822074691956
304.27,62.269753302266786
304.28,61.983350431731864
304.29,61.69860369609137
304.3,61.415503392712836
304.31,61.134039882831615
304.32,60.85420359105936
304.33,60.57598500489657
304.34,60.29937467424916
304.35,60.024363210948955
304.36,59.75094128827822
304.37,59.47909964049803
304.38,59.20882906238059
304.39,58.940120408745415
304.4,58.672964593999346
304.41,58.40735259168037
304.42,58.143275434005254
304.43,57.880724211420905
304.44,57.6196900721595
304.45,57.36016422179731
304.46,57.10213792281718
304.47,56.84560249417467
304.48,56.59054931086787
304.49,56.33696980351074
304.5,56.08485545791006
304.51,55.83419781464594
304.52,55.58498846865581
304.53,55.337219068821945
304.54,55.09088131756243
304.55,54.84596697042557
304.56,54.60246783568773
304.57,54.36037577395456
304.58,54.11968269776553
304.59,53.88038057120194
304.6,53.64246140949807
304.61,53.40591727865574
304.62,53.170740295062124
304.63,52.936922625110704
304.64,52.70445648482557
304.65,52.4733341394888
304.66,52.243547903271065
304.67,52.015090138865354
304.68,51.7879532571238
304.69,51.56212971669761
304.7,51.33761202368006
304.71,51.114392731252515
304.72,50.89246443933349
304.73,50.67181979423068
304.74,50.45245148829598
304.75,50.234352259583424
304.76,50.01751489151009
304.77,49.80193221251983
304.78,49.58759709574996
304.79,49.37450245870074
304.8,49.1626412629077
304.81,48.95200651361678
304.82,48.74259125946226
304.83,48.53438859214741
304.84,48.327391646127914
304.85,48.12159359829802
304.86,47.91698766767933
304.87,47.713567115112305
304.88,47.51132524295041
304.89,47.31025539475687
304.9,47.11035095500405
304.91,46.91160534877539
304.92,46.714012041469935
304.93,46.51756453850939
304.94,46.32225638504767
304.95,46.12808116568299
304.96,45.935032504172405
304.97,45.7431040631488
304.98,45.55228954384032
304.99,45.362582685792226
305.0,45.17397726659114
305.01,44.986467101591636
305.02,44.80004604364521
305.03,44.61470798283158
305.04,44.43044684619229
305.05,44.247256597466595
305.06,44.06513123682965
305.07,43.88406480063291
305.08,43.7040513611468
305.09,43.52508502630557
305.1,43.34715993945436
305.11,43.170270279098425
305.12,42.99441025865454
305.13,42.81957412620452
305.14,42.64575616425085
305.15,42.47295068947443
305.16,42.30115205249442
305.17,42.130354637630106
305.18,41.960552862664805
305.19,41.79174117861186
305.2,41.623914069482566
305.21,41.45706605205614
305.22,41.29119167565163
305.23,41.12628552190178
305.24,40.96234220452884
305.25,40.799356369122314
305.26,40.637322692918566
305.27,40.47623588458235
305.28,40.31609068399017
305.29,40.15688186201551
305.3,39.99860422031592
305.31,39.84125259112186
305.32,39.6848218370274
305.33,39.52930685078268
305.34,39.37470255508813
305.35,39.22100390239043
305.36,39.06820587468026
305.37,38.91630348329169
305.38,38.765291768703364
305.39,38.615165800341245
305.4,38.46592067638318
305.41,38.317551523564994
305.42,38.1700534969883
305.43,38.023421779929905
305.44,37.87765158365282
305.45,37.73273814721888
305.46,37.58867673730295
305.47,37.44546264800865
305.48,37.30309120068571
305.49,37.16155774374876
305.5,37.020857652497746
305.51,36.88098632893977
305.52,36.74193920161245
305.53,36.60371172540879
305.54,36.466299381403445
305.55,36.32969767668051
305.56,36.1939021441627
305.57,36.05890834244196
305.58,35.92471185561149
305.59,35.79130829309917
305.6,35.65869328950236
305.61,35.52686250442407
305.62,35.39581162231047
305.63,35.26553635228979
305.64,35.136032428012506
305.65,35.00729560749283
305.66,34.879321672951576
305.67,34.75210643066025
305.68,34.62564571078642
305.69,34.49993536724043
305.7,34.374971277523265
305.71,34.25074934257572
305.72,34.12726548662881
305.73,34.00451565705532
305.74,33.8824958242227
305.75,33.76120198134699
305.76,33.64063014434807
305.77,33.52077635170599
305.78,33.401636664318495
305.79,33.28320716535971
305.8,33.16548396013995
305.81,33.04846317596664
305.82,32.93214096200638
305.83,32.8165134891481
305.84,32.70157694986731
305.85,32.58732755809143
305.86,32.473761549066204
305.87,32.36087517922316
305.88,32.248664726048126
305.89,32.137126487950816
305.9,32.0262567841354
305.91,31.91605195447211
305.92,31.80650835936989
305.93,31.69762237965
305.94,31.589390416420635
305.95,31.48180889095253
305.96,31.374874244555517
305.97,31.26858293845607
305.98,31.162931453675768
305.99,31.057916290910736
306.0,30.953533970411996
306.01,30.849781031866755
306.02,30.7466540342806
306.03,30.644149555860608
306.04,30.542264193899346
306.05,30.44099456465976
306.06,30.340337303260952
306.07,30.24028906356481
306.08,30.140846518063526
306.09,30.042006357767942
306.1,29.943765292096764
306.11,29.84612004876659
306.12,29.74906737368279
306.13,29.652604030831192
306.14,29.556726802170576
306.15,29.461432487525997
306.16,29.36671790448287
306.17,29.27257988828187
306.18,29.179015291714613
306.19,29.086020985020085
306.2,28.993593855781864
306.21,28.90173080882608
306.22,28.81042876612015
306.23,28.719684666672222
306.24,28.62949546643139
306.25,28.539858138188606
306.26,28.450769671478337
306.27,28.36222707248093
306.28,28.274227363925675
306.29,28.186767584994577
306.3,28.099844791226825
306.31,28.013456054423933
306.32,27.92759846255558
306.33,27.842269119666103
306.34,27.757465145781676
306.35,27.673183676818145
306.36,27.5894218644895
306.37,27.506176876217005
306.38,27.42344589503899
306.39,27.341226119521245
306.4,27.25951476366805
306.41,27.178309056833854
306.42,27.09760624363553
306.43,27.01740358386527
306.44,26.937698352404084
306.45,26.858487839135872
306.46,26.77976934886213
306.47,26.701540201217192
306.48,26.623797730584112
306.49,26.54653928601107
306.5,26.46976223112837
306.51,26.393463944066035
306.52,26.317641817371886
306.53,26.242293257930253
306.54,26.167415686881192
306.55,26.09300653954025
306.56,26.019063265318792
306.57,25.945583327644822
306.58,25.872564203884377
306.59,25.800003385263405
306.6,25.727898376790193
306.61,25.65624669717829
306.62,25.585045878769943
306.63,25.514293467460046
306.64,25.443987022620572
306.65,25.374124117025513
306.66,25.30470233677631
306.67,25.23571928122775
306.68,25.167172562914395
306.69,25.099059807477403
306.7,25.03137865359191
306.71,24.964126752894824
306.72,24.897301769913096
306.73,24.830901381992465
306.74,24.764923279226636
306.75,24.69936516438693
306.76,24.634224752852358
306.77,24.569499772540166
306.78,24.505187963836793
306.79,24.441287079529282
306.8,24.377794884737106
306.81,24.31470915684444
306.82,24.252027685432843
306.83,24.18974827221436
306.84,24.127868730965048
306.85,24.06638688745891
306.86,24.005300579402235
306.87,23.944607656368337
306.88,23.88430597973272
306.89,23.82439342260861
306.9,23.764867869782897
306.91,23.70572721765248
306.92,23.646969374160975
306.93,23.588592258735808
306.94,23.530593802225727
306.95,23.472971946838637
306.96,23.415724646079852
306.97,23.358849864690693
306.98,23.302345578587477
306.99,23.246209774800842
307.0,23.190440451415455
307.01,23.13503561751008
307.02,23.079993293097985
307.03,23.025311509067713
307.04,22.97098830712421
307.05,22.91702173973028
307.06,22.863409870048404
307.07,22.810150771882885
307.08,22.757242529622342
307.09,22.704683238182536
307.1,22.65247100294953
307.11,22.600603939723165
307.12,22.5490801746609
307.13,22.497897844221935
307.14,22.447055095111676
307.15,22.396550084226526
307.16,22.34638097859898
307.17,22.296545955343042
307.18,22.247043201599947
307.19,22.19787091448421
307.2,22.149027301029953
307.21,22.100510578137573
307.22,22.05231897252068
307.23,22.004450720653352
307.24,21.956904068717684
307.25,21.909677272551637
307.26,21.86276859759717
307.27,21.816176318848676
307.28,21.769898720801695
307.29,21.723934097401923
307.3,21.6782807519945
307.31,21.632936997273575
307.32,21.587901155232167
307.33,21.5431715571123
307.34,21.498746543355384
307.35,21.454624463552932
307.36,21.410803676397478
307.37,21.367282549633824
307.38,21.324059460010517
307.39,21.28113279323161
307.4,21.238500943908686
307.41,21.196162315513135
307.42,21.154115320328707
307.43,21.112358379404306
307.44,21.070889922507053
307.45,21.0297083880756
307.46,20.988812223173703
307.47,20.94819988344403
307.48,20.907869833062236
307.49,20.867820544691288
307.5,20.828050499436014
307.51,20.788558186797918
307.52,20.74934210463023
307.53,20.710400759093197
307.54,20.671732664609614
307.55,20.6333363438206
307.56,20.59521032754159
307.57,20.55735315471859
307.58,20.51976337238465
307.59,20.48243953561655
307.6,20.445380207491766
307.61,20.408583959045615
307.62,20.37204936922865
307.63,20.335775024864287
307.64,20.299759520606624
307.65,20.264001458898537
307.66,20.228499449929945
307.67,20.19325211159632
307.68,20.158258069457414
307.69,20.123515956696206
307.7,20.089024414078047
307.71,20.05478208991004
307.72,20.020787640000634
307.73,19.9870397276194
307.74,19.953537023457063
307.75,19.920278205585696
307.76,19.887261959419167
307.77,19.85448697767375
307.78,19.82195196032898
307.79,19.789655614588685
307.8,19.757596654842224
307.81,19.725773802625948
307.82,19.694185786584836
307.83,19.662831342434338
307.84,19.631709212922434
307.85,19.60081814779186
307.86,19.570156903742543
307.87,19.53972424439425
307.88,19.509518940249393
307.89,19.479539768656057
307.9,19.449785513771207
307.91,19.420254966524087
307.92,19.390946924579804
307.93,19.36186019230311
307.94,19.332993580722352
307.95,19.304345907493637
307.96,19.27591599686516
307.97,19.247702679641712
307.98,19.219704793149397
307.99,19.191921181200495
308.0,19.164350694058538
308.01,19.136992188403546
308.02,19.10984452729745
308.03,19.082906580149693
308.04,19.056177222683
308.05,19.02965533689934
308.06,19.00333981104603
308.07,18.97722953958206
308.08,18.951323423144554
308.09,18.925620368515418
308.1,18.90011928858815
308.11,18.874819102334843
308.12,18.849718734773315
308.13,18.824817116934454
308.14,18.800113185829705
308.15,18.77560588441872
308.16,18.751294161577196
308.17,18.72717697206485
308.18,18.703253276493577
308.19,18.679522041295773
308.2,18.6559822386928
308.21,18.63263284666364
308.22,18.609472848913683
308.23,18.58650123484369
308.24,18.563716999518924
308.25,18.541119143638408
308.26,18.518706673504372
308.27,18.496478600991846
308.28,18.4744339435184
308.29,18.452571724014042
308.3,18.430890970891287
308.31,18.409390718015363
308.32,18.388070004674564
308.33,18.36692787555077
308.34,18.34596338069011
308.35,18.325175575473796
308.36,18.30456352058905
308.37,18.284126282000248
308.38,18.263862930920173
308.39,18.243772543781425
308.4,18.223854202207974
308.41,18.20410699298687
308.42,18.184530008040078
308.43,18.16512234439648
308.44,18.145883104164003
308.45,18.126811394501907
308.46,18.10790632759319
308.47,18.089167020617168
308.48,18.070592595722168
308.49,18.052182179998372
308.5,18.033934905450806
308.51,18.015849908972456
308.52,17.997926332317537
308.53,17.98016332207488
308.54,17.962560029641477
308.55,17.945115611196147
308.56,17.92782922767335
308.57,17.910700044737116
308.58,17.893727232755133
308.59,17.876909966772953
308.6,17.860247426488336
308.61,17.843738796225725
308.62,17.827383264910857
308.63,17.811180026045495
308.64,17.795128277682302
308.65,17.779227222399836
308.66,17.76347606727768
308.67,17.747874023871702
308.68,17.732420308189443
308.69,17.71711414066561
308.7,17.701954746137748
308.71,17.686941353821968
308.72,17.67207319728887
308.73,17.657349514439545
308.74,17.642769547481713
308.75,17.628332542905998
308.76,17.61403775146231
308.77,17.59988442813635
308.78,17.585871832126255
308.79,17.571999226819347
308.8,17.558265879769007
308.81,17.544671062671668
308.82,17.53121405134394
308.83,17.517894125699843
308.84,17.504710569728154
308.85,17.49166267146988
308.86,17.478749722995857
308.87,17.46597102038445
308.88,17.453325863699376
308.89,17.440813556967647
308.9,17.42843340815762
308.91,17.416184729157166
308.92,17.404066835751966
308.93,17.392079047603893
308.94,17.38022068822954
308.95,17.36849108497882
308.96,17.356889569013735
308.97,17.34541547528719
308.98,17.334068142521982
308.99,17.322846913189846
309.0,17.31175113349065
309.01,17.30078015333168
309.02,17.289933326307036
309.03,17.27921000967715
309.04,17.268609564348388
309.05,17.258131354852782
309.06,17.247774749327856
309.07,17.237539119496567
309.08,17.227423840647344
309.09,17.217428291614237
309.1,17.207551854757174
309.11,17.19779391594232
309.12,17.188153864522533
309.13,17.17863109331794
309.14,17.169224998596594
309.15,17.159934980055255
309.16,17.150760440800262
309.17,17.14170078732851
309.18,17.132755429508524
309.19,17.123923780561643
309.2,17.115205257043286
309.21,17.106599278824344
309.22,17.09810526907265
309.23,17.089722654234553
309.24,17.0814508640166
309.25,17.0732893313673
309.26,17.065237492459
309.27,17.05729478666986
309.28,17.04946065656589
309.29,17.041734547883138
309.3,17.034115909509925
309.31,17.026604193469215
309.32,17.019198854901042
309.33,17.01189935204506
309.34,17.004705146223174
309.35,16.997615701822262
309.36,16.990630486277006
309.37,16.983748970052787
309.38,16.976970626628713
309.39,16.97029493248069
309.4,16.963721367064625
309.41,16.9572494127997
309.42,16.950878555051744
309.43,16.944608282116675
309.44,16.938438085204073
309.45,16.932367458420792
309.46,16.926395898754706
309.47,16.920522906058505
309.48,16.91474798303361
309.49,16.909070635214153
309.5,16.903490370951058
309.51,16.898006701396195
309.52,16.892619140486637
309.53,16.88732720492899
309.54,16.882130414183813
309.55,16.877028290450117
309.56,16.87202035864996
309.57,16.867106146413114
309.58,16.862285184061832
309.59,16.85755700459567
309.6,16.852921143676422
309.61,16.848377139613117
309.62,16.843924533347113
309.63,16.83956286843726
309.64,16.835291691045143
309.65,16.831110549920428
309.66,16.827018996386265
309.67,16.82301658432477
309.68,16.819102870162602
309.69,16.81527741285662
309.7,16.8115397738796
309.71,16.807889517206046
309.72,16.80432620929808
309.73,16.800849419091392
309.74,16.797458717981293
309.75,16.794153679808826
309.76,16.790933880846957
309.77,16.787798899786853
309.78,16.78474831772422
309.79,16.78178171814572
309.8,16.778898686915483
309.81,16.776098812261665
309.82,16.773381684763095
309.83,16.770746897335993
309.84,16.76819404522077
309.85,16.76572272596888
309.86,16.76333253942978
309.87,16.761023087737914
309.88,16.758793975299824
309.89,16.75664480878128
309.9,16.754575197094532
309.91,16.752584751385577
309.92,16.750673085021557
309.93,16.748839813578183
309.94,16.747084554827246
309.95,16.74540692872419
309.96,16.743806557395768
309.97,16.742283065127758
309.98,16.740836078352743
309.99,16.739465225637964
310.0,16.73817013767325
310.01,16.736950447258998
310.02,16.73580578929423
310.03,16.73473580076472
310.04,16.73374012073119
310.05,16.732818390317547
310.06,16.73197025269922
310.07,16.73119535309154
310.08,16.7304933387382
310.09,16.729863858899765
310.1,16.72930656484226
310.11,16.72882110982581
310.12,16.728407149093343
310.13,16.72806433985939
310.14,16.727792341298898
310.15,16.727590814536132
310.16,16.727459422633647
310.17,16.727397830581307
310.18,16.72740570528537
310.19,16.72748271555764
310.2,16.727628532104678
310.21,16.72784282751706
310.22,16.728125276258723
310.23,16.728475554656356
310.24,16.72889334088884
310.25,16.72937831497676
310.26,16.729930158771996
310.27,16.73054855594733
310.28,16.731233191986142
310.29,16.731983754172163
310.3,16.73279993157927
310.31,16.733681415061362
310.32,16.734627897242273
310.33,16.735639072505748
310.34,16.736714636985482
310.35,16.73785428855522
310.36,16.73905772681889
310.37,16.740324653100814
310.38,16.741654770435975
310.39,16.743047783560325
310.4,16.744503398901156
310.41,16.746021324567533
310.42,16.74760127034077
310.43,16.749242947664964
310.44,16.75094606963759
310.45,16.752710351000133
310.46,16.7545355081288
310.47,16.75642125902526
310.48,16.758367323307443
310.49,16.760373422200406
310.5,16.762439278527236
310.51,16.764564616700007
310.52,16.7667491627108
310.53,16.768992644122758
310.54,16.771294790061205
310.55,16.77365533120481
310.56,16.776073999776806
310.57,16.778550529536254
310.58,16.781084655769366
310.59,16.783676115280862
310.6,16.7863246463854
310.61,16.789029988899024
310.62,16.791791884130706
310.63,16.794610074873884
310.64,16.797484305398086
310.65,16.8004143214406
310.66,16.80339987019816
310.67,16.806440700318735
310.68,16.809536561893303
310.69,16.812687206447727
310.7,16.81589238693464
310.71,16.819151857725394
310.72,16.822465374602057
310.73,16.825832694749447
310.74,16.829253576747224
310.75,16.83272778056201
310.76,16.836255067539575
310.77,16.839835200397054
310.78,16.84346794321522
310.79,16.847153061430785
310.8,16.850890321828764
310.81,16.854679492534878
310.82,16.858520343007992
310.83,16.86241264403261
310.84,16.8663561677114
310.85,16.870350687457773
310.86,16.87439597798851
310.87,16.87849181531641
310.88,16.882637976743
310.89,16.88683424085129
310.9,16.891080387498548
310.91,16.895376197809142
310.92,16.899721454167413
310.93,16.904115940210577
310.94,16.908559440821694
310.95,16.91305174212266
310.96,16.917592631467254
310.97,16.922181897434193
310.98,16.926819329820272
310.99,16.93150471963352
311.0,16.93623785908639
311.01,16.941018541589006
311.02,16.94584656174244
311.03,16.950721715332023
311.04,16.955643799320708
311.05,16.960612611842468
311.06,16.96562795219572
311.07,16.97068962083681
311.08,16.975797419373517
311.09,16.980951150558596
311.1,16.98615061828338
311.11,16.991395627571386
311.12,16.996685984571993
311.13,17.002021496554136
311.14,17.007401971900034
311.15,17.012827220098973
311.16,17.01829705174111
311.17,17.02381127851132
311.18,17.029369713183076
311.19,17.034972169612367
311.2,17.040618462731658
311.21,17.046308408543865
311.22,17.052041824116397
311.23,17.057818527575204
311.24,17.063638338098873
311.25,17.069501075912758
311.26,17.07540656228315
311.27,17.08135461951146
311.28,17.08734507092847
311.29,17.09337774088859
311.3,17.09945245476416
311.31,17.10556903893978
311.32,17.111727320806683
311.33,17.117927128757135
311.34,17.124168292178865
311.35,17.13045064144954
311.36,17.136774007931248
311.37,17.14313822396505
311.38,17.14954312286553
311.39,17.1559885389154
311.4,17.162474307360114
311.41,17.169000264402552
311.42,17.17556624719769
311.43,17.182172093847335
311.44,17.18881764339487
311.45,17.19550273582005
311.46,17.202227212033808
311.47,17.208990913873116
311.48,17.215793684095846
311.49,17.22263536637569
311.5,17.229515805297098
311.51,17.23643484635023
311.52,17.243392335925986
311.53,17.250388121310994
311.54,17.2574220506827
311.55,17.26449397310444
311.56,17.27160373852056
311.57,17.27875119775156
311.58,17.285936202489264
311.59,17.293158605292025
311.6,17.30041825957996
311.61,17.30771501963021
311.62,17.315048740572216
311.63,17.32241927838305
311.64,17.32982648988275
311.65,17.337270232729683
311.66,17.34475036541597
311.67,17.352266747262885
311.68,17.35981923841632
311.69,17.36740769984227
311.7,17.375031993322338
311.71,17.38269198144926
311.72,17.390387527622472
311.73,17.39811849604371
311.74,17.405884751712613
311.75,17.41368616042235
311.76,17.421522588755316
311.77,17.429393904078797
311.78,17.4372999745407
311.79,17.445240669065303
311.8,17.453215857349008
311.81,17.46122540985615
311.82,17.469269197814807
311.83,17.477347093212643
311.84,17.48545896879279
311.85,17.493604698049733
311.86,17.501784155225224
311.87,17.50999721530423
311.88,17.518243754010914
311.89,17.5265236478046
311.9,17.534836773875803
311.91,17.54318301014228
311.92,17.551562235245072
311.93,17.5599743285446
311.94,17.568419170116783
311.95,17.57689664074916
311.96,17.585406621937043
311.97,17.593948995879725
311.98,17.602523645476648
311.99,17.611130454323654
312.0,17.619769306709216
312.01,17.628440087610727
312.02,17.63714268269078
312.03,17.645876978293483
312.04,17.65464286144081
312.05,17.66344021982895
312.06,17.67226894182469
312.07,17.681128916461827
312.08,17.69002003343758
312.09,17.698942183109054
312.1,17.707895256489692
312.11,17.716879145245777
312.12,17.725893741692932
312.13,17.734938938792663
312.14,17.744014630148907
312.15,17.753120710004602
312.16,17.762257073238292
312.17,17.771423615360728
312.18,17.780620232511513
312.19,17.789846821455757
312.2,17.799103279580756
312.21,17.808389504892673
312.22,17.817705396013277
312.23,17.827050852176658
312.24,17.836425773225997
312.25,17.845830059610332
312.26,17.85526361238136
312.27,17.86472633319025
312.28,17.874218124284475
312.29,17.883738888504663
312.3,17.89328852928147
312.31,17.902866950632475
312.32,17.912474057159088
312.33,17.922109754043476
312.34,17.931773947045507
312.35,17.94146654249973
312.36,17.95118744731234
312.37,17.960936568958196
312.38,17.970713815477836
312.39,17.980519095474516
312.4,17.990352318111263
312.41,18.00021339310796
312.42,18.010102230738422
312.43,18.020018741827524
312.44,18.02996283774832
312.45,18.039934430419194
312.46,18.04993343230101
312.47,18.059959756394303
312.48,18.07001331623648
312.49,18.08009402589902
312.5,18.09020179998472
312.51,18.10033655362493
312.52,18.110498202476837
312.53,18.120686662720722
312.54,18.13090185105728
312.55,18.141143684704925
312.56,18.15141208139712
312.57,18.161706959379725
312.58,18.17202823740837
312.59,18.182375834745823
312.6,18.192749671159397
312.61,18.203149666918353
312.62,18.21357574279133
312.63,18.224027820043798
312.64,18.234505820435498
312.65,18.245009666217936
312.66,18.255539280131867
312.67,18.266094585404794
312.68,18.276675505748504
312.69,18.287281965356584
312.7,18.297913888901995
312.71,18.308571201534622
312.72,18.319253828878868
312.73,18.329961697031234
312.74,18.340694732557946
312.75,18.351452862492575
312.76,18.36223601433368
312.77,18.373044116042454
312.78,18.383877096040408
312.79,18.394734883207047
312.8,18.405617406877568
312.81,18.41652459684057
312.82,18.427456383335794
312.83,18.438412697051845
312.84,18.449393469123958
312.85,18.46039863113177
312.86,18.47142811509709
312.87,18.482481853481705
312.88,18.493559779185187
312.89,18.50466182554272
312.9,18.515787926322925
312.91,18.526938015725726
312.92,18.5381120283802
312.93,18.54930989934247
312.94,18.560531564093576
312.95,18.571776958537388
312.96,18.583046018998523
312.97,18.59433868222028
312.98,18.60565488536256
312.99,18.616994565999857
313.0,18.628357662119186
313.01,18.639744112118088
313.02,18.65115385480262
313.03,18.662586829385354
313.04,18.674042975483406
313.05,18.685522233116448
313.06,18.697024542704767
313.07,18.708549845067317
313.08,18.72009808141978
313.09,18.731669193372653
313.1,18.743263122929324
313.11,18.7548798124842
313.12,18.766519204820803
313.13,18.778181243109895
313.14,18.789865870907633
313.15,18.80157303215371
313.16,18.81330267116951
313.17,18.825054732656298
313.18,18.83682916169339
313.19,18.84862590373636
313.2,18.860444904615235
313.21,18.872286110532734
313.22,18.884149468062482
313.23,18.89603492414725
313.24,18.90794242609723
313.25,18.919871921588268
313.26,18.93182335866016
313.27,18.943796685714936
313.28,18.955791851515148
313.29,18.96780880518218
313.3,18.979847496194573
313.31,18.991907874386346
313.32,19.003989889945338
313.33,19.01609349341156
313.34,19.028218635675554
313.35,19.04036526797676
313.36,19.052533341901906
313.37,19.06472280938339
313.38,19.076933622697695
313.39,19.089165734463784
313.4,19.101419097641532
313.41,19.113693665530167
313.42,19.125989391766694
313.43,19.138306230324357
313.44,19.150644135511108
313.45,19.163003061968066
313.46,19.175382964668007
313.47,19.187783798913856
313.48,19.200205520337185
313.49,19.212648084896728
313.5,19.225111448876895
313.51,19.237595568886313
313.52,19.250100401856358
313.53,19.26262590503971
313.54,19.275172036008897
313.55,19.28773875265489
313.56,19.30032601318565
313.57,19.31293377612474
313.58,19.325562000309905
313.59,19.338210644891678
313.6,19.350879669332006
313.61,19.36356903340286
313.62,19.376278697184876
313.63,19.389008621065983
313.64,19.40175876574007
313.65,19.41452909220563
313.66,19.42731956176444
313.67,19.440130136020226
313.68,19.452960776877354
313.69,19.465811446539526
313.7,19.47868210750847
313.71,19.491572722582667
313.72,19.50448325485606
313.73,19.517413667716777
313.74,19.530363924845886
313.75,19.54333399021612
313.76,19.556323828090637
313.77,19.569333403021783
313.78,19.582362679849858
313.79,19.595411623701896
313.8,19.608480199990446
313.81,19.621568374412373
313.82,19.634676112947652
313.83,19.647803381858186
313.84,19.660950147686613
313.85,19.674116377255142
313.86,19.68730203766438
313.87,19.70050709629218
313.88,19.71373152079248
313.89,19.726975279094162
313.9,19.740238339399934
313.91,19.753520670185175
313.92,19.76682224019683
313.93,19.780143018452303
313.94,19.79348297423834
313.95,19.806842077109934
313.96,19.82022029688924
313.97,19.83361760366449
313.98,19.847033967788917
313.99,19.860469359879687
314.0,19.87392375081684
314.01,19.887397111742235
314.02,19.900889414058504
314.03,19.91440062942802
314.04,19.92793072977185
314.05,19.941479687268753
314.06,19.955047474354135
314.07,19.968634063719062
314.08,19.982239428309246
314.09,19.99586354132405
314.1,20.009506376215498
314.11,20.0231679066873
314.12,20.036848106693856
314.13,20.050546950439315
314.14,20.06426441237659
314.15,20.07800046720642
314.16,20.091755089876397
314.17,20.105528255580055
314.18,20.119319939755915
314.19,20.13313011808656
314.2,20.14695876649771
314.21,20.160805861157325
314.22,20.174671378474663
314.23,20.188555295099405
314.24,20.20245758792075
314.25,20.21637823406653
314.26,20.230317210902307
314.27,20.244274496030528
314.28,20.258250067289627
314.29,20.27224390275318
314.3,20.286255980729027
314.31,20.300286279758446
314.32,20.31433477861528
314.33,20.32840145630512
314.34,20.342486292064454
314.35,20.356589265359855
314.36,20.37071035588715
314.37,20.384849543570613
314.38,20.399006808562145
314.39,20.41318213124048
314.4,20.427375492210377
314.41,20.44158687230185
314.42,20.455816252569363
314.43,20.470063614291057
314.44,20.484328938967977
314.45,20.4986122083233
314.46,20.51291340430158
314.47,20.527232509067993
314.48,20.54156950500757
314.49,20.555924374724473
314.5,20.570297101041245
314.51,20.58468766699808
314.52,20.59909605585209
314.53,20.61352225107659
314.54,20.62796623636037
314.55,20.642427995607
314.56,20.65690751293411
314.57,20.6714047726727
314.58,20.685919759366435
314.59,20.70045245777096
314.6,20.715002852853228
314.61,20.729570929790796
314.62,20.744156673971176
314.63,20.758760070991155
314.64,20.773381106656135
314.65,20.788019766979474
314.66,20.80267603818184
314.67,20.817349906690552
314.68,20.832041359138955
314.69,20.846750382365766
314.7,20.861476963414457
314.71,20.876221089532624
314.72,20.89098274817136
314.73,20.90576192698465
314.74,20.920558613828746
314.75,20.935372796761577
314.76,20.95020446404214
314.77,20.965053604129903
314.78,20.979920205684216
314.79,20.994804257563725
314.8,21.00970574882579
314.81,21.024624668725913
314.82,21.03956100671716
314.83,21.054514752449602
314.84,21.06948589576975
314.85,21.08447442671999
314.86,21.09948033553805
314.87,21.114503612656442
314.88,21.12954424870191
314.89,21.14460223449491
314.9,21.159677561049072
314.91,21.17477021957066
314.92,21.189880201458067
314.93,21.205007498301278
314.94,21.22015210188137
314.95,21.235314004170004
314.96,21.2504931973289
314.97,21.265689673709357
314.98,21.280903425851747
314.99,21.29613444648503
315.0,21.31138272852626
315.01,21.32664826508011
315.02,21.341931049438386
315.03,21.35723107507956
315.04,21.372548335668306
315.05,21.387882825055016
315.06,21.403234537275363
315.07,21.41860346654983
315.08,21.433989607283266
315.09,21.449392954064436
315.1,21.464813501665578
315.11,21.48025124504197
315.12,21.49570617933149
315.13,21.51117829985418
315.14,21.526667602111843
315.15,21.5421740817876
315.16,21.55769773474548
315.17,21.573238557030017
315.18,21.58879654486582
315.19,21.604371694657182
315.2,21.619964002987693
315.21,21.635573466619817
315.22,21.651200082494515
315.23,21.666843847730863
315.24,21.682504759625655
315.25,21.698182815653027
315.26,21.713878013464093
315.27,21.72959035088656
315.28,21.745319825924362
315.29,21.761066436757307
315.3,21.77683018174071
315.31,21.792611059405033
315.32,21.808409068455546
315.33,21.82422420777197
315.34,21.84005647640814
315.35,21.85590587359166
315.36,21.87177239872357
315.37,21.887656051378023
315.38,21.903556831301938
315.39,21.919474738414696
315.4,21.935409772807805
315.41,21.9513619347446
315.42,21.967331224659915
315.43,21.983317643159786
315.44,21.99932119102114
315.45,22.015341869191495
315.46,22.031379678788674
315.47,22.047434621100493
315.48,22.06350669758449
315.49,22.079595909867628
315.5,22.095702259746016
315.51,22.111825749184636
315.52,22.127966380317062
315.53,22.144124155445194
315.54,22.160299077038992
315.55,22.17649114773621
315.56,22.192700370342138
315.57,22.20892674782934
315.58,22.22517028333742
315.59,22.24143098017275
315.6,22.25770884180825
315.61,22.274003871883117
315.62,22.29031607420262
315.63,22.306645452737847
315.64,22.322992011625477
315.65,22.339355755167553
315.66,22.355736687831264
315.67,22.372134814248724
315.68,22.388550139216754
315.69,22.404982667696668
315.7,22.421432404814073
315.71,22.43789935585865
315.72,22.454383526283966
315.73,22.470884921707263
315.74,22.48740354790928
315.75,22.503939410834043
315.76,22.52049251658869
315.77,22.53706287144328
315.78,22.55365048183062
315.79,22.570255354346077
315.8,22.58687749574742
315.81,22.60351691295463
315.82,22.62017361304974
315.83,22.63684760327669
315.84,22.653538891041133
315.85,22.670247483910313
315.86,22.68697338961288
315.87,22.703716616038765
315.88,22.720477171239022
315.89,22.73725506342569
315.9,22.754050300971638
315.91,22.770862892410456
315.92,22.7876928464363
315.93,22.804540171903767
315.94,22.821404877827774
315.95,22.838286973383433
315.96,22.855186467905927
315.97,22.8721033708904
315.98,22.889037691991838
315.99,22.905989441024968
316.0,22.92295862796414
316.01,22.93994526294323
316.02,22.95694935625555
316.03,22.973970918353732
316.04,22.99100995984965
316.05,23.00806649151432
316.06,23.025140524277823
316.07,23.042232069229218
316.08,23.05934113761646
316.09,23.076467740846322
316.1,23.093611890484325
316.11,23.110773598254667
316.12,23.12795287604015
316.13,23.145149735882132
316.14,23.162364189980448
316.15,23.179596250693365
316.16,23.196845930537517
316.17,23.214113242187867
316.18,23.231398198477653
316.19,23.248700812398337
316.2,23.266021097099575
316.21,23.283359065889172
316.22,23.300714732233047
316.23,23.31808810975521
316.24,23.33547921223772
316.25,23.352888053620667
316.26,23.370314648002157
316.27,23.387759009638277
316.28,23.40522115294309
316.29,23.422701092488616
316.3,23.440198843004836
316.31,23.457714419379666
316.32,23.475247836658973
316.33,23.49279911004656
316.34,23.510368254904176
316.35,23.527955286751524
316.36,23.545560221266268
316.37,23.563183074284044
316.38,23.58082386179848
316.39,23.59848259996121
316.4,23.616159305081897
316.41,23.633853993628264
316.42,23.651566682226118
316.43,23.66929738765938
316.44,23.687046126870126
316.45,23.70481291695861
316.46,23.722597775183324
316.47,23.74040071896103
316.48,23.758221765866814
316.49,23.776060933634128
316.5,23.793918240154845
316.51,23.811793703479328
316.52,23.829687341816474
316.53,23.847599173533784
316.54,23.865529217157427
316.55,23.883477491372314
316.56,23.90144401502216
316.57,23.919428807109572
316.58,23.937431886796116
316.59,23.955453273402405
316.6,23.973492986408182
316.61,23.991551045452407
316.62,24.00962747033335
316.63,24.027722281008682
316.64,24.045835497595576
316.65,24.0639671403708
316.66,24.082117229770834
316.67,24.100285786391957
316.68,24.118472830990378
316.69,24.13667838448233
316.7,24.1549024679442
316.71,24.17314510261264
316.72,24.191406309884687
316.73,24.209686111317897
316.74,24.22798452863047
316.75,24.24630158370137
316.76,24.264637298570484
316.77,24.282991695438735
316.78,24.30136479666824
316.79,24.31975662478244
316.8,24.33816720246626
316.81,24.356596552566252
316.82,24.375044698090754
316.83,24.393511662210035
316.84,24.41199746825647
316.85,24.43050213972469
316.86,24.449025700271758
316.87,24.467568173717325
316.88,24.486129584043823
316.89,24.504709955396617
316.9,24.5233093120842
316.91,24.541927678578375
316.92,24.560565079514422
316.93,24.57922153969131
316.94,24.59789708407187
316.95,24.616591737783004
316.96,24.635305526115864
316.97,24.654038474526075
316.98,24.67279060863392
316.99,24.69156195422456
317.0,24.71035253724824
317.01,24.729162383820498
317.02,24.747991520222385
317.03,24.766839972900694
317.04,24.785707768468168
317.05,24.804594933703736
317.06,24.82350149555274
317.07,24.842427481127167
317.08,24.86137291770589
317.09,24.8803378327349
317.1,24.89932225382755
317.11,24.918326208764803
317.12,24.93734972549549
317.13,24.956392832136544
317.14,24.975455556973266
317.15,24.994537928459582
317.16,25.013639975218307
317.17,25.03276172604141
317.18,25.051903209890284
317.19,25.071064455896007
317.2,25.09024549335963
317.21,25.109446351752457
317.22,25.12866706071631
317.23,25.147907650063832
317.24,25.167168149778764
317.25,25.186448590016248
317.26,25.205749001103108
317.27,25.22506941353816
317.28,25.244409857992512
317.29,25.263770365309856
317.3,25.2831509665068
317.31,25.302551692773154
317.32,25.321972575472266
317.33,25.341413646141334
317.34,25.36087493649172
317.35,25.380356478409283
317.36,25.39985830395471
317.37,25.41938044536384
317.38,25.438922935048005
317.39,25.458485805594375
317.4,25.478069089766283
317.41,25.497672820503585
317.42,25.517297030923007
317.43,25.536941754318498
317.44,25.55660702416158
317.45,25.576292874101714
317.46,25.59599933796666
317.47,25.615726449762846
317.48,25.635474243675738
317.49,25.655242754070212
317.5,25.67503201549093
317.51,25.694842062662726
317.52,25.71467293049098
317.53,25.734524654062017
317.54,25.754397268643494
317.55,25.774290809684796
317.56,25.79420531281743
317.57,25.814140813855428
317.58,25.83409734879576
317.59,25.85407495381873
317.6,25.87407366528841
317.61,25.89409351975303
317.62,25.91413455394542
317.63,25.93419680478342
317.64,25.954280309370315
317.65,25.97438510499526
317.66,25.994511229133725
317.67,26.01465871944792
317.68,26.034827613787247
317.69,26.055017950188745
317.7,26.075229766877534
317.71,26.09546310226727
317.72,26.115717994960608
317.73,26.13599448374966
317.74,26.15629260761645
317.75,26.176612405733398
317.76,26.196953917463784
317.77,26.21731718236222
317.78,26.23770224017514
317.79,26.258109130841277
317.8,26.27853789449215
317.81,26.298988571452558
317.82,26.319461202241076
317.83,26.339955827570552
317.84,26.36047248834861
317.85,26.38101122567815
317.86,26.401572080857882
317.87,26.422155095382816
317.88,26.442760310944788
317.89,26.463387769432988
317.9,26.484037512934485
317.91,26.50470958373475
317.92,26.525404024318206
317.93,26.54612087736875
317.94,26.56686018577031
317.95,26.587621992607378
317.96,26.608406341165573
317.97,26.62921327493219
317.98,26.650042837596764
317.99,26.67089507305162
318.0,26.691770025392465
318.01,26.71266773891893
318.02,26.73358825813517
318.03,26.754531627750435
318.04,26.775497892679642
318.05,26.796487098043986
318.06,26.81749928917152
318.07,26.838534511597747
318.08,26.859592811066232
318.09,26.880674233529202
318.1,26.901778825148153
318.11,26.92290663229447
318.12,26.944057701550044
318.13,26.96523207970789
318.14,26.986429813772773
318.15,27.007650950961853
318.16,27.028895538705303
318.17,27.050163624646963
318.18,27.071455256644974
318.19,27.092770482772433
318.2,27.114109351318053
318.21,27.135471910786805
318.22,27.15685820990059
318.23,27.178268297598915
318.24,27.199702223039544
318.25,27.221160035599194
318.26,27.242641784874206
318.27,27.264147520681227
318.28,27.285677293057912
318.29,27.307231152263608
318.3,27.32880914878006
318.31,27.35041133331211
318.32,27.372037756788412
318.33,27.393688470362143
318.34,27.415363525411717
318.35,27.437062973541515
318.36,27.458786866582606
318.37,27.48053525659349
318.38,27.502308195860824
318.39,27.52410573690017
318.4,27.545927932456753
318.41,27.567774835506185
318.42,27.589646499255256
318.43,27.61154297714267
318.44,27.633464322839824
318.45,27.655410590251584
318.46,27.677381833517053
318.47,27.699378107010357
318.48,27.721399465341435
318.49,27.743445963356827
318.5,27.765517656140474
318.51,27.78761459901452
318.52,27.809736847540123
318.53,27.83188445751826
318.54,27.854057484990555
318.55,27.876255986240096
318.56,27.89848001779227
318.57,27.92072963641559
318.58,27.94300489912254
318.59,27.965305863170414
318.6,27.987632586062173
318.61,28.0099851255473
318.62,28.03236353962265
318.63,28.054767886533334
318.64,28.077198224773575
318.65,28.099654613087598
318.66,28.1221371104705
318.67,28.144645776169156
318.68,28.167180669683095
318.69,28.18974185076541
318.7,28.212329379423668
318.71,28.234943315920802
318.72,28.25758372077605
318.73,28.280250654765865
318.74,28.302944178924843
318.75,28.325664354546667
318.76,28.348411243185033
318.77,28.37118490665461
318.78,28.393985407031977
318.79,28.416812806656594
318.8,28.43966716813176
318.81,28.462548554325576
318.82,28.485457028371936
318.83,28.50839265367149
318.84,28.531355493892647
318.85,28.554345612972558
318.86,28.577363075118125
318.87,28.600407944807
318.88,28.6234802867886
318.89,28.646580166085123
318.9,28.66970764799258
318.91,28.692862798081816
318.92,28.716045682199553
318.93,28.739256366469434
318.94,28.76249491729307
318.95,28.785761401351095
318.96,28.80905588560424
318.97,28.83237843729439
318.98,28.855729123945665
318.99,28.879108013365503
319.0,28.902515173645746
319.01,28.92595067316374
319.02,28.94941458058344
319.03,28.97290696485651
319.04,28.99642789522344
319.05,29.01997744121468
319.06,29.043555672651763
319.07,29.06716265964843
319.08,29.090798472611798
319.09,29.114463182243487
319.1,29.13815685954079
319.11,29.16187957579783
319.12,29.18563140260674
319.13,29.209412411858835
319.14,29.2332226757458
319.15,29.25706226676088
319.16,29.280931257700082
319.17,29.304829721663385
319.18,29.328757732055944
319.19,29.352715362589333
319.2,29.376702687282748
319.21,29.40071978046426
319.22,29.42476671677206
319.23,29.4488435711557
319.24,29.47295041887736
319.25,29.49708733551312
319.26,29.521254396954212
319.27,29.545451679408334
319.28,29.569679259400914
319.29,29.593937213776417
319.3,29.618225619699654
319.31,29.64254455465709
319.32,29.666894096458165
319.33,29.691274323236627
319.34,29.715685313451864
319.35,29.740127145890256
319.36,29.76459989966652
319.37,29.78910365422508
319.38,29.813638489341425
319.39,29.8382044851235
319.4,29.86280172201309
319.41,29.887430280787193
319.42,29.912090242559458
319.43,29.93678168878157
319.44,29.961504701244674
319.45,29.98625936208082
319.46,30.011045753764375
319.47,30.035863959113485
319.48,30.06071406129152
319.49,30.085596143808548
319.5,30.110510290522793
319.51,30.135456585642128
319.52,30.16043511372555
319.53,30.185445959684696
319.54,30.210489208785333
319.55,30.23556494664889
319.56,30.260673259253966
319.57,30.28581423293788
319.58,30.31098795439821
319.59,30.336194510694344
319.6,30.36143398924904
319.61,30.38670647785
319.62,30.412012064651464
319.63,30.43735083817577
319.64,30.462722887314992
319.65,30.48812830133252
319.66,30.513567169864693
319.67,30.539039582922427
319.68,30.56454563089285
319.69,30.590085404540964
319.7,30.61565899501128
319.71,30.641266493829505
319.72,30.66690799290422
319.73,30.692583584528567
319.74,30.718293361381942
319.75,30.744037416531707
319.76,30.76981584343492
319.77,30.795628735940046
319.78,30.821476188288713
319.79,30.847358295117463
319.8,30.8732751514595
319.81,30.89922685274647
319.82,30.92521349481025
319.83,30.951235173884736
319.84,30.97729198660764
319.85,31.003384030022318
319.86,31.029511401579583
319.87,31.05567419913956
319.88,31.081872520973512
319.89,31.10810646576572
319.9,31.134376132615333
319.91,31.160681621038275
319.92,31.18702303096912
319.93,31.21340046276299
319.94,31.239814017197503
319.95,31.266263795474664
319.96,31.29274989922283
319.97,31.319272430498646
319.98,31.34583149178902
319.99,31.37242718601309
320.0,31.399059616524212
320.01,31.425728887111962
320.02,31.452435102004145
320.03,31.479178365868822
320.04,31.505958783816336
320.05,31.53277646140137
320.06,31.559631504625003
320.07,31.586524019936785
320.08,31.61345411423682
320.09,31.640421894877868
320.1,31.667427469667448
320.11,31.69447094686997
320.12,31.72155243520887
320.13,31.74867204386876
320.14,31.775829882497582
320.15,31.803026061208804
320.16,31.83026069058359
320.17,31.857533881673007
320.18,31.88484574600025
320.19,31.91219639556286
320.2,31.939585942834974
320.21,31.967014500769587
320.22,31.994482182800812
320.23,32.02198910284617
320.24,32.04953537530889
320.25,32.077121115080224
320.26,32.104746437541756
320.27,32.13241145856777
320.28,32.1601162945276
320.29,32.187861062287965
320.3,32.215645879215415
320.31,32.243470863178686
320.32,32.27133613255111
320.33,32.29924180621309
320.34,32.32718800355448
320.35,32.355174844477105
320.36,32.38320244939719
320.37,32.41127093924787
320.38,32.439380435481695
320.39,32.46753106007315
320.4,32.49572293552119
320.41,32.52395618485177
320.42,32.55223093162045
320.43,32.580547299914954
320.44,32.60890541435778
320.45,32.637305400108794
320.46,32.6657473828679
320.47,32.69423148887764
320.48,32.7227578449259
320.49,32.751326578348575
320.5,32.779937817032256
320.51,32.80859168941696
320.52,32.83728832449884
320.53,32.866027851832975
320.54,32.894810401536084
320.55,32.92363610428934
320.56,32.95250509134117
320.57,32.981417494510055
320.58,33.010373446187366
320.59,33.039373079340244
320.6,33.068416527514444
320.61,33.09750392483722
320.62,33.126635406020256
320.63,33.15581110636257
320.64,33.18503116175347
320.65,33.2142957086755
320.66,33.24360488420743
320.67,33.27295882602726
320.68,33.30235767241523
320.69,33.331801562256864
320.7,33.36129063504601
320.71,33.390825030887925
320.72,33.42040489050238
320.73,33.45003035522676
320.74,33.47970156701919
320.75,33.50941866846172
320.76,33.539181802763466
320.77,33.568991113763815
320.78,33.598846745935646
320.79,33.62874884438855
320.8,33.65869755487209
320.81,33.68869302377909
320.82,33.71873539814891
320.83,33.74882482567077
320.84,33.778961454687106
320.85,33.80914543419689
320.86,33.839376913859056
320.87,33.86965604399586
320.88,33.899982975596345
320.89,33.930357860319745
320.9,33.96078085049899
320.91,33.991252099144184
320.92,34.02177175994609
320.93,34.052339987279716
320.94,34.08295693620782
320.95,34.11362276248453
320.96,34.14433762255893
320.97,34.17510167357869
320.98,34.2059150733937
320.99,34.23677798055977
321.0,34.26769055434233
321.01,34.298652954720104
321.02,34.3296653423889
321.03,34.36072787876537
321.04,34.39184072599078
321.05,34.42300404693487
321.06,34.45421800519966
321.07,34.48548276512332
321.08,34.516798491784094
321.09,34.548165351004165
321.1,34.579583509353654
321.11,34.61105313415455
321.12,34.64257439348473
321.13,34.67414745618194
321.14,34.705772491847895
321.15,34.737449670852314
321.16,34.76917916433703
321.17,34.800961144220125
321.18,34.832795783200055
321.19,34.864683254759875
321.2,34.8966237331714
321.21,34.928617393499486
321.22,34.96066441160625
321.23,34.99276496415539
321.24,35.02491922861649
321.25,35.057127383269375
321.26,35.08938960720848
321.27,35.121706080347266
321.28,35.15407698342264
321.29,35.186502497999435
321.3,35.21898280647489
321.31,35.251518092083174
321.32,35.284108538899936
321.33,35.3167543318469
321.34,35.34945565669646
321.35,35.382212700076344
321.36,35.415025649474266
321.37,35.447894693242645
321.38,35.48082002060334
321.39,35.513801821652415
321.4,35.54684028736494
321.41,35.579935609599815
321.42,35.613087981104655
321.43,35.64629759552066
321.44,35.67956464738756
321.45,35.71288933214858
321.46,35.74627184615542
321.47,35.7797123866733
321.48,35.81321115188601
321.49,35.84676834090101
321.5,35.88038415375456
321.51,35.9140587914169
321.52,35.94779245579741
321.53,35.981585349749906
321.54,36.01543767707785
321.55,36.04934964253968
321.56,36.083321451854175
321.57,36.11735331170579
321.58,36.151445429750105
321.59,36.185598014619245
321.6,36.21981127592739
321.61,36.254085424276305
321.62,36.28842067126087
321.63,36.32281722947472
321.64,36.35727531251586
321.65,36.391795134992336
321.66,36.42637691252797
321.67,36.461020861768105
321.68,36.495727200385396
321.69,36.53049614708564
321.7,36.56532792161367
321.71,36.600222744759236
321.72,36.63518083836299
321.73,36.67020242532246
321.74,36.70528772959809
321.75,36.740436976219335
321.76,36.775650391290746
321.77,36.810928201998166
321.78,36.84627063661491
321.79,36.88167792450803
321.8,36.91715029614459
321.81,36.952687983098
321.82,36.98829121805441
321.83,37.0239602348191
321.84,37.05969526832299
321.85,37.09549655462911
321.86,37.131364330939164
321.87,37.167298835600164
321.88,37.20330030811103
321.89,37.239368989129325
321.9,37.27550512047796
321.91,37.311708945152006
321.92,37.347980707325526
321.93,37.38432065235845
321.94,37.4207290268035
321.95,37.45720607841319
321.96,37.493752056146846
321.97,37.53036721017767
321.98,37.567051791899885
321.99,37.603806053935905
322.0,37.640630250143566
322.01,37.677524635623406
322.02,37.714489466725986
322.03,37.751525001059285
322.04,37.78863149749613
322.05,37.825809216181675
322.06,37.863058418540966
322.07,37.900379367286504
322.08,37.937772326425915
322.09,37.97523756126964
322.1,38.01277533843868
322.11,38.05038592587245
322.12,38.0880695928366
322.13,38.12582660993097
322.14,38.163657249097554
322.15,38.20156178362855
322.16,38.239540488174434
322.17,38.27759363875214
322.18,38.31572151275324
322.19,38.353924388952265
322.2,38.39220254751497
322.21,38.430556270006775
322.22,38.46898583940119
322.23,38.50749154008834
322.24,38.54607365788351
322.25,38.584732480035825
322.26,38.623468295236904
322.27,38.66228139362965
322.28,38.701172066817044
322.29,38.74014060787107
322.3,38.77918731134162
322.31,38.818312473265564
322.32,38.857516391175785
322.33,38.896799364110365
322.34,38.93616169262176
322.35,38.97560367878612
322.36,39.01512562621263
322.37,39.05472784005291
322.38,39.09441062701053
322.39,39.13417429535054
322.4,39.17401915490912
322.41,39.21394551710326
322.42,39.253953694940556
322.43,39.29404400302902
322.44,39.33421675758701
322.45,39.37447227645321
322.46,39.41481087909671
322.47,39.455232886627115
322.48,39.49573862180476
322.49,39.53632840905102
322.5,39.577002574458646
322.51,39.617761445802195
322.52,39.65860535254859
322.53,39.69953462586767
322.54,39.740549598642886
322.55,39.78165060548205
322.56,39.82283798272816
322.57,39.864112068470334
322.58,39.90547320255479
322.59,39.94692172659592
322.6,39.98845798398746
322.61,40.030082319913745
322.62,40.071795081361024
322.63,40.11359661712886
322.64,40.15548727784168
322.65,40.1974674159603
322.66,40.23953738579364
322.67,40.28169754351048
322.68,40.32394824715132
322.69,40.366289856640286
322.7,40.4087227337972
322.71,40.45124724234968
322.72,40.493863747945376
322.73,40.536572618164264
322.74,40.57937422253104
322.75,40.622268932527625
322.76,40.66525712160577
322.77,40.70833916519972
322.78,40.751515440739006
322.79,40.79478632766135
322.8,40.8381522074256
322.81,40.881613463524864
322.82,40.92517048149965
322.83,40.96882364895115
322.84,41.012573355554665
322.85,41.05641999307305
322.86,41.10036395537031
322.87,41.14440563842533
322.88,41.18854544034564
322.89,41.23278376138135
322.9,41.27712100393913
322.91,41.32155757259639
322.92,41.36609387411547
322.93,41.41073031745801
322.94,41.4554673137994
322.95,41.50030527654335
322.96,41.54524462133657
322.97,41.59028576608358
322.98,41.63542913096161
322.99,41.680675138435646
323.0,41.726024213273554
323.01,41.771476782561386
323.02,41.81703327571873
323.03,41.86269412451424
323.04,41.90845976308126
323.05,41.95433062793357
323.06,42.00030715798128
323.07,42.04638979454682
323.08,42.09257898138107
323.09,42.13887516467962
323.1,42.185278793099165
323.11,42.23179031777401
323.12,42.27841019233272
323.13,42.32513887291489
323.14,42.37197681818808
323.15,42.41892448936485
323.16,42.46598235021994
323.17,42.51315086710759
323.18,42.56043050897902
323.19,42.607821747399996
323.2,42.655325056568614
323.21,42.70294091333314
323.22,42.75066979721005
323.23,42.798512190402235
323.24,42.84646857781726
323.25,42.894539447085876
323.26,42.94272528858062
323.27,42.99102659543456
323.28,43.039443863560265
323.29,43.08797759166881
323.3,43.13662828128905
323.31,43.18539643678697
323.32,43.23428256538524
323.33,43.28328717718293
323.34,43.332410785175306
323.35,43.38165390527392
323.36,43.431017056326766
323.37,43.48050076013861
323.38,43.53010554149153
323.39,43.57983192816558
323.4,43.629680450959675
323.41,43.679651643712575
323.42,43.72974604332411
323.43,43.77996418977654
323.44,43.83030662615611
323.45,43.880773898674754
323.46,43.93136655669204
323.47,43.98208515273722
323.48,44.03293024253152
323.49,44.08390238501058
323.5,44.13500214234712
323.51,44.18623007997373
323.52,44.23758676660593
323.53,44.28907277426534
323.54,44.34068867830314
323.55,44.39243505742359
323.56,44.44431249370791
323.57,44.49632157263823
323.58,44.54846288312179
323.59,44.60073701751537
323.6,44.65314457164985
323.61,44.70568614485506
323.62,44.758362339984785
323.63,44.81117376344202
323.64,44.86412102520439
323.65,44.91720473884982
323.66,44.97042552158242
323.67,45.02378399425858
323.68,45.07728078141328
323.69,45.13091651128666
323.7,45.184691815850755
323.71,45.23860733083652
323.72,45.29266369576105
323.73,45.34686155395502
323.74,45.401201552590415
323.75,45.45568434270843
323.76,45.510310579247665
323.77,45.56508092107252
323.78,45.61999603100187
323.79,45.67505657583794
323.8,45.7302632263955
323.81,45.78561665753122
323.82,45.84111754817338
323.83,45.896766581351734
323.84,45.952564444227725
323.85,46.008511828124895
323.86,46.06460942855959
323.87,46.12085794527193
323.88,46.177258082257026
323.89,46.23381054779652
323.9,46.29051605449035
323.91,46.34737531928879
323.92,46.40438906352482
323.93,46.461558012946725
323.94,46.518882897751034
323.95,46.57636445261569
323.96,46.63400341673355
323.97,46.69180053384615
323.98,46.74975655227782
323.99,46.807872224970055
324.0,46.866148309516184
324.01,46.92458556819638
324.02,46.98318476801294
324.03,47.04194668072594
324.04,47.10087208288914
324.05,47.15996175588622
324.06,47.219216485967394
324.07,47.278637064286265
324.08,47.33822428693709
324.09,47.39797895499232
324.1,47.4579018745405
324.11,47.517993856724516
324.12,47.578255717780166
324.13,47.63868827907508
324.14,47.69929236714802
324.15,47.76006881374846
324.16,47.82101845587663
324.17,47.882142135823834
324.18,47.94344070121315
324.19,48.004915005040544
324.2,48.0665659057163
324.21,48.12839426710685
324.22,48.19040095857698
324.23,48.25258685503243
324.24,48.31495283696289
324.25,48.377499790485324
324.26,48.440228607387795
324.27,48.50314018517359
324.28,48.56623542710583
324.29,48.62951524225241
324.3,48.69298054553143
324.31,48.756632257756976
324.32,48.820471305685395
324.33,48.8844986220619
324.34,48.948715145667705
324.35,49.01312182136753
324.36,49.07771960015755
324.37,49.14250943921385
324.38,49.207492301941244
324.39,49.27266915802258
324.4,49.33804098346854
324.41,49.40360876066786
324.42,49.46937347843803
324.43,49.53533613207647
324.44,49.601497723412194
324.45,49.66785926085792
324.46,49.73442175946272
324.47,49.80118624096515
324.48,49.86815373384684
324.49,49.935325273386624
324.5,50.00270190171519
324.51,50.070284667870226
324.52,50.13807462785208
324.53,50.20607284467995
324.54,50.27428038844865
324.55,50.342698336385844
324.56,50.41132777290986
324.57,50.480169789688055
324.58,50.549225485695764
324.59,50.618495967275734
324.6,50.6879823481982
324.61,50.75768574972149
324.62,50.82760730065324
324.63,50.897748137412194
324.64,50.96810940409055
324.65,51.038692252516974
324.66,51.109497842320195
324.67,51.18052734099317
324.68,51.25178192395796
324.69,51.32326277463111
324.7,51.39497108448981
324.71,51.46690805313855
324.72,51.53907488837653
324.73,51.61147280626568
324.74,51.68410303119933
324.75,51.756966795971586
324.76,51.830065341847366
324.77,51.903399918633106
324.78,51.976971784748166
324.79,52.05078220729697
324.8,52.12483246214179
324.81,52.19912383397631
324.82,52.27365761639986
324.83,52.34843511199242
324.84,52.423457632390345
324.85,52.49872649836284
324.86,52.574243039889204
324.87,52.650008596236816
324.88,52.72602451603993
324.89,52.802292157379206
324.9,52.87881288786209
324.91,52.955588084703926
324.92,53.03261913480995
324.93,53.10990743485804
324.94,53.18745439138234
324.95,53.2652614208577
324.96,53.34332994978496
324.97,53.42166141477711
324.98,53.5002572626463
324.99,53.579118950491726
325.0,53.6582479457884
325.01,53.73764572647687
325.02,53.81731378105375
325.03,53.897253608663235
325.04,53.97746671918956
325.05,54.05795463335033
325.06,54.13871888279086
325.07,54.21976101017947
325.08,54.301082569303674
325.09,54.3826851251675
325.1,54.46457025408965
325.11,54.546739543802786
325.12,54.629194593553756
325.13,54.71193701420489
325.14,54.79496842833634
325.15,54.878290470349434
325.16,54.961904786571154
325.17,55.04581303535966
325.18,55.130016887210886
325.19,55.21451802486631
325.2,55.299318143421765
325.21,55.384418950437436
325.22,55.46982216604896
325.23,55.55552952307971
325.24,55.64154276715429
325.25,55.727863656813106
325.26,55.81449396362824
325.27,55.90143547232049
325.28,55.98868998087769
325.29,56.07625930067416
325.3,56.16414525659157
325.31,56.25234968714094
325.32,56.34087444458602
325.33,56.429721395067915
325.34,56.51889241873108
325.35,56.6083894098506
325.36,56.69821427696088
325.37,56.788368942985656
325.38,56.87885534536939
325.39,56.96967543621012
325.4,57.06083118239368
325.41,57.15232456572935
325.42,57.24415758308701
325.43,57.33633224653571
325.44,57.42885058348378
325.45,57.521714636820384
325.46,57.61492646505867
325.47,57.70848814248043
325.48,57.8024017592823
325.49,57.896669421723594
325.5,57.99129325227571
325.51,58.08627538977316
325.52,58.181617989566234
325.53,58.27732322367537
325.54,58.37339328094712
325.55,58.46983036721195
325.56,58.566636705443614
325.57,58.663814535920395
325.58,58.76136611638806
325.59,58.85929372222462
325.6,58.95759964660687
325.61,59.056286200678834
325.62,59.15535571372198
325.63,59.2548105333274
325.64,59.35465302556984
325.65,59.45488557518367
325.66,59.55551058574083
325.67,59.65653047983072
325.68,59.757947699242145
325.69,59.85976470514721
325.7,59.96198397828733
325.71,60.06460801916133
325.72,60.16763934821557
325.73,60.27108050603632
325.74,60.37493405354418
325.75,60.47920257219077
325.76,60.58388866415761
325.77,60.68899495255722
325.78,60.794524081636546
325.79,60.90047871698261
325.8,61.0068615457306
325.81,61.1136752767742
325.82,61.220922640978415
325.83,61.32860639139475
325.84,61.436729303478884
325.85,61.54529417531081
325.86,61.6543038278175
325.87,61.763761104998125
325.88,61.87366887415184
325.89,61.984030026108215
325.9,62.09484747546029
325.91,62.20612416080035
325.92,62.317863044958365
325.93,62.43006711524326
325.94,62.54273938368692
325.95,62.65588288729106
325.96,62.76950068827693
325.97,62.883595874337956
325.98,62.99817155889532
325.99,63.113230881356486
326.0,63.228777007376785
326.01,63.34481312912407
326.02,63.46134246554642
326.03,63.57836826264306
326.04,63.69589379373838
326.05,63.81392235975926
326.06,63.932457289515625
326.07,64.05150193998432
326.08,64.17105969659634
326.09,64.2911339735275
326.1,64.41172821399243
326.11,64.53284589054229
326.12,64.6544905053658
326.13,64.77666559059396
326.14,64.89937470860845
326.15,65.02262145235362
326.16,65.1464094456523
326.17,65.27074234352536
326.18,65.39562383251507
326.19,65.52105763101248
326.2,65.64704748958859
326.21,65.7735971913296
326.22,65.90071055217622
326.23,66.02839142126706
326.24,66.1566436812862
326.25,66.28547124881494
326.26,66.41487807468792
326.27,66.54486814435347
326.28,66.67544547823846
326.29,66.80661413211749
326.3,66.93837819748673
326.31,67.07074180194225
326.32,67.20370910956304
326.33,67.33728432129871
326.34,67.47147167536201
326.35,67.60627544762613
326.36,67.74169995202695
326.37,67.87774954097029
326.38,68.01442860574414
326.39,68.15174157693609
326.4,68.28969292485586
326.41,68.42828715996315
326.42,68.56752883330087
326.43,68.70742253693366
326.44,68.847972904392
326.45,68.9891846111218
326.46,69.13106237493977
326.47,69.27361095649437
326.48,69.4168351597326
326.49,69.56073983237278
326.5,69.70532986638312
326.51,69.85061019846654
326.52,69.99658581055147
326.53,70.14326173028897
326.54,70.29064303155614
326.55,70.43873483496598
326.56,70.58754230838366
326.57,70.73707066744946
326.58,70.8873251761084
326.59,71.03831114714662
326.6,71.19003394273463
326.61,71.34249897497764
326.62,71.49571170647283
326.63,71.64967765087391
326.64,71.80440237346295
326.65,71.95989149172958
326.66,72.11615067595771
326.67,72.2731856498199
326.68,72.43100219097933
326.69,72.58960613169978
326.7,72.74900335946344
326.71,72.90919981759684
326.72,73.0702015059049
326.73,73.23201448131339
326.74,73.39464485851973
326.75,73.55809881065241
326.76,73.72238256993903
326.77,73.88750242838317
326.78,74.05346473845022
326.79,74.22027591376224
326.8,74.38794242980205
326.81,74.55647082462667
326.82,74.72586769959022
326.83,74.89613972007643
326.84,75.06729361624096
326.85,75.23933618376357
326.86,75.4122742846104
326.87,75.5861148478065
326.88,75.76086487021853
326.89,75.93653141734825
326.9,76.11312162413648
326.91,76.290642695778
326.92,76.46910190854739
326.93,76.64850661063608
326.94,76.82886422300076
326.95,77.01018224022324
326.96,77.19246823138201
326.97,77.37572984093565
326.98,77.55997478961837
326.99,77.74521087534762
327.0,77.9314459741443
327.01,78.11868804106535
327.02,78.30694511114935
327.03,78.49622530037493
327.04,78.68653680663255
327.05,78.87788791070946
327.06,79.07028697728846
327.07,79.26374245596035
327.08,79.45826288225042
327.09,79.65385687865918
327.1,79.8505331557176
327.11,80.04830051305692
327.12,80.24716784049349
327.13,80.44714411912867
327.14,80.64823842246412
327.15,80.85045991753277
327.16,81.05381786604556
327.17,81.2583216255543
327.18,81.46398065063097
327.19,81.67080449406355
327.2,81.87880280806874
327.21,82.08798534552189
327.22,82.29836196120421
327.23,82.50994261306784
327.24,82.72273736351868
327.25,82.93675638071765
327.26,83.15200993990038
327.27,83.36850842471573
327.28,83.5862623285835
327.29,83.80528225607152
327.3,84.0255789242925
327.31,84.2471631643209
327.32,84.47004592263022
327.33,84.69423826255097
327.34,84.91975136574965
327.35,85.14659653372911
327.36,85.37478518935062
327.37,85.60432887837798
327.38,85.83523927104409
327.39,86.06752816364015
327.4,86.30120748012818
327.41,86.53628927377696
327.42,86.77278572882177
327.43,87.01070916214859
327.44,87.25007202500277
327.45,87.49088690472291
327.46,87.73316652650017
327.47,87.9769237551634
327.48,88.22217159699066
327.49,88.46892320154743
327.5,88.71719186355196
327.51,88.96699102476835
327.52,89.2183342759275
327.53,89.47123535867676
327.54,89.72570816755848
327.55,89.98176675201798
327.56,90.23942531844156
327.57,90.49869823222494
327.58,90.75960001987251
327.59,91.02214537112818
327.6,91.28634914113807
327.61,91.55222635264582
327.62,91.81979219822077
327.63,92.08906204251984
327.64,92.36005142458349
327.65,92.63277606016634
327.66,92.90725184410311
327.67,93.18349485271041
327.68,93.46152134622491
327.69,93.74134777127867
327.7,94.02299076341203
327.71,94.30646714962486
327.72,94.5917939509668
327.73,94.87898838516695
327.74,95.16806786930388
327.75,95.45905002251665
327.76,95.75195266875726
327.77,96.04679383958553
327.78,96.34359177700696
327.79,96.64236493635433
327.8,96.94313198921371
327.81,97.24591182639581
327.82,97.5507235609532
327.83,97.85758653124428
327.84,98.16652030404491
327.85,98.47754467770824
327.86,98.79067968537377
327.87,99.10594559822643
327.88,99.4233629288064
327.89,99.74295243437071
327.9,100.06473512030736
327.91,100.38873224360297
327.92,100.71496531636468
327.93,101.04345610939745
327.94,101.37422665583756
327.95,101.70729925484325
327.96,102.04269647534355
327.97,102.3804411598463
327.98,102.72055642830625
327.99,103.06306568205436
328.0,103.40799260778934
328.01,103.75536118163247
328.02,104.10519567324675
328.03,104.45752065002158
328.04,104.81236098132386
328.05,105.16974184281706
328.06,105.52968872084888
328.07,105.89222741690917
328.08,106.25738405215898
328.09,106.62518507203217
328.1,106.9956572509106
328.11,107.3688276968744
328.12,107.74472385652848
328.13,108.12337351990647
328.14,108.50480482545375
328.15,108.88904626509057
328.16,109.2761266893568
328.17,109.66607531263976
328.18,110.0589217184864
328.19,110.45469586500141
328.2,110.8534280903327
328.21,111.25514911824565
328.22,111.65989006378786
328.23,112.06768243904564
328.24,112.4785581589942
328.25,112.8925495474428
328.26,113.30968934307666
328.27,113.73001070559728
328.28,114.15354722196281
328.29,114.58033291273019
328.3,115.01040223850079
328.31,115.44379010647144
328.32,115.88053187709244
328.33,116.32066337083452
328.34,116.76422087506668
328.35,117.2112411510465
328.36,117.66176144102523
328.37,118.1158194754694
328.38,118.57345348040077
328.39,119.03470218485715
328.4,119.49960482847553
328.41,119.96820116919999
328.42,120.4405314911165
328.43,120.91663661241653
328.44,121.39655789349177
328.45,121.88033724516241
328.46,122.3680171370407
328.47,122.85964060603266
328.48,123.35525126497988
328.49,123.85489331144392
328.5,124.35861153663556
328.51,124.86645133449166
328.52,125.37845871090165
328.53,125.89468029308655
328.54,126.41516333913277
328.55,126.9399557476835
328.56,127.4691060677901
328.57,128.00266350892633
328.58,128.54067795116796
328.59,129.0831999555406
328.6,129.63028077453845
328.61,130.18197236281677
328.62,130.73832738806104
328.63,131.29939924203552
328.64,131.8652420518142
328.65,132.4359106911972
328.66,133.01146079231546
328.67,133.5919487574269
328.68,134.17743177090696
328.69,134.76796781143682
328.7,135.36361566439234
328.71,135.96443493443698
328.72,136.57048605832185
328.73,137.1818303178961
328.74,137.79852985333133
328.75,138.4206476765627
328.76,139.0482476849509
328.77,139.68139467516755
328.78,140.32015435730838
328.79,140.96459336923678
328.8,141.6147792911619
328.81,142.27078066045462
328.82,142.93266698670473
328.83,143.6005087670234
328.84,144.27437750159416
328.85,144.9543457094763
328.86,145.64048694466436
328.87,146.33287581240708
328.88,147.0315879857903
328.89,147.73670022258682
328.9,148.4482903823773
328.91,149.16643744394622
328.92,149.89122152295636
328.93,150.62272388990579
328.94,151.3610269883713
328.95,152.106214453542
328.96,152.8583711310471
328.97,153.61758309608152
328.98,154.38393767283338
328.99,155.15752345421726
329.0,155.938430321917
329.01,156.7267494667419
329.02,157.52257340930018
329.03,158.32599602099364
329.04,159.13711254533717
329.05,159.95601961960693
329.06,160.78281529682104
329.07,161.61759906805648
329.08,162.46047188510568
329.09,163.3115361834768
329.1,164.1708959057409
329.11,165.03865652522995
329.12,165.91492507008851
329.13,166.7998101476833
329.14,167.69342196937313
329.15,168.59587237564313
329.16,169.50727486160585
329.17,170.42774460287265
329.18,171.35739848179816
329.19,172.29635511410038
329.2,173.24473487585962
329.21,174.2026599308982
329.22,175.17025425854376
329.23,176.1476436817781
329.24,177.13495589577371
329.25,178.1323204968198
329.26,179.1398690116395
329.27,180.1577349270996
329.28,181.18605372031428
329.29,182.22496288914326
329.3,183.27460198308572
329.31,184.33511263456998
329.32,185.40663859063915
329.33,186.48932574503274
329.34,187.58332217066356
329.35,188.68877815248902
329.36,189.8058462207759
329.37,190.93468118475653
329.38,192.07544016667484
329.39,193.2282826362193
329.4,194.39337044534028
329.41,195.5708678634483
329.42,196.760941612989
329.43,197.9637609053906
329.44,199.17949747737893
329.45,200.4083256276542
329.46,201.65042225392313
329.47,202.90596689028
329.48,204.17514174492857
329.49,205.45813173823666
329.5,206.7551245411144
329.51,208.06631061370624
329.52,209.39188324438558
329.53,210.73203858904114
329.54,212.08697571064178
329.55,213.45689661906664
329.56,214.84200631118603
329.57,216.24251281117736
329.58,217.65862721105955
329.59,219.09056371142785
329.6,220.53853966237025
329.61,222.00277560454504
329.62,223.48349531039756
329.63,224.98092582549373
329.64,226.4952975099453
329.65,228.02684407990102
329.66,229.5758026490764
329.67,231.14241377029242
329.68,232.72692147699294
329.69,234.32957332470738
329.7,235.95062043242507
329.71,237.590317523844
329.72,239.24892296845627
329.73,240.9266988224294
329.74,242.62391086924092
329.75,244.34082866002166
329.76,246.07772555356001
329.77,247.83487875591834
329.78,249.61256935960884
329.79,251.41108238227451
329.8,253.23070680481771
329.81,255.0717356089165
329.82,256.93446581386536
329.83,258.81919851267463
329.84,260.72623890735946
329.85,262.65589634334617
329.86,264.60848434292035
329.87,266.584320637638
329.88,268.5837271996169
329.89,270.60703027162276
329.9,272.65456039585985
329.91,274.7266524413727
329.92,276.8236456299617
329.93,278.94588356050986
329.94,281.0937142316168
329.95,283.26749006242756
329.96,285.46756791154365
329.97,287.69430909389615
329.98,289.9480793954577
329.99,292.2292490856643
330.0,294.5381929274146
330.01,296.875290184507
330.02,299.240924626372
330.03,301.63548452995144
330.04,304.0593626785691
330.05,306.512956357635
330.06,308.9966673470179
330.07,311.51090190991437
330.08,314.05607077804035
330.09,316.6325891329609
330.1,319.240876583372
330.11,321.8813571381396
330.12,324.55445917489624
330.13,327.26061540398985
330.14,330.00026282757216
330.15,332.7738426936089
330.16,335.5818004445875
330.17,338.4245856606917
330.18,341.30265199720697
330.19,344.2164571159133
330.2,347.1664626102168
330.21,350.1531339237658
330.22,353.176940262289
330.23,356.2383544983909
330.24,359.33785306902973
330.25,362.47591586540125
330.26,365.6530261149437
330.27,368.86967025517487
330.28,372.126337799067
330.29,375.4235211916604
330.3,378.76171565761166
330.31,382.1414190393682
330.32,385.5631316256572
330.33,389.0273559699726
330.34,392.5345966987408
330.35,396.085360308844
330.36,399.68015495417495
330.37,403.319490220899
330.38,407.0038768910938
330.39,410.73382669443976
330.4,414.50985204763253
330.41,418.3324657811898
330.42,422.20218085332607
330.43,426.1195100505717
330.44,430.0849656748149
330.45,434.0990592164499
330.46,438.16230101331905
330.47,442.27519989514246
330.48,446.4382628131366
330.49,450.6519944545301
330.5,454.916896841696
330.51,459.23346891562784
330.52,463.6022061035022
330.53,468.02359987008015
330.54,472.4981372527168
330.55,477.02630037976445
330.56,481.60856597217077
330.57,486.2454048280945
330.58,490.93728129038146
330.59,495.68465269676636
330.6,500.48796881268953
330.61,505.34767124664603
330.62,510.26419284801
330.63,515.237957087309
330.64,520.2693774189546
330.65,525.3588566264681
330.66,530.5067861502785
330.67,535.7135453982045
330.68,540.9795010387761
330.69,546.3050062775891
330.7,551.6904001169326
330.71,557.1360065989752
330.72,562.6421340328429
330.73,568.2090742059711
330.74,573.8371015801664
330.75,579.5264724728681
330.76,585.2774242241526
330.77,591.0901743500834
330.78,596.9649196830691
330.79,602.9018354999498
330.8,608.9010746385984
330.81,614.9627666038838
330.82,621.08701666391
330.83,627.2739049375109
330.84,633.5234854740464
330.85,639.8357853266166
330.86,646.2108036198744
330.87,652.6485106136914
330.88,659.1488467639972
330.89,665.7117217821816
330.9,672.3370136945214
330.91,679.0245679031569
330.92,685.774196250216
330.93,692.5856760867439
330.94,699.4587493481687
330.95,706.3931216380903
330.96,713.3884613222452
330.97,720.4443986345568
330.98,727.5605247972383
330.99,734.7363911569677
331.0,741.9715083392059
331.01,749.2653454227726
331.02,756.6173291368398
331.03,764.0268430825383
331.04,771.493226981408
331.05,779.0157759529474
331.06,786.5937398235435
331.07,794.2263224690794
331.08,801.9126811935253
331.09,809.6519261458262
331.1,817.4431197773956
331.11,825.285276342514
331.12,833.177361443917
331.13,841.1182916258327
331.14,849.1069340166953
331.15,857.1421060237235
331.16,865.222575081506
331.17,873.347058456677
331.18,881.514223110706
331.19,889.722685622748
331.2,897.9710121744267
331.21,906.2577185983278
331.22,914.5812704918872
331.23,922.9400833982533
331.24,931.3325230555866
331.25,939.7569057161434
331.26,948.2114985363565
331.27,956.6945200389978
331.28,965.2041406483547
331.29,973.738483299213
331.3,982.2956241202749
331.31,990.8735931924836
331.32,999.4703753825587
331.33,1008.0839112518711
331.34,1016.7120980406129
331.35,1025.3527907270375
331.36,1034.0038031613576
331.37,1042.6629092737085
331.38,1051.3278443553895
331.39,1059.9963064124127
331.4,1068.6659575901924
331.41,1077.3344256680252
331.42,1085.9993056218132
331.43,1094.6581612533032
331.44,1103.3085268839234
331.45,1111.9479091111189
331.46,1120.5737886249092
331.47,1129.1836220822138
331.48,1137.7748440363255
331.49,1146.3448689187458
331.5,1154.8910930704403
331.51,1163.4108968194216
331.52,1171.901646601426
331.53,1180.3606971203146
331.54,1188.7853935447079
331.55,1197.173073737242
331.56,1205.521070512737
331.57,1213.8267139214627
331.58,1222.0873335536119
331.59,1230.300260861013
331.6,1238.4628314920526
331.61,1246.5723876357292
331.62,1254.6262803707205
331.63,1262.6218720153202
331.64,1270.556538474089
331.65,1278.4276715770566
331.66,1286.2326814073294
331.67,1293.9689986129742
331.68,1301.6340766990884
331.69,1309.2253942960106
331.7,1316.7404573996853
331.71,1324.1768015802627
331.72,1331.5319941550997
331.73,1338.8036363224153
331.74,1345.9893652519593
331.75,1353.0868561291627
331.76,1360.093824149363
331.77,1367.0080264588219
331.78,1373.8272640394014
331.79,1380.549383533902
331.8,1387.1722790092274
331.81,1393.693893654696
331.82,1400.1122214129937
331.83,1406.4253085414255
331.84,1412.6312551013082
331.85,1418.7282163735247
331.86,1424.7144041984445
331.87,1430.5880882386032
331.88,1436.3475971627226
331.89,1441.9913197498447
331.9,1447.517705912541
331.91,1452.9252676383533
331.92,1458.2125798488103
331.93,1463.378281175555
331.94,1468.4210746533024
331.95,1473.3397283295353
331.96,1478.1330757910246
331.97,1482.8000166074398
331.98,1487.3395166924893
331.99,1491.7506085831965
332.0,1496.0323916380873
332.01,1500.184032155216
332.02,1504.2047634111143
332.03,1508.0938856218913
332.04,1511.8507658278538
332.05,1515.4748377031474
332.06,1518.9656012920445
332.07,1522.3226226736247
332.08,1525.5455335567005
332.09,1528.6340308069487
332.1,1531.587875908297
332.11,1534.4068943607085
332.12,1537.0909750165797
332.13,1539.6400693580438
332.14,1542.0541907175332
332.15,1544.333413444006
332.16,1546.4778720172976
332.17,1548.487760113088
332.18,1550.3633296210157
332.19,1552.1048896184936
332.2,1553.7128053027905
332.21,1555.1874968839668
332.22,1556.5294384412462
332.23,1557.7391567454047
332.24,1558.8172300497533
332.25,1559.76428685227
332.26,1560.5810046314195
332.27,1561.268108558171
332.28,1561.826370186694
332.29,1562.2566061261741
332.3,1562.5596766961494
332.31,1562.7364845677266
332.32,1562.7879733929801
332.33,1562.7151264247889
332.34,1562.5189651293092
332.35,1562.200547793219
332.36,1561.76096812781
332.37,1561.2013538719393
332.38,1560.5228653957804
332.39,1559.7266943072525
332.4,1558.81406206293
332.41,1557.7862185851661
332.42,1556.6444408870898
332.43,1555.3900317070622
332.44,1554.0243181541068
332.45,1552.548650365748
332.46,1550.9644001796241
332.47,1549.2729598201627
332.48,1547.4757406015312
332.49,1545.574171648008
332.5,1543.569698632836
332.51,1541.463782536562
332.52,1539.2578984257786
332.53,1536.9535342531306
332.54,1534.5521896793664
332.55,1532.0553749181568
332.56,1529.4646096043314
332.57,1526.7814216861232
332.58,1524.007346341945
332.59,1521.143924922166
332.6,1518.1927039162888
332.61,1515.1552339458842
332.62,1512.0330687835694
332.63,1508.8277643982744
332.64,1505.5408780269856
332.65,1502.1739672731055
332.66,1498.7285892315222
332.67,1495.2062996404359
332.68,1491.6086520599486
332.69,1487.9371970773786
332.7,1484.1934815392267
332.71,1480.3790478096805
332.72,1476.495433055511
332.73,1472.544168557181
332.74,1468.5267790459527
332.75,1464.4447820667592
332.76,1460.299687366566
332.77,1456.092996307936
332.78,1451.826201307477
332.79,1447.5007852988392
332.8,1443.1182212198976
332.81,1438.6799715237496
332.82,1434.1874877131302
332.83,1429.6422098978376
332.84,1425.045566374747
332.85,1420.3989732299774
332.86,1415.7038339627657
332.87,1410.9615391305927
332.88,1406.1734660150987
332.89,1401.3409783083164
332.9,1396.4654258187438
332.91,1391.5481441967795
332.92,1386.5904546790305
332.93,1381.593663851007
332.94,1376.5590634277157
332.95,1371.4879300516584
332.96,1366.3815251077467
332.97,1361.2410945546437
332.98,1356.0678687720438
332.99,1350.8630624234042
333.0,1345.6278743336472
333.01,1340.363487381351
333.02,1335.0710684049566
333.03,1329.751768122519
333.04,1324.406721064537
333.05,1319.0370455194022
333.06,1313.6438434910156
333.07,1308.2282006681196
333.08,1302.7911864049108
333.09,1297.3338537124969
333.1,1291.8572392607714
333.11,1286.36236339029
333.12,1280.8502301337373
333.13,1275.3218272465797
333.14,1269.7781262465137
333.15,1264.2200824613205
333.16,1258.6486350847524
333.17,1253.0647072400795
333.18,1247.4692060509394
333.19,1241.8630227191359
333.2,1236.2470326090465
333.21,1230.6220953383036
333.22,1224.9890548744236
333.23,1219.34873963707
333.24,1213.7019626056401
333.25,1208.0495214318796
333.26,1202.392198557231
333.27,1196.7307613346384
333.28,1191.0659621545321
333.29,1185.398538574731
333.3,1179.729213454004
333.31,1174.058695089044
333.32,1168.387677354615
333.33,1162.7168398466372
333.34,1157.046848027989
333.35,1151.3783533768087
333.36,1145.7119935370868
333.37,1140.0483924713471
333.38,1134.3881606152238
333.39,1128.731895033747
333.4,1123.0801795791567
333.41,1117.4335850500738
333.42,1111.7926693518596
333.43,1106.157977658007
333.44,1100.5300425724083
333.45,1094.9093842923542
333.46,1089.2965107721216
333.47,1083.6919178870178
333.48,1078.09608959775
333.49,1072.509498114999
333.5,1066.932604064077
333.51,1061.3658566495596
333.52,1055.8096938197837
333.53,1050.2645424311079
333.54,1044.730818411842
333.55,1039.2089269257483
333.56,1033.699262535031
333.57,1028.2022093627286
333.58,1022.7181412544298
333.59,1017.2474219392396
333.6,1011.7904051899236
333.61,1006.3474349821643
333.62,1000.9188456528666
333.63,995.5049620574524
333.64,990.1060997260887
333.65,984.7225650187974
333.66,979.3546552793972
333.67,974.0026589882315
333.68,968.6668559136393
333.69,963.3475172621306
333.7,958.0449058272264
333.71,952.7592761369319
333.72,947.4908745998091
333.73,942.23993964962
333.74,937.0067018885147
333.75,931.7913842287378
333.76,926.5942020328325
333.77,921.4153632523218
333.78,916.2550685648479
333.79,911.1135115097552
333.8,905.9908786221009
333.81,900.8873495650818
333.82,895.803097260866
333.83,890.7382880198213
333.84,885.6930816681306
333.85,880.6676316737908
333.86,875.6620852709887
333.87,870.6765835828514
333.88,865.711261742569
333.89,860.766249012888
333.9,855.8416689039774
333.91,850.9376392896677
333.92,846.0542725220656
333.93,841.1916755445479
333.94,836.349950003139
333.95,831.529192356278
333.96,826.7294939829802
333.97,821.9509412894015
333.98,817.1936158138121
333.99,812.4575943299893
334.0,807.7429489490368
334.01,803.0497472196416
334.02,798.3780522267792
334.03,793.7279226888752
334.04,789.0994130534381
334.05,784.4925735911729
334.06,779.9074504885891
334.07,775.3440859391139
334.08,770.8025182327266
334.09,766.282781844124
334.1,761.7849075194345
334.11,757.3089223614912
334.12,752.8548499136814
334.13,748.4227102423843
334.14,744.0125200180146
334.15,739.6242925946843
334.16,735.2580380884997
334.17,730.9137634545078
334.18,726.5914725623088
334.19,722.2911662703485
334.2,718.0128424989084
334.21,713.7564963018073
334.22,709.5221199368316
334.23,705.3097029349103
334.24,701.1192321680493
334.25,696.950691916042
334.26,692.8040639319729
334.27,688.6793275065277
334.28,684.5764595311294
334.29,680.4954345599134
334.3,676.4362248705586
334.31,672.3988005239911
334.32,668.3831294229756
334.33,664.3891773696098
334.34,660.4169081217391
334.35,656.4662834483054
334.36,652.5372631836475
334.37,648.6298052807668
334.38,644.7438658635749
334.39,640.8793992781377
334.4,637.0363581429323
334.41,633.2146933981297
334.42,629.4143543539208
334.43,625.6352887378981
334.44,621.8774427415107
334.45,618.1407610656031
334.46,614.4251869650572
334.47,610.7306622925473
334.48,607.0571275414256
334.49,603.4045218877501
334.5,599.7727832314697
334.51,596.1618482367808
334.52,592.5716523716676
334.53,589.002129946641
334.54,585.4532141526881
334.55,581.9248370984467
334.56,578.4169298466164
334.57,574.9294224496213
334.58,571.4622439845336
334.59,568.0153225872753
334.6,564.5885854861048
334.61,561.1819590344061
334.62,557.7953687427885
334.63,554.428739310511
334.64,551.0819946562425
334.65,547.755057948169
334.66,544.4478516334598
334.67,541.1602974671038
334.68,537.892316540127
334.69,534.6438293072022
334.7,531.4147556136611
334.71,528.205014721921
334.72,525.0145253373345
334.73,521.8432056334747
334.74,518.6909732768642
334.75,515.5577454511595
334.76,512.4434388807994
334.77,509.3479698541278
334.78,506.2712542460011
334.79,503.2132075398879
334.8,500.17374484947237
334.81,497.15278093976883
334.82,494.1502302477574
334.83,491.16600690254955
334.84,488.20002474509175
334.85,485.2521973474165
334.86,482.3224380314488
334.87,479.4106598873766
334.88,476.51677579159275
334.89,473.6406984242179
334.9,470.7823402862108
334.91,467.9416137160747
334.92,465.1184309061671
334.93,462.3127039186206
334.94,459.52434470088247
334.95,456.75326510087916
334.96,453.99937688181484
334.97,451.26259173660907
334.98,448.5428213019816
334.99,445.839977172191
335.0,443.1539709124337
335.01,440.4847140719097
335.02,437.8321181965622
335.03,435.1960948414966
335.04,432.576555583086
335.05,429.97341203076877
335.06,427.386575838544
335.07,424.81595871617156
335.08,422.26147244008223
335.09,419.72302886400314
335.1,417.2005399293048
335.11,414.69391767507506
335.12,412.2030742479253
335.13,409.7279219115343
335.14,407.2683730559348
335.15,404.8243402065483
335.16,402.395736032973
335.17,399.9824733575293
335.18,397.5844651635688
335.19,395.20162460355056
335.2,392.83386500689
335.21,390.4810998875846
335.22,388.14324295162135
335.23,385.8202081041699
335.24,383.5119094565664
335.25,381.2182613330917
335.26,378.93917827754854
335.27,376.67457505964177
335.28,374.42436668116545
335.29,372.18846838200113
335.3,369.966795645931
335.31,367.7592642062697
335.32,365.5657900513191
335.33,363.3862894296488
335.34,361.2206788552069
335.35,359.068875112264
335.36,356.93079526019403
335.37,354.8063566380961
335.38,352.6954768692591
335.39,350.59807386547425
335.4,348.51406583119734
335.41,346.4433712675649
335.42,344.3859089762664
335.43,342.341598063277
335.44,340.3103579424519
335.45,338.29210833898736
335.46,336.2867692927494
335.47,334.2942611614744
335.48,332.31450462384385
335.49,330.3474206824354
335.5,328.3929306665546
335.51,326.45095623494757
335.52,324.5214193783994
335.53,322.60424242221967
335.54,320.6993480286174
335.55,318.80665919896893
335.56,316.92609927597977
335.57,315.0575919457439
335.58,313.2010612397024
335.59,311.3564315365033
335.6,309.52362756376533
335.61,307.7025743997479
335.62,305.89319747492897
335.63,304.0954225734929
335.64,302.30917583473075
335.65,300.534383754355
335.66,298.77097318573
335.67,297.01887134102077
335.68,295.27800579226226
335.69,293.5483044723498
335.7,291.82969567595364
335.71,290.1221080603592
335.72,288.4254706462341
335.73,286.73971281832456
335.74,285.06476432608247
335.75,283.4005552842244
335.76,281.7470161732251
335.77,280.1040778397461
335.78,278.4716714970016
335.79,276.849728725063
335.8,275.23818147110364
335.81,273.6369620495848
335.82,272.04600314238496
335.83,270.4652377988737
335.84,268.89459943593107
335.85,267.33402183791424
335.86,265.78343915657285
335.87,264.24278591091405
335.88,262.71199698701855
335.89,261.19100763780915
335.9,259.67975348277287
335.91,258.17817050763773
335.92,256.6861950640055
335.93,255.2037638689418
335.94,253.73081400452406
335.95,252.26728291734923
335.96,250.8131084180017
335.97,249.3682286804827
335.98,247.9325822416025
335.99,246.50610800033581
336.0,245.08874521714228
336.01,243.680433513252
336.02,242.28111286991796
336.03,240.89072362763574
336.04,239.50920648533167
336.05,238.13650249952042
336.06,236.77255308343243
336.07,235.41730000611284
336.08,234.07068539149196
336.09,232.7326517174287
336.1,231.4031418147274
336.11,230.08209886612923
336.12,228.76946640527848
336.13,227.46518831566493
336.14,226.16920882954287
336.15,224.88147252682734
336.16,223.60192433396878
336.17,222.33050952280624
336.18,221.0671737094002
336.19,219.81186285284568
336.2,218.56452325406593
336.21,217.32510155458792
336.22,216.09354473529982
336.23,214.8698001151912
336.24,213.65381535007666
336.25,212.44553843130342
336.26,211.24491768444344
336.27,210.05190176797058
336.28,208.86643967192356
336.29,207.68848071655506
336.3,206.51797455096755
336.31,205.3548711517365
336.32,204.19912082152118
336.33,203.05067418766401
336.34,201.9094822007785
336.35,200.77549613332647
336.36,199.64866757818504
336.37,198.5289484472038
336.38,197.41629096975254
336.39,196.31064769126024
336.4,195.21197147174536
336.41,194.12021548433805
336.42,193.03533321379493
336.43,191.95727845500627
336.44,190.88600531149663
336.45,189.82146819391872
336.46,188.76362181854128
336.47,187.7124212057313
336.48,186.66782167843056
336.49,185.62977886062754
336.5,184.5982486758242
336.51,183.57318734549875
336.52,182.55455138756412
336.53,181.54229761482284
336.54,180.53638313341855
336.55,179.53676534128428
336.56,178.54340192658802
336.57,177.55625086617573
336.58,176.57527042401216
336.59,175.60041914961965
336.6,174.6316558765153
336.61,173.6689397206467
336.62,172.71223007882645
336.63,171.76148662716585
336.64,170.8166693195079
336.65,169.87773838585983
336.66,168.94465433082544
336.67,168.01737793203753
336.68,167.09587023859055
336.69,166.18009256947366
336.7,165.27000651200456
336.71,164.36557392026424
336.72,163.4667569135327
336.73,162.57351787472598
336.74,161.6858194488348
336.75,160.80362454136463
336.76,159.92689631677788
336.77,159.05559819693786
336.78,158.18969385955504
336.79,157.32914723663566
336.8,156.4739225129329
336.81,155.6239841244006
336.82,154.77929675665004
336.83,153.9398253434094
336.84,153.10553506498658
336.85,152.27639134673524
336.86,151.45235985752413
336.87,150.6334065082102
336.88,149.81949745011505
336.89,149.01059907350555
336.9,148.20667800607808
336.91,147.40770111144693
336.92,146.61363548763688
336.93,145.82444846558002
336.94,145.0401076076169
336.95,144.26058070600232
336.96,143.48583578141543
336.97,142.71584108147485
336.98,141.95056507925827
336.99,141.18997647182715
337.0,140.43404417875624
337.01,139.68273734066824
337.02,138.93602531777353
337.03,138.19387768841523
337.04,137.4562642476194
337.05,136.72315500565074
337.06,135.9945201865737
337.07,135.27033022681914
337.08,134.5505557737565
337.09,133.8351676842717
337.1,133.12413702335078
337.11,132.4174350626692
337.12,131.71503327918714
337.13,131.01690335375062
337.14,130.3230171696985
337.15,129.6333468114756
337.16,128.94786456325195
337.17,128.26654290754783
337.18,127.58935452386535
337.19,126.91627228732595
337.2,126.24726926731425
337.21,125.58231872612821
337.22,124.92139411763549
337.23,124.2644690859363
337.24,123.61151746403257
337.25,122.96251327250356
337.26,122.3174307181879
337.27,121.67624419287219
337.28,121.03892827198604
337.29,120.40545771330368
337.3,119.77580745565214
337.31,119.14995261762607
337.32,118.52786849630908
337.33,117.90953056600176
337.34,117.29491447695642
337.35,116.68399605411838
337.36,116.07675129587405
337.37,115.47315637280566
337.38,114.87318762645279
337.39,114.27682156808049
337.4,113.6840348774543
337.41,113.09480440162191
337.42,112.50910715370168
337.43,111.92692031167782
337.44,111.34822121720248
337.45,110.77298737440452
337.46,110.20119644870512
337.47,109.63282626564016
337.48,109.06785480968946
337.49,108.50626022311273
337.5,107.94802080479235
337.51,107.39311500908302
337.52,106.84152144466809
337.53,106.29321887342279
337.54,105.74818620928417
337.55,105.20640251712793
337.56,104.66784701165192
337.57,104.1324990562665
337.58,103.60033816199164
337.59,103.07134398636083
337.6,102.54549633233167
337.61,102.02277514720329
337.62,101.50316052154048
337.63,100.98663268810452
337.64,100.47317202079078
337.65,99.96275903357304
337.66,99.45537437945438
337.67,98.950998849425
337.68,98.44961337142644
337.69,97.95119900932262
337.7,97.45573696187753
337.71,96.96320856173945
337.72,96.47359527443184
337.73,95.98687869735087
337.74,95.50304055876946
337.75,95.02206271684787
337.76,94.54392715865096
337.77,94.06861599917183
337.78,93.59611148036203
337.79,93.1263959701683
337.8,92.65945196157574
337.81,92.19526207165738
337.82,91.7338090406303
337.83,91.27507573091809
337.84,90.81904512621965
337.85,90.36570033058446
337.86,89.91502456749416
337.87,89.46700117895038
337.88,89.02161362456901
337.89,88.57884548068061
337.9,88.13868043943718
337.91,87.70110230792507
337.92,87.2660950072842
337.93,86.83364257183341
337.94,86.40372914820189
337.95,85.97633899446691
337.96,85.55145647929757
337.97,85.12906608110457
337.98,84.7091523871962
337.99,84.2917000929402
338.0,83.87669400093175
338.01,83.46411902016736
338.02,83.05396016522478
338.03,82.6462025554488
338.04,82.24083141414292
338.05,81.83783206776701
338.06,81.43718994514069
338.07,81.0388905766526
338.08,80.64291959347548
338.09,80.24926272678697
338.1,79.85790580699611
338.11,79.46883476297575
338.12,79.08203562130034
338.13,78.69749450548966
338.14,78.31519763525799
338.15,77.93513132576896
338.16,77.55728198689599
338.17,77.18163612248814
338.18,76.8081803296417
338.19,76.436901297977
338.2,76.06778580892093
338.21,75.70082073499468
338.22,75.335993039107
338.23,74.97328977385278
338.24,74.61269808081703
338.25,74.25420518988402
338.26,73.89779841855191
338.27,73.5434651712525
338.28,73.1911929386762
338.29,72.84096929710222
338.3,72.49278190773398
338.31,72.14661851603958
338.32,71.80246695109737
338.33,71.46031512494666
338.34,71.12015103194342
338.35,70.78196274812103
338.36,70.44573843055602
338.37,70.11146631673873
338.38,69.77913472394891
338.39,69.4487320486363
338.4,69.12024676580593
338.41,68.79366742840838
338.42,68.46898266673483
338.43,68.14618118781685
338.44,67.82525177483097
338.45,67.50618328650798
338.46,67.18896465654689
338.47,66.87358489303358
338.48,66.56003307786412
338.49,66.24829836617259
338.5,65.93836998576359
338.51,65.63023723654922
338.52,65.32388948999063
338.53,65.01931618854402
338.54,64.71650684511108
338.55,64.41545104249396
338.56,64.11613843285451
338.57,63.818558737178
338.58,63.522701744741106
338.59,63.228557312584265
338.6,62.9361153649883
338.61,62.645365892955255
338.62,62.35629895369357
338.63,62.068904670107315
338.64,61.78317323028972
338.65,61.49909488702076
338.66,61.21665995726891
338.67,60.93585882169695
338.68,60.656681924171856
338.69,60.37911977127871
338.7,60.10316293183861
338.71,59.828802036430545
338.72,59.55602777691724
338.73,59.2848309059749
338.74,59.015202236626855
338.75,58.747132641781064
338.76,58.48061305377145
338.77,58.21563446390306
338.78,57.95218792200098
338.79,57.69026453596304
338.8,57.4298554713162
338.81,57.17095195077668
338.82,56.91354525381372
338.83,56.657626716217045
338.84,56.40318772966787
338.85,56.15021974131356
338.86,55.898714253345865
338.87,55.6486628225826
338.88,55.40005706005296
338.89,55.15288863058624
338.9,54.90714925240406
338.91,54.66283069671598
338.92,54.41992478731857
338.93,54.17842340019784
338.94,53.938318463135026
338.95,53.699601955315714
338.96,53.46226590694227
338.97,53.226302398849555
338.98,52.99170356212389
338.99,52.758461577725235
339.0,52.52656867611263
339.01,52.296017136872734
339.02,52.0667992883516
339.03,51.83890750728953
339.04,51.61233421845904
339.05,51.38707189430596
339.06,51.163113054593516
339.07,50.94045026604949
339.08,50.71907614201639
339.09,50.49898334210461
339.1,50.28016457184851
339.11,50.06261258236549
339.12,49.84632017001794
339.13,49.631280176078114
339.14,49.41748548639583
339.15,49.20492903106907
339.16,48.993603784117326
339.17,48.78350276315783
339.18,48.57461902908449
339.19,48.366945685749634
339.2,48.16047587964846
339.21,47.95520279960615
339.22,47.751119676467766
339.23,47.54821978279074
339.24,47.34649643253999
339.25,47.14594298078575
339.26,46.94655282340387
339.27,46.74831939677882
339.28,46.551236177509125
339.29,46.35529668211545
339.3,46.1604944667511
339.31,45.966823126915074
339.32,45.774276297167546
339.33,45.58284765084784
339.34,45.39253089979478
339.35,45.20331979406948
339.36,45.01520812168053
339.37,44.82818970831151
339.38,44.642258417050876
339.39,44.45740814812416
339.4,44.273632838628494
339.41,44.090926462269394
339.42,43.909283029099825
339.43,43.7286965852615
339.44,43.54916121272842
339.45,43.37067102905261
339.46,43.19322018711204
339.47,43.01680287486073
339.48,42.84141331508098
339.49,42.667045765137736
339.5,42.49369451673511
339.51,42.32135389567491
339.52,42.15001826161732
339.53,41.979682007843586
339.54,41.810339561020776
339.55,41.64198538096853
339.56,41.474613960427824
339.57,41.308219824831724
339.58,41.142797532078085
339.59,40.9783416723042
339.6,40.814846867663405
339.61,40.652307772103576
339.62,40.4907190711475
339.63,40.330075481675195
339.64,40.170371751707975
339.65,40.0116026601945
339.66,39.85376301679851
339.67,39.696847661688494
339.68,39.540851465329055
339.69,39.38576932827413
339.7,39.2315961809619
339.71,39.078326983511516
339.72,38.925956725521466
339.73,38.77448042586976
339.74,38.62389313251572
339.75,38.47418992230349
339.76,38.325365900767224
339.77,38.1774162019379
339.78,38.03033598815177
339.79,37.88412044986043
339.8,37.73876480544252
339.81,37.59426430101697
339.82,37.450614210257854
339.83,37.30780983421078
339.84,37.165846501110835
339.85,37.02471956620207
339.86,36.884424411558484
339.87,36.74495644590649
339.88,36.60631110444893
339.89,36.4684838486905
339.9,36.33147016626466
339.91,36.195265570762
339.92,36.05986560156
339.93,35.92526582365425
339.94,35.79146182749105
339.95,35.65844922880139
339.96,35.52622366843633
339.97,35.394780812203756
339.98,35.26411635070642
339.99,35.1342259991814
340.0,35.00510549734084
340.01,34.876750609214
340.02,34.7491571229906
340.03,34.62232085086552
340.04,34.49623762888465
340.05,34.37090331679212
340.06,34.24631379787873
340.07,34.12246497883156
340.08,33.99935278958495
340.09,33.87697318317254
340.1,33.755322135580606
340.11,33.63439564560257
340.12,33.51418973469465
340.13,33.394700446832715
340.14,33.2759238483703
340.15,33.157856027897715
340.16,33.04049309610237
340.17,32.92383118563012
340.18,32.807866450947834
340.19,32.69259506820694
340.2,32.57801323510817
340.21,32.464117170767324
340.22,32.3509031155821
340.23,32.23836733110002
340.24,32.12650609988737
340.25,32.01531572539918
340.26,31.90479253185023
340.27,31.794932864087105
340.28,31.685733087461205
340.29,31.577189587702783
340.3,31.469298770795962
340.31,31.362057062854735
340.32,31.25546090999992
340.33,31.149506778237072
340.34,31.04419115333537
340.35,30.939510540707403
340.36,30.835461465289914
340.37,30.732040471425456
340.38,30.62924412274495
340.39,30.527069002051164
340.4,30.425511711203065
340.41,30.324568871001073
340.42,30.224237121073177
340.43,30.124513119761918
340.44,30.02539354401225
340.45,29.926875089260225
340.46,29.828954469322532
340.47,29.73162841628687
340.48,29.634893680403145
340.49,29.538747029975475
340.5,29.44318525125502
340.51,29.348205148333598
340.52,29.253803543038096
340.53,29.15997727482568
340.54,29.066723200679757
340.55,28.97403819500673
340.56,28.881919149533505
340.57,28.790362973205745
340.58,28.699366592086882
340.59,28.60892694925787
340.6,28.51904100471766
340.61,28.429705735284404
340.62,28.34091813449738
340.63,28.25267521251962
340.64,28.16497399604126
340.65,28.07781152818357
340.66,27.991184868403664
340.67,27.905091092399925
340.68,27.819527292018083
340.69,27.73449057515797
340.7,27.64997806568094
340.71,27.56598690331794
340.72,27.482514243578226
340.73,27.399557257658763
340.74,27.317113132354198
340.75,27.23517906996752
340.76,27.153752288221312
340.77,27.07283002016965
340.78,26.992409514110587
340.79,26.912488033499265
340.8,26.833062856861623
340.81,26.754131277708694
340.82,26.675690604451507
340.83,26.597738160316556
340.84,26.520271283261863
340.85,26.443287325893603
340.86,26.366783655383305
340.87,26.290757653385604
340.88,26.215206715956576
340.89,26.140128253472582
340.9,26.065519690549706
340.91,25.991378465963695
340.92,25.91770203257046
340.93,25.8444878572271
340.94,25.771733420713442
340.95,25.69943621765412
340.96,25.62759375644116
340.97,25.55620355915708
340.98,25.485263161498487
340.99,25.41477011270019
341.0,25.344721975459798
341.01,25.275116325862825
341.02,25.20595075330826
341.03,25.137222860434647
341.04,25.06893026304662
341.05,25.00107059004193
341.06,24.93364148333893
341.07,24.866640597804537
341.08,24.80006560118264
341.09,24.733914174022996
341.1,24.66818400961052
341.11,24.602872813895104
341.12,24.537978305421802
341.13,24.473498215261525
341.14,24.40943028694211
341.15,24.345772276379876
341.16,24.282521951811567
341.17,24.219677093726755
341.18,24.157235494800638
341.19,24.09519495982726
341.2,24.033553305653165
341.21,23.972308361111434
341.22,23.911457966956153
341.23,23.850999975797258
341.24,23.790932252035805
341.25,23.731252671799623
341.26,23.67195912287936
341.27,23.613049504664918
341.28,23.55452172808228
341.29,23.4963737155307
341.3,23.438603400820323
341.31,23.381208729110107
341.32,23.324187656846167
341.33,23.26753815170049
341.34,23.211258192509987
341.35,23.15534576921594
341.36,23.099798882803782
341.37,23.04461554524325
341.38,22.989793779428894
341.39,22.935331619120923
341.4,22.88122710888642
341.41,22.827478304040877
341.42,22.774083270590094
341.43,22.72104008517241
341.44,22.668346835001277
341.45,22.61600161780814
341.46,22.564002541785698
341.47,22.512347725531452
341.48,22.461035297991593
341.49,22.41006339840522
341.5,22.359430176248875
341.51,22.309133791181385
341.52,22.259172412989038
341.53,22.20954422153106
341.54,22.160247406685414
341.55,22.111280168294883
341.56,22.0626407161135
341.57,22.014327269753238
341.58,21.966338058631038
341.59,21.918671321916104
341.6,21.87132530847752
341.61,21.824298276832145
341.62,21.777588495092814
341.63,21.731194240916818
341.64,21.685113801454676
341.65,21.63934547329919
341.66,21.593887562434787
341.67,21.548738384187143
341.68,21.50389626317308
341.69,21.459359533250744
341.7,21.415126537470066
341.71,21.371195628023482
341.72,21.32756516619693
341.73,21.28423352232112
341.74,21.24119907572307
341.75,21.1984602146779
341.76,21.1560153363609
341.77,21.11386284679984
341.78,21.072001160827586
341.79,21.030428702034907
341.8,20.98914390272359
341.81,20.948145203859795
341.82,20.907431055027647
341.83,20.8669999143831
341.84,20.82685024860804
341.85,20.786980532864632
341.86,20.74738925074993
341.87,20.708074894250693
341.88,20.669035963698494
341.89,20.63027096772503
341.9,20.59177842321768
341.91,20.553556855275318
341.92,20.515604797164336
341.93,20.477920790274926
341.94,20.44050338407757
341.95,20.40335113607978
341.96,20.366462611783067
341.97,20.329836384640114
341.98,20.293471036012207
341.99,20.25736515512688
342.0,20.221517339035778
342.01,20.18592619257274
342.02,20.15059032831212
342.03,20.1155083665273
342.04,20.08067893514946
342.05,20.04610066972652
342.06,20.01177221338233
342.07,19.977692216776063
342.08,19.943859338061824
342.09,19.910272242848453
342.1,19.87692960415957
342.11,19.843830102393802
342.12,19.810972425285225
342.13,19.778355267864022
342.14,19.745977332417326
342.15,19.71383732845029
342.16,19.681933972647343
342.17,19.65026598883365
342.18,19.61883210793678
342.19,19.58763106794856
342.2,19.556661613887147
342.21,19.525922497759268
342.22,19.495412478522685
342.23,19.46513032204883
342.24,19.435074801085644
342.25,19.405244695220624
342.26,19.375638790844025
342.27,19.34625588111228
342.28,19.317094765911605
342.29,19.28815425182178
342.3,19.25943315208012
342.31,19.230930286545654
342.32,19.202644481663445
342.33,19.174574570429137
342.34,19.146719392353663
342.35,19.119077793428133
342.36,19.091648626088904
342.37,19.064430749182847
342.38,19.03742302793276
342.39,19.01062433390299
342.4,18.984033544965207
342.41,18.957649545264378
342.42,18.93147122518489
342.43,18.905497481316868
342.44,18.879727216422648
342.45,18.85415933940344
342.46,18.82879276526615
342.47,18.803626415090367
342.48,18.778659215995535
342.49,18.753890101108286
342.5,18.72931800952993
342.51,18.70494188630413
342.52,18.680760682384733
342.53,18.656773354603757
342.54,18.632978865639558
342.55,18.609376183985155
342.56,18.58596428391671
342.57,18.562742145462174
342.58,18.5397087543701
342.59,18.516863102078606
342.6,18.4942041856845
342.61,18.471731007912556
342.62,18.449442577084973
342.63,18.42733790709096
342.64,18.40541601735648
342.65,18.38367593281418
342.66,18.36211668387344
342.67,18.340737306390583
342.68,18.319536841639252
342.69,18.298514336280924
342.7,18.277668842335583
342.71,18.256999417152542
342.72,18.23650512338141
342.73,18.216185028943208
342.74,18.19603820700165
342.75,18.17606373593454
342.76,18.156260699305346
342.77,18.136628185834894
342.78,18.117165289373233
342.79,18.097871108871622
342.8,18.078744748354683
342.81,18.059785316892665
342.82,18.04099192857388
342.83,18.02236370247728
342.84,18.003899762645144
342.85,17.985599238055944
342.86,17.967461262597322
342.87,17.949484975039226
342.88,17.931669519007173
342.89,17.91401404295564
342.9,17.89651770014162
342.91,17.879179648598285
342.92,17.861999051108818
342.93,17.84497507518033
342.94,17.828106893017964
342.95,17.8113936814991
342.96,17.794834622147707
342.97,17.77842890110882
342.98,17.762175709123152
342.99,17.746074241501837
343.0,17.730123698101306
343.01,17.714323283298288
343.02,17.698672205964947
343.03,17.683169679444134
343.04,17.667814921524787
343.05,17.652607154417442
343.06,17.63754560472988
343.07,17.622629503442894
343.08,17.607858085886193
343.09,17.59323059171441
343.1,17.578746264883257
343.11,17.564404353625793
343.12,17.550204110428812
343.13,17.536144792009363
343.14,17.52222565929139
343.15,17.50844597738249
343.16,17.49480501555078
343.17,17.481302047201925
343.18,17.46793634985623
343.19,17.4547072051259
343.2,17.44161389869239
343.21,17.42865572028388
343.22,17.415831963652888
343.23,17.40314192655395
343.24,17.390584910721476
343.25,17.37816022184768
343.26,17.36586716956065
343.27,17.353705067402515
343.28,17.341673232807736
343.29,17.329770987081513
343.3,17.3179976553783
343.31,17.306352566680424
343.32,17.294835053776847
343.33,17.283444453242005
343.34,17.272180105414776
343.35,17.261041354377557
343.36,17.250027547935446
343.37,17.23913803759554
343.38,17.228372178546344
343.39,17.217729329637276
343.4,17.20720885335829
343.41,17.19681011581961
343.42,17.18653248673157
343.43,17.176375339384535
343.44,17.16633805062898
343.45,17.156420000855622
343.46,17.14662057397569
343.47,17.136939157401287
343.48,17.12737514202586
343.49,17.11792792220477
343.5,17.10859689573597
343.51,17.099381463840785
343.52,17.090281031144784
343.53,17.08129500565877
343.54,17.072422798759867
343.55,17.063663825172693
343.56,17.05501750295065
343.57,17.04648325345732
343.58,17.03806050134793
343.59,17.029748674550937
343.6,17.021547204249732
343.61,17.013455524864387
343.62,17.005473074033564
343.63,16.99759929259646
343.64,16.989833624574892
343.65,16.98217551715547
343.66,16.974624420671844
343.67,16.967179788587075
343.68,16.959841077476074
343.69,16.952607747008166
343.7,16.945479259929712
343.71,16.938455082046858
343.72,16.93153468220835
343.73,16.924717532288472
343.74,16.91800310717003
343.75,16.911390884727485
343.76,16.904880345810128
343.77,16.89847097422537
343.78,16.89216225672212
343.79,16.885953682974254
343.8,16.879844745564167
343.81,16.873834939966414
343.82,16.867923764531447
343.83,16.862110720469435
343.84,16.856395311834174
343.85,16.850777045507087
343.86,16.8452554311813
343.87,16.839829981345822
343.88,16.834500211269788
343.89,16.82926563898681
343.9,16.824125785279413
343.91,16.819080173663522
343.92,16.81412833037308
343.93,16.809269784344725
343.94,16.804504067202547
343.95,16.799830713242944
343.96,16.795249259419545
343.97,16.790759245328232
343.98,16.786360213192225
343.99,16.782051707847266
344.0,16.777833276726874
344.01,16.773704469847683
344.02,16.769664839794867
344.03,16.76571394170763
344.04,16.76185133326479
344.05,16.758076574670444
344.06,16.75438922863969
344.07,16.750788860384453
344.08,16.747275037599387
344.09,16.743847330447824
344.1,16.740505311547842
344.11,16.737248555958388
344.12,16.734076641165473
344.13,16.730989147068453
344.14,16.727985655966393
344.15,16.725065752544488
344.16,16.722229023860567
344.17,16.719475059331682
344.18,16.716803450720754
344.19,16.714213792123306
344.2,16.71170567995426
344.21,16.70927871293482
344.22,16.706932492079417
344.23,16.70466662068272
344.24,16.702480704306744
344.25,16.70037435076801
344.26,16.69834717012477
344.27,16.696398774664335
344.28,16.694528778890433
344.29,16.69273679951067
344.3,16.69102245542404
344.31,16.689385367708525
344.32,16.687825159608735
344.33,16.68634145652365
344.34,16.684933885994404
344.35,16.683602077692157
344.36,16.68234566340602
344.37,16.68116427703106
344.38,16.680057554556353
344.39,16.679025134053134
344.4,16.678066655662988
344.41,16.677181761586116
344.42,16.67637009606966
344.43,16.67563130539612
344.44,16.67496503787179
344.45,16.67437094381531
344.46,16.673848675546235
344.47,16.67339788737372
344.48,16.673018235585207
344.49,16.672709378435233
344.5,16.672470976134267
344.51,16.672302690837622
344.52,16.672204186634428
344.53,16.67217512953666
344.54,16.672215187468247
344.55,16.67232403025422
344.56,16.672501329609936
344.57,16.672746759130362
344.58,16.673059994279406
344.59,16.673440712379332
344.6,16.673888592600207
344.61,16.674403315949437
344.62,16.67498456526134
344.63,16.67563202518679
344.64,16.67634538218291
344.65,16.67712432450283
344.66,16.67796854218552
344.67,16.678877727045638
344.68,16.679851572663477
344.69,16.68088977437495
344.7,16.681992029261636
344.71,16.683158036140878
344.72,16.684387495555953
344.73,16.685680109766274
344.74,16.68703558273767
344.75,16.688453620132712
344.76,16.68993392930108
344.77,16.691476219270022
344.78,16.69308020073483
344.79,16.69474558604939
344.8,16.69647208921678
344.81,16.698259425879925
344.82,16.70010731331231
344.83,16.702015470408725
344.84,16.703983617676098
344.85,16.70601147722434
344.86,16.70809877275728
344.87,16.710245229563625
344.88,16.71245057450799
344.89,16.71471453602197
344.9,16.717036844095254
344.91,16.71941723026682
344.92,16.721855427616152
344.93,16.724351170754513
344.94,16.726904195816278
344.95,16.729514240450314
344.96,16.732181043811405
344.97,16.734904346551723
344.98,16.737683890812363
344.99,16.740519420214913
345.0,16.743410679853078
345.01,16.746357416284347
345.02,16.749359377521724
345.03,16.752416313025485
345.04,16.755527973695
345.05,16.758694111860585
345.06,16.76191448127543
345.07,16.765188837107534
345.08,16.768516935931725
345.09,16.7718985357217
345.1,16.77533339584213
345.11,16.77882127704078
345.12,16.782361941440726
345.13,16.785955152532562
345.14,16.78960067516669
345.15,16.793298275545634
345.16,16.79704772121642
345.17,16.800848781062964
345.18,16.80470122529855
345.19,16.80860482545832
345.2,16.812559354391816
345.21,16.81656458625556
345.22,16.820620296505695
345.23,16.824726261890646
345.24,16.828882260443848
345.25,16.833088071476485
345.26,16.837343475570304
345.27,16.841648254570448
345.28,16.846002191578346
345.29,16.850405070944632
345.3,16.854856678262113
345.31,16.859356800358775
345.32,16.86390522529083
345.33,16.868501742335805
345.34,16.87314614198568
345.35,16.87783821594003
345.36,16.88257775709927
345.37,16.887364559557877
345.38,16.892198418597687
345.39,16.897079130681224
345.4,16.902006493445064
345.41,16.906980305693242
345.42,16.912000367390693
345.43,16.917066479656736
345.44,16.922178444758597
345.45,16.927336066104964
345.46,16.932539148239584
345.47,16.937787496834904
345.48,16.94308091868573
345.49,16.948419221702945
345.5,16.95380221490725
345.51,16.95922970842295
345.52,16.96470151347177
345.53,16.97021744236671
345.54,16.975777308505936
345.55,16.981380926366715
345.56,16.987028111499363
345.57,16.992718680521257
345.58,16.998452451110865
345.59,17.004229242001813
345.6,17.010048872976988
345.61,17.01591116486268
345.62,17.021815939522753
345.63,17.027763019852863
345.64,17.033752229774677
345.65,17.039783394230174
345.66,17.045856339175938
345.67,17.051970891577508
345.68,17.05812687940375
345.69,17.06432413162128
345.7,17.070562478188887
345.71,17.076841750052026
345.72,17.083161779137313
345.73,17.089522398347082
345.74,17.09592344155394
345.75,17.102364743595384
345.76,17.10884614026844
345.77,17.115367468324322
345.78,17.121928565463143
345.79,17.128529270328638
345.8,17.135169422502937
345.81,17.141848862501348
345.82,17.148567431767194
345.83,17.155324972666662
345.84,17.16212132848369
345.85,17.16895634341488
345.86,17.17582986256446
345.87,17.182741731939245
345.88,17.18969179844365
345.89,17.196679909874725
345.9,17.203705914917222
345.91,17.210769663138695
345.92,17.217871004984616
345.93,17.225009791773534
345.94,17.232185875692252
345.95,17.23939910979105
345.96,17.24664934797891
345.97,17.25393644501879
345.98,17.261260256522927
345.99,17.268620638948146
346.0,17.27601744959123
346.01,17.28345054658428
346.02,17.290919788890143
346.03,17.29842503629783
346.04,17.30596614941798
346.05,17.313542989678368
346.06,17.32115541931939
346.07,17.32880330138963
346.08,17.336486499741422
346.09,17.34420487902644
346.1,17.351958304691326
346.11,17.359746642973338
346.12,17.367569760896025
346.13,17.37542752626492
346.14,17.38331980766328
346.15,17.391246474447822
346.16,17.399207396744504
346.17,17.407202445444337
346.18,17.415231492199204
346.19,17.42329440941771
346.2,17.43139107026106
346.21,17.439521348638973
346.22,17.447685119205588
346.23,17.45588225735543
346.24,17.46411263921938
346.25,17.472376141660675
346.26,17.480672642270935
346.27,17.489002019366197
346.28,17.497364151983003
346.29,17.505758919874484
346.3,17.51418620350648
346.31,17.52264588405368
346.32,17.53113784339579
346.33,17.53966196411372
346.34,17.54821812948579
346.35,17.556806223483964
346.36,17.565426130770117
346.37,17.574077736692296
346.38,17.58276092728103
346.39,17.591475589245654
346.4,17.600221609970657
346.41,17.608998877512036
346.42,17.6178072805937
346.43,17.626646708603868
346.44,17.63551705159152
346.45,17.644418200262827
346.46,17.653350045977646
346.47,17.66231248074601
346.48,17.67130539722464
346.49,17.68032868871349
346.5,17.689382249152313
346.51,17.698465973117226
346.52,17.707579755817324
346.53,17.716723493091298
346.54,17.725897081404074
346.55,17.73510041784348
346.56,17.744333400116926
346.57,17.753595926548105
346.58,17.76288789607372
346.59,17.772209208240234
346.6,17.781559763200608
346.61,17.790939461711105
346.62,17.800348205128085
346.63,17.809785895404822
346.64,17.81925243508835
346.65,17.828747727316323
346.66,17.83827167581388
346.67,17.847824184890555
346.68,17.857405159437196
346.69,17.867014504922885
346.7,17.876652127391907
346.71,17.886317933460713
346.72,17.896011830314908
346.73,17.905733725706266
346.74,17.915483527949757
346.75,17.925261145920587
346.76,17.935066489051263
346.77,17.94489946732867
346.78,17.954759991291187
346.79,17.96464797202577
346.8,17.974563321165117
346.81,17.98450595088481
346.82,17.994475773900472
346.83,18.004472703464966
346.84,18.014496653365594
346.85,18.02454753792132
346.86,18.034625271979994
346.87,18.044729770915623
346.88,18.054860950625635
346.89,18.065018727528162
346.9,18.07520301855935
346.91,18.085413741170676
346.92,18.095650813326284
346.93,18.105914153500343
346.94,18.11620368067441
346.95,18.12651931433482
346.96,18.13686097447009
346.97,18.14722858156832
346.98,18.157622056614652
346.99,18.168041321088698
347.0,18.17848629696201
347.01,18.188956906695566
347.02,18.19945307323726
347.03,18.20997472001942
347.04,18.220521770956317
347.05,18.231094150441724
347.06,18.241691783346468
347.07,18.252314595015996
347.08,18.26296251126797
347.09,18.273635458389858
347.1,18.28433336313656
347.11,18.295056152728037
347.12,18.30580375484695
347.13,18.31657609763632
347.14,18.327373109697223
347.15,18.33819472008644
347.16,18.349040858314197
347.17,18.359911454341862
347.18,18.37080643857968
347.19,18.381725741884527
347.2,18.39266929555765
347.21,18.40363703134246
347.22,18.41462888142231
347.23,18.425644778418295
347.24,18.436684655387065
347.25,18.44774844581866
347.26,18.458836083634342
347.27,18.469947503184457
347.28,18.481082639246296
347.29,18.49224142702198
347.3,18.50342380213636
347.31,18.51462970063491
347.32,18.52585905898166
347.33,18.537111814057123
347.34,18.548387903156247
347.35,18.559687263986362
347.36,18.57100983466517
347.37,18.582355553718706
347.38,18.593724360079364
347.39,18.605116193083873
347.4,18.616530992471347
347.41,18.627968698381302
347.42,18.639429251351714
347.43,18.650912592317066
347.44,18.662418662606427
347.45,18.673947403941533
347.46,18.68549875843488
347.47,18.69707266858783
347.48,18.708669077288736
347.49,18.720287927811068
347.5,18.73192916381155
347.51,18.743592729328324
347.52,18.755278568779108
347.53,18.766986626959376
347.54,18.778716849040546
347.55,18.790469180568177
347.56,18.80224356746019
347.57,18.81403995600508
347.58,18.825858292860143
347.59,18.837698525049746
347.6,18.84956059996356
347.61,18.861444465354833
347.62,18.873350069338674
347.63,18.885277360390333
347.64,18.89722628734351
347.65,18.909196799388656
347.66,18.921188846071296
347.67,18.933202377290367
347.68,18.945237343296558
347.69,18.957293694690655
347.7,18.969371382421915
347.71,18.981470357786435
347.72,18.993590572425532
347.73,19.005731978324146
347.74,19.01789452780924
347.75,19.030078173548212
347.76,19.042282868547325
347.77,19.05450856615014
347.78,19.06675522003596
347.79,19.079022784218292
347.8,19.091311213043294
347.81,19.10362046118827
347.82,19.115950483660146
347.83,19.12830123579396
347.84,19.14067267325137
347.85,19.153064752019173
347.86,19.16547742840782
347.87,19.17791065904995
347.88,19.190364400898936
347.89,19.20283861122743
347.9,19.21533324762593
347.91,19.227848268001352
347.92,19.240383630575597
347.93,19.25293929388415
347.94,19.265515216774684
347.95,19.27811135840565
347.96,19.2907276782449
347.97,19.30336413606832
347.98,19.316020691958457
347.99,19.328697306303155
348.0,19.34139393979422
348.01,19.35411055342607
348.02,19.366847108494415
348.03,19.37960356659492
348.04,19.392379889621903
348.05,19.40517603976703
348.06,19.41799197951801
348.07,19.43082767165732
348.08,19.443683079260907
348.09,19.45655816569694
348.1,19.46945289462453
348.11,19.482367229992487
348.12,19.495301136038062
348.13,19.508254577285722
348.14,19.521227518545913
348.15,19.534219924913845
348.16,19.54723176176827
348.17,19.56026299477028
348.18,19.57331358986212
348.19,19.586383513265982
348.2,19.599472731482837
348.21,19.612581211291253
348.22,19.625708919746238
348.23,19.638855824178073
348.24,19.652021892191172
348.25,19.665207091662932
348.26,19.678411390742603
348.27,19.691634757850156
348.28,19.704877161675174
348.29,19.71813857117573
348.3,19.731418955577283
348.31,19.74471828437159
348.32,19.75803652731561
348.33,19.771373654430423
348.34,19.78472963600016
348.35,19.798104442570928
348.36,19.811498044949754
348.37,19.824910414203536
348.38,19.83834152165799
348.39,19.85179133889662
348.4,19.865259837759684
348.41,19.87874699034316
348.42,19.892252768997743
348.43,19.905777146327832
348.44,19.91932009519052
348.45,19.93288158869461
348.46,19.94646160019961
348.47,19.96006010331476
348.48,19.97367707189806
348.49,19.987312480055294
348.5,20.00096630213907
348.51,20.01463851274787
348.52,20.028329086725087
348.53,20.042037999158108
348.54,20.05576522537735
348.55,20.069510740955355
348.56,20.083274521705857
348.57,20.09705654368286
348.58,20.110856783179745
348.59,20.124675216728356
348.6,20.13851182109811
348.61,20.152366573295097
348.62,20.166239450561207
348.63,20.18013043037325
348.64,20.194039490442087
348.65,20.207966608711754
348.66,20.221911763358623
348.67,20.235874932790534
348.68,20.24985609564595
348.69,20.26385523079313
348.7,20.27787231732928
348.71,20.291907334579733
348.72,20.30596026209713
348.73,20.320031079660595
348.74,20.33411976727493
348.75,20.34822630516982
348.76,20.36235067379902
348.77,20.376492853839572
348.78,20.390652826191012
348.79,20.404830571974603
348.8,20.41902607253255
348.81,20.43323930942723
348.82,20.447470264440433
348.83,20.46171891957261
348.84,20.47598525704211
348.85,20.490269259284446
348.86,20.50457090895154
348.87,20.518890188911
348.88,20.533227082245396
348.89,20.54758157225152
348.9,20.561953642439683
348.91,20.576343276532988
348.92,20.590750458466637
348.93,20.605175172387224
348.94,20.619617402652036
348.95,20.634077133828367
348.96,20.64855435069283
348.97,20.663049038230675
348.98,20.677561181635117
348.99,20.69209076630667
349.0,20.706637777852475
349.01,20.721202202085646
349.02,20.735784025024618
349.03,20.750383232892492
349.04,20.764999812116397
349.05,20.779633749326855
349.06,20.794285031357138
349.07,20.808953645242646
349.08,20.823639578220284
349.09,20.83834281772785
349.1,20.853063351403403
349.11,20.86780116708468
349.12,20.882556252808474
349.13,20.89732859681005
349.14,20.912118187522537
349.15,20.92692501357636
349.16,20.94174906379863
349.17,20.95659032721259
349.18,20.97144879303704
349.19,20.98632445068575
349.2,21.00121728976691
349.21,21.01612730008257
349.22,21.03105447162808
349.23,21.045998794591554
349.24,21.060960259353305
349.25,21.075938856485323
349.26,21.090934576750726
349.27,21.105947411103244
349.28,21.12097735068668
349.29,21.136024386834393
349.3,21.15108851106878
349.31,21.16616971510077
349.32,21.181267990829305
349.33,21.196383330340847
349.34,21.211515725908875
349.35,21.226665169993392
349.36,21.241831655240432
349.37,21.25701517448158
349.38,21.272215720733485
349.39,21.28743328719739
349.4,21.30266786725866
349.41,21.317919454486304
349.42,21.33318804263253
349.43,21.348473625632263
349.44,21.363776197602718
349.45,21.37909575284292
349.46,21.394432285833286
349.47,21.409785791235162
349.48,21.4251562638904
349.49,21.440543698820914
349.5,21.45594809122826
349.51,21.47136943649321
349.52,21.48680773017532
349.53,21.50226296801254
349.54,21.51773514592077
349.55,21.53322425999347
349.56,21.54873030650126
349.57,21.564253281891503
349.58,21.579793182787935
349.59,21.595350005990245
349.6,21.61092374847371
349.61,21.6265144073888
349.62,21.642121980060804
349.63,21.657746463989447
349.64,21.67338785684853
349.65,21.689046156485556
349.66,21.704721360921365
349.67,21.72041346834978
349.68,21.736122477137247
349.69,21.75184838582249
349.7,21.767591193116157
349.71,21.783350897900476
349.72,21.79912749922892
349.73,21.814920996325867
349.74,21.830731388586273
349.75,21.84655867557534
349.76,21.8624028570282
349.77,21.878263932849574
349.78,21.89414190311348
349.79,21.9100367680629
349.8,21.925948528109487
349.81,21.941877183833256
349.82,21.95782273598227
349.83,21.973785185472355
349.84,21.989764533386808
349.85,22.005760780976097
349.86,22.02177392965758
349.87,22.037803981015223
349.88,22.053850936799318
349.89,22.069914798926206
349.9,22.085995569478012
349.91,22.10209325070237
349.92,22.118207845012165
349.93,22.134339354985265
349.94,22.15048778336427
349.95,22.166653133056254
349.96,22.18283540713252
349.97,22.199034608828345
349.98,22.21525074154275
349.99,22.231483808838245
350.0,22.247733814440608
350.01,22.26400076223864
350.02,22.280284656283953
350.03,22.296585500790727
350.04,22.3129033001355
350.05,22.32923805885694
350.06,22.345589781655647
350.07,22.361958473393923
350.08,22.378344139095578
350.09,22.394746783945717
350.1,22.411166413290548
350.11,22.427603032637176
350.12,22.444056647653415
350.13,22.460527264167595
350.14,22.477014888168377
350.15,22.49351952580457
350.16,22.51004118338495
350.17,22.52657986737808
350.18,22.543135584412138
350.19,22.559708341274753
350.2,22.576298144912833
350.21,22.592905002432403
350.22,22.609528921098445
350.23,22.62616990833474
350.24,22.642827971723722
350.25,22.659503119006317
350.26,22.676195358081802
350.27,22.69290469700767
350.28,22.709631143999474
350.29,22.7263747074307
350.3,22.743135395832642
350.31,22.759913217894248
350.32,22.77670818246202
350.33,22.793520298539875
350.34,22.810349575289028
350.35,22.827196022027874
350.36,22.84405964823188
350.37,22.860940463533474
350.38,22.877838477721927
350.39,22.89475370074326
350.4,22.911686142700137
350.41,22.92863581385178
350.42,22.945602724613863
350.43,22.96258688555842
350.44,22.97958830741376
350.45,22.99660700106439
350.46,23.013642977550923
350.47,23.030696248070004
350.48,23.04776682397424
350.49,23.064854716772118
350.5,23.081959938127948
350.51,23.099082499861783
350.52,23.116222413949373
350.53,23.133379692522094
350.54,23.150554347866898
350.55,23.167746392426256
350.56,23.184955838798118
350.57,23.202182699735847
350.58,23.2194269881482
350.59,23.23668871709927
350.6,23.253967899808455
350.61,23.271264549650425
350.62,23.288578680155087
350.63,23.305910305007565
350.64,23.32325943804817
350.65,23.340626093272373
350.66,23.3580102848308
350.67,23.37541202702921
350.68,23.392831334328474
350.69,23.410268221344584
350.7,23.427722702848634
350.71,23.445194793766817
350.72,23.462684509180434
350.73,23.48019186432589
350.74,23.4977168745947
350.75,23.51525955553351
350.76,23.53281992284409
350.77,23.550397992383367
350.78,23.567993780163434
350.79,23.585607302351576
350.8,23.603238575270296
350.81,23.620887615397336
350.82,23.638554439365716
350.83,23.656239063963767
350.84,23.67394150613516
350.85,23.691661782978958
350.86,23.709399911749646
350.87,23.727155909857196
350.88,23.744929794867094
350.89,23.76272158450041
350.9,23.78053129663385
350.91,23.7983589492998
350.92,23.816204560686412
350.93,23.83406814913765
350.94,23.851949733153365
350.95,23.869849331389364
350.96,23.887766962657487
350.97,23.905702645925675
350.98,23.923656400318063
350.99,23.94162824511505
351.0,23.959618199753404
351.01,23.97762628382632
351.02,23.995652517083546
351.03,24.01369691943145
351.04,24.03175951093314
351.05,24.049840311808552
351.06,24.067939342434563
351.07,24.08605662334509
351.08,24.10419217523121
351.09,24.122346018941254
351.1,24.140518175480953
351.11,24.158708666013535
351.12,24.176917511859855
351.13,24.195144734498523
351.14,24.213390355566027
351.15,24.23165439685687
351.16,24.249936880323705
351.17,24.268237828077467
351.18,24.28655726238752
351.19,24.304895205681802
351.2,24.323251680546964
351.21,24.341626709728526
351.22,24.360020316131035
351.23,24.378432522818212
351.24,24.396863353013117
351.25,24.415312830098312
351.26,24.43378097761602
351.27,24.452267819268307
351.28,24.470773378917237
351.29,24.48929768058506
351.3,24.507840748454385
351.31,24.52640260686836
351.32,24.544983280330854
351.33,24.563582793506658
351.34,24.582201171221655
351.35,24.60083843846303
351.36,24.619494620379456
351.37,24.6381697422813
351.38,24.656863829640823
351.39,24.67557690809239
351.4,24.694309003432668
351.41,24.713060141620854
351.42,24.73183034877888
351.43,24.750619651191634
351.44,24.769428075307175
351.45,24.788255647736968
351.46,24.807102395256113
351.47,24.825968344803563
351.48,24.84485352348237
351.49,24.863757958559923
351.5,24.882681677468174
351.51,24.901624707803897
351.52,24.920587077328932
351.53,24.93956881397043
351.54,24.9585699458211
351.55,24.977590501139495
351.56,24.996630508350233
351.57,25.015689996044284
351.58,25.034768992979227
351.59,25.05386752807953
351.6,25.072985630436804
351.61,25.092123329310095
351.62,25.11128065412616
351.63,25.130457634479736
351.64,25.149654300133847
351.65,25.168870681020074
351.66,25.188106807238857
351.67,25.207362709059787
351.68,25.226638416921908
351.69,25.24593396143401
351.7,25.265249373374942
351.71,25.284584683693918
351.72,25.303939923510832
351.73,25.32331512411656
351.74,25.342710316973303
351.75,25.362125533714877
351.76,25.381560806147064
351.77,25.401016166247924
351.78,25.42049164616814
351.79,25.439987278231342
351.8,25.459503094934448
351.81,25.479039128948003
351.82,25.498595413116536
351.83,25.518171980458895
351.84,25.5377688641686
351.85,25.557386097614213
351.86,25.57702371433967
351.87,25.596681748064672
351.88,25.61636023268503
351.89,25.63605920227304
351.9,25.655778691077852
351.91,25.675518733525863
351.92,25.69527936422107
351.93,25.71506061794547
351.94,25.734862529659438
351.95,25.75468513450213
351.96,25.77452846779185
351.97,25.794392565026477
351.98,25.814277461883844
351.99,25.83418319422215
352.0,25.854109798080366
352.01,25.874057309678644
352.02,25.89402576541874
352.03,25.91401520188441
352.04,25.934025655841864
352.05,25.954057164240158
352.06,25.974109764211647
352.07,25.994183493072406
352.08,26.014278388322666
352.09,26.03439448764726
352.1,26.054531828916055
352.11,26.074690450184413
352.12,26.09487038969363
352.13,26.115071685871392
352.14,26.135294377332244
352.15,26.155538502878034
352.16,26.17580410149839
352.17,26.19609121237119
352.18,26.216399874863026
352.19,26.236730128529683
352.2,26.25708201311663
352.21,26.27745556855949
352.22,26.297850834984537
352.23,26.31826785270918
352.24,26.33870666224247
352.25,26.35916730428558
352.26,26.37964981973234
352.27,26.400154249669704
352.28,26.420680635378293
352.29,26.441229018332894
352.3,26.461799440202984
352.31,26.48239194285325
352.32,26.503006568344123
352.33,26.523643358932297
352.34,26.544302357071267
352.35,26.564983605411875
352.36,26.585687146802844
352.37,26.606413024291324
352.38,26.627161281123453
352.39,26.6479319607449
352.4,26.668725106801425
352.41,26.689540763139448
352.42,26.71037897380661
352.43,26.731239783052345
352.44,26.752123235328458
352.45,26.7730293752897
352.46,26.79395824779435
352.47,26.81490989790481
352.48,26.83588437088818
352.49,26.856881712216882
352.5,26.87790196756923
352.51,26.89894518283005
352.52,26.920011404091287
352.53,26.941100677652614
352.54,26.962213050022047
352.55,26.983348567916575
352.56,27.004507278262782
352.57,27.025689228197468
352.58,27.0468944650683
352.59,27.068123036434425
352.6,27.089374990067146
352.61,27.11065037395054
352.62,27.131949236282132
352.63,27.15327162547353
352.64,27.174617590151097
352.65,27.195987179156628
352.66,27.217380441547995
352.67,27.238797426599834
352.68,27.260238183804233
352.69,27.281702762871394
352.7,27.30319121373034
352.71,27.324703586529594
352.72,27.346239931637882
352.73,27.367800299644838
352.74,27.389384741361706
352.75,27.410993307822046
352.76,27.43262605028246
352.77,27.45428302022331
352.78,27.475964269349436
352.79,27.497669849590892
352.8,27.51939981310368
352.81,27.541154212270484
352.82,27.56293309970143
352.83,27.584736528234814
352.84,27.606564550937875
352.85,27.62841722110754
352.86,27.650294592271194
352.87,27.672196718187454
352.88,27.69412365284693
352.89,27.716075450473017
352.9,27.738052165522667
352.91,27.76005385268719
352.92,27.782080566893036
352.93,27.804132363302603
352.94,27.82620929731504
352.95,27.848311424567044
352.96,27.870438800933698
352.97,27.89259148252927
352.98,27.914769525708042
352.99,27.93697298706515
353.0,27.95920192343741
353.01,27.981456391904157
353.02,28.003736449788097
353.03,28.026042154656157
353.04,28.048373564320343
353.05,28.07073073683859
353.06,28.093113730515654
353.07,28.115522603903955
353.08,28.13795741580448
353.09,28.16041822526765
353.1,28.182905091594225
353.11,28.20541807433618
353.12,28.227957233297623
353.13,28.25052262853569
353.14,28.27311432036147
353.15,28.295732369340897
353.16,28.3183768362957
353.17,28.341047782304315
353.18,28.363745268702836
353.19,28.386469357085932
353.2,28.409220109307814
353.21,28.431997587483174
353.22,28.454801853988155
353.23,28.4776329714613
353.24,28.500491002804534
353.25,28.523376011184133
353.26,28.54628806003171
353.27,28.5692272130452
353.28,28.592193534189853
353.29,28.61518708769924
353.3,28.63820793807625
353.31,28.6612561500941
353.32,28.684331788797376
353.33,28.70743491950303
353.34,28.730565607801424
353.35,28.753723919557366
353.36,28.776909920911155
353.37,28.80012367827963
353.38,28.823365258357217
353.39,28.846634728117007
353.4,28.869932154811817
353.41,28.89325760597526
353.42,28.916611149422845
353.43,28.93999285325304
353.44,28.963402785848395
353.45,28.986841015876617
353.46,29.010307612291705
353.47,29.03380264433504
353.48,29.05732618153653
353.49,29.080878293715724
353.5,29.10445905098295
353.51,29.12806852374046
353.52,29.151706782683583
353.53,29.175373898801872
353.54,29.199069943380273
353.55,29.2227949880003
353.56,29.246549104541202
353.57,29.270332365181158
353.58,29.29414484239846
353.59,29.317986608972713
353.6,29.34185773798605
353.61,29.365758302824336
353.62,29.38968837717839
353.63,29.41364803504522
353.64,29.437637350729243
353.65,29.461656398843544
353.66,29.48570525431112
353.67,29.50978399236614
353.68,29.533892688555195
353.69,29.5580314187386
353.7,29.58220025909165
353.71,29.606399286105916
353.72,29.630628576590542
353.73,29.654888207673547
353.74,29.67917825680314
353.75,29.70349880174904
353.76,29.727849920603784
353.77,29.7522316917841
353.78,29.776644194032215
353.79,29.801087506417225
353.8,29.825561708336448
353.81,29.85006687951679
353.82,29.87460310001612
353.83,29.899170450224673
353.84,29.923769010866412
353.85,29.948398863000445
353.86,29.973060088022436
353.87,29.997752767666018
353.88,30.022476984004218
353.89,30.04723281945089
353.9,30.072020356762167
353.91,30.0968396790379
353.92,30.121690869723125
353.93,30.146574012609534
353.94,30.17148919183695
353.95,30.19643649189482
353.96,30.221415997623687
353.97,30.246427794216732
353.98,30.271471967221256
353.99,30.296548602540216
354.0,30.321657786433757
354.01,30.34679960552075
354.02,30.371974146780346
354.03,30.39718149755352
354.04,30.42242174554467
354.05,30.447694978823165
354.06,30.473001285824946
354.07,30.498340755354125
354.08,30.523713476584586
354.09,30.549119539061603
354.1,30.57455903270347
354.11,30.600032047803126
354.12,30.625538675029816
354.13,30.651079005430734
354.14,30.676653130432694
354.15,30.7022611418438
354.16,30.727903131855136
354.17,30.753579193042466
354.18,30.779289418367927
354.19,30.80503390118176
354.2,30.830812735224015
354.21,30.85662601462631
354.22,30.882473833913572
354.23,30.908356288005784
354.24,30.93427347221976
354.25,30.96022548227093
354.26,30.986212414275112
354.27,31.012234364750334
354.28,31.038291430618628
354.29,31.064383709207863
354.3,31.090511298253567
354.31,31.11667429590078
354.32,31.142872800705902
354.33,31.16910691163857
354.34,31.19537672808352
354.35,31.22168234984249
354.36,31.248023877136106
354.37,31.27440141060581
354.38,31.300815051315773
354.39,31.327264900754823
354.4,31.35375106083841
354.41,31.380273633910544
354.42,31.406832722745786
354.43,31.43342843055121
354.44,31.460060860968408
354.45,31.486730118075496
354.46,31.513436306389128
354.47,31.540179530866524
354.48,31.566959896907527
354.49,31.593777510356635
354.5,31.62063247750509
354.51,31.647524905092943
354.52,31.67445490031116
354.53,31.701422570803718
354.54,31.72842802466972
354.55,31.755471370465543
354.56,31.782552717206954
354.57,31.809672174371297
354.58,31.836829851899644
354.59,31.86402586019899
354.6,31.891260310144432
354.61,31.918533313081404
354.62,31.94584498082788
354.63,31.973195425676618
354.64,32.000584760397416
354.65,32.02801309823936
354.66,32.05548055293314
354.67,32.082987238693285
354.68,32.11053327022052
354.69,32.13811876270407
354.7,32.165743831823974
354.71,32.19340859375347
354.72,32.22111316516133
354.73,32.248857663214245
354.74,32.276642205579236
354.75,32.30446691042603
354.76,32.3323318964295
354.77,32.360237282772104
354.78,32.38818318914633
354.79,32.41616973575717
354.8,32.44419704332459
354.81,32.472265233086034
354.82,32.500374426798935
354.83,32.52852474674326
354.84,32.55671631572402
354.85,32.58494925707386
354.86,32.61322369465562
354.87,32.64153975286494
354.88,32.669897556632826
354.89,32.698297231428334
354.9,32.72673890326117
354.91,32.75522269868436
354.92,32.78374874479692
354.93,32.81231716924652
354.94,32.84092810023225
354.95,32.86958166650727
354.96,32.89827799738162
354.97,32.92701722272491
354.98,32.95579947296916
354.99,32.98462487911153
355.0,33.01349357271716
355.01,33.042405685922
355.02,33.07136135143564
355.03,33.10036070254418
355.04,33.1294038731131
355.05,33.158490997590164
355.06,33.187622211008346
355.07,33.21679764898874
355.08,33.246017447743526
355.09,33.275281744078946
355.1,33.30459067539827
355.11,33.333944379704846
355.12,33.363342995605066
355.13,33.39278666231148
355.14,33.42227551964581
355.15,33.45180970804205
355.16,33.481389368549586
355.17,33.5110146428363
355.18,33.54068567319171
355.19,33.57040260253015
355.2,33.60016557439395
355.21,33.62997473295662
355.22,33.65983022302609
355.23,33.68973219004797
355.24,33.71968078010877
355.25,33.74967613993921
355.26,33.779718416917554
355.27,33.80980775907288
355.28,33.839944315088474
355.29,33.87012823430518
355.3,33.90035966672478
355.31,33.93063876301344
355.32,33.96096567450511
355.33,33.991340553205006
355.34,34.021763551793065
355.35,34.05223482362746
355.36,34.08275452274812
355.37,34.11332280388027
355.38,34.14393982243802
355.39,34.17460573452793
355.4,34.205320696952626
355.41,34.23608486721446
355.42,34.26689840351914
355.43,34.29776146477945
355.44,34.328674210618914
355.45,34.35963680137557
355.46,34.39064939810571
355.47,34.42171216258763
355.48,34.45282525732549
355.49,34.48398884555311
355.5,34.51520309123781
355.51,34.54646815908432
355.52,34.57778421453868
355.53,34.60915142379215
355.54,34.64056995378517
355.55,34.67203997221135
355.56,34.70356164752148
355.57,34.73513514892755
355.58,34.766760646406794
355.59,34.79843831070581
355.6,34.830168313344664
355.61,34.861950826621
355.62,34.89378602361422
355.63,34.92567407818971
355.64,34.957615165003
355.65,34.98960945950407
355.66,35.021657137941574
355.67,35.05375837736719
355.68,35.08591335563992
355.69,35.11812225143045
355.7,35.150385244225575
355.71,35.18270251433257
355.72,35.21507424288367
355.73,35.24750061184053
355.74,35.27998180399874
355.75,35.312518002992356
355.76,35.34510939329846
355.77,35.377756160241766
355.78,35.41045848999925
355.79,35.443216569604786
355.8,35.47603058695386
355.81,35.50890073080827
355.82,35.54182719080088
355.83,35.5748101574404
355.84,35.60784982211623
355.85,35.64094637710324
355.86,35.67410001556672
355.87,35.70731093156726
355.88,35.74057932006566
355.89,35.77390537692798
355.9,35.80728929893047
355.91,35.84073128376468
355.92,35.87423153004251
355.93,35.9077902373013
355.94,35.941407606009015
355.95,35.97508383756941
355.96,36.00881913432722
355.97,36.042613699573444
355.98,36.07646773755063
355.99,36.11038145345817
356.0,36.14435505345768
356.01,36.17838874467839
356.02,36.21248273522255
356.03,36.24663723417095
356.04,36.28085245158836
356.05,36.315128598529114
356.06,36.34946588704268
356.07,36.383864530179274
356.08,36.4183247419955
356.09,36.45284673756007
356.1,36.48743073295953
356.11,36.52207694530401
356.12,36.55678559273305
356.13,36.591556894421466
356.14,36.626391070585214
356.15,36.66128834248734
356.16,36.69624893244393
356.17,36.731273063830145
356.18,36.76636096108627
356.19,36.8015128497238
356.2,36.836728956331584
356.21,36.872009508581996
356.22,36.90735473523718
356.23,36.94276486615529
356.24,36.9782401322968
356.25,37.013780765730885
356.26,37.04938699964178
356.27,37.085059068335255
356.28,37.120797207245054
356.29,37.15660165293948
356.3,37.19247264312793
356.31,37.22841041666753
356.32,37.26441521356981
356.33,37.30048727500741
356.34,37.336626843320836
356.35,37.37283416202526
356.36,37.40910947581742
356.37,37.44545303058245
356.38,37.481865073400904
356.39,37.51834585255572
356.4,37.55489561753926
356.41,37.59151461906044
356.42,37.62820310905186
356.43,37.664961340676996
356.44,37.70178956833747
356.45,37.738688047680334
356.46,37.775657035605434
356.47,37.81269679027281
356.48,37.849807571110155
356.49,37.88698963882032
356.5,37.92424325538888
356.51,37.96156868409175
356.52,37.99896618950286
356.53,38.03643603750187
356.54,38.07397849528197
356.55,38.11159383135769
356.56,38.1492823155728
356.57,38.18704421910827
356.58,38.22487981449028
356.59,38.26278937559824
356.6,38.30077317767296
356.61,38.33883149732479
356.62,38.37696461254189
356.63,38.41517280269849
356.64,38.45345634856328
356.65,38.49181553230778
356.66,38.53025063751488
356.67,38.56876194918731
356.68,38.607349753756296
356.69,38.64601433909017
356.7,38.684755994503135
356.71,38.72357501076403
356.72,38.762471680105186
356.73,38.80144629623133
356.74,38.8404991543286
356.75,38.879630551073525
356.76,38.9188407846422
356.77,38.958130154719434
356.78,38.99749896250799
356.79,39.036947510737896
356.8,39.07647610367585
356.81,39.11608504713463
356.82,39.155774648482634
356.83,39.195545216653464
356.84,39.235397062155585
356.85,39.27533049708204
356.86,39.31534583512026
356.87,39.35544339156195
356.88,39.39562348331299
356.89,39.4358864289035
356.9,39.47623254849792
356.91,39.51666216390515
356.92,39.557175598588834
356.93,39.59777317767763
356.94,39.63845522797564
356.95,39.679222077972874
356.96,39.7200740578558
356.97,39.76101149951794
356.98,39.80203473657065
356.99,39.84314410435382
357.0,39.884339939946805
357.01,39.925622582179344
357.02,39.96699237164259
357.03,40.00844965070025
357.04,40.04999476349974
357.05,40.0916280559835
357.06,40.13334987590034
357.07,40.17516057281691
357.08,40.21706049812919
357.09,40.259050005074194
357.1,40.3011294487416
357.11,40.34329918608559
357.12,40.385559575936746
357.13,40.42791097901401
357.14,40.470353757936756
357.15,40.512888277236975
357.16,40.55551490337149
357.17,40.59823400473434
357.18,40.64104595166919
357.19,40.68395111648191
357.2,40.726949873453144
357.21,40.7700425988511
357.22,40.81322967094433
357.23,40.85651147001469
357.24,40.899888378370335
357.25,40.94336078035885
357.26,40.98692906238049
357.27,41.03059361290148
357.28,41.07435482246744
357.29,41.11821308371696
357.3,41.162168791395175
357.31,41.20622234236755
357.32,41.25037413563373
357.33,41.294624572341434
357.34,41.3389740558006
357.35,41.38342299149749
357.36,41.42797178710902
357.37,41.472620852517124
357.38,41.517370599823266
357.39,41.56222144336305
357.4,41.60717379972097
357.41,41.652228087745236
357.42,41.69738472856277
357.43,41.74264414559423
357.44,41.78800676456927
357.45,41.83347301354181
357.46,41.87904332290551
357.47,41.9247181254093
357.48,41.97049785617308
357.49,42.01638295270352
357.5,42.062373854909985
357.51,42.10847100512059
357.52,42.15467484809841
357.53,42.20098583105774
357.54,42.2474044036806
357.55,42.293931018133236
357.56,42.34056612908287
357.57,42.38731019371454
357.58,42.43416367174803
357.59,42.481127025455
357.6,42.528200719676235
357.61,42.57538522183901
357.62,42.62268100197459
357.63,42.670088532735946
357.64,42.71760828941549
357.65,42.765240749963056
357.66,42.81298639500399
357.67,42.86084570785735
357.68,42.908819174554324
357.69,42.95690728385672
357.7,43.00511052727569
357.71,43.05342939909051
357.72,43.101864396367596
357.73,43.15041601897962
357.74,43.19908476962481
357.75,43.24787115384639
357.76,43.29677568005219
357.77,43.345798859534405
357.78,43.39494120648953
357.79,43.444203238038426
357.8,43.493585474246615
357.81,43.54308843814465
357.82,43.59271265574873
357.83,43.64245865608144
357.84,43.692326971192685
357.85,43.74231813618079
357.86,43.79243268921376
357.87,43.84267117155072
357.88,43.893034127563546
357.89,43.94352210475867
357.9,43.99413565379906
357.91,44.04487532852637
357.92,44.09574168598331
357.93,44.146735286436154
357.94,44.19785669339747
357.95,44.24910647364903
357.96,44.30048519726491
357.97,44.35199343763478
357.98,44.40363177148738
357.99,44.455400778914225
358.0,44.50730104339346
358.01,44.559333151813966
358.02,44.611497694499626
358.03,44.663795265233816
358.04,44.716226461284094
358.05,44.768791883427106
358.06,44.821492135973706
358.07,44.87432782679426
358.08,44.92729956734418
358.09,44.980407972689704
358.1,45.03365366153384
358.11,45.087037256242574
358.12,45.14055938287127
358.13,45.1942206711913
358.14,45.24802175471696
358.15,45.30196327073248
358.16,45.35604586031943
358.17,45.41027016838423
358.18,45.46463684368595
358.19,45.51914653886437
358.2,45.5737999104682
358.21,45.62859761898366
358.22,45.68354032886319
358.23,45.73862870855447
358.24,45.7938634305297
358.25,45.84924517131507
358.26,45.90477461152057
358.27,45.96045243586999
358.28,46.01627933323118
358.29,46.07225599664665
358.3,46.128383123364344
358.31,46.18466141486871
358.32,46.24109157691207
358.33,46.29767431954624
358.34,46.35441035715442
358.35,46.411300408483385
358.36,46.46834519667592
358.37,46.525545449303586
358.38,46.58290189839973
358.39,46.640415280492824
358.4,46.69808633664006
358.41,46.755915812461275
358.42,46.81390445817314
358.43,46.87205302862369
358.44,46.93036228332712
358.45,46.98883298649893
358.46,47.04746590709132
358.47,47.10626181882899
358.48,47.16522150024515
358.49,47.224345734717964
358.5,47.2836353105072
358.51,47.34309102079131
358.52,47.40271366370479
358.53,47.46250404237586
358.54,47.52246296496455
358.55,47.582591244701014
358.56,47.642889699924325
358.57,47.70335915412149
358.58,47.76400043596691
358.59,47.82481437936215
358.6,47.88580182347606
358.61,47.9469636127853
358.62,48.00830059711519
358.63,48.06981363168096
358.64,48.13150357712935
358.65,48.19337129958061
358.66,48.255417670670845
358.67,48.31764356759479
358.68,48.38004987314897
358.69,48.44263747577519
358.7,48.50540726960453
358.71,48.56836015450164
358.72,48.6314970361095
358.73,48.694818825894586
358.74,48.75832644119241
358.75,48.822020805253544
358.76,48.88590284729001
358.77,48.94997350252213
358.78,49.014233712225774
358.79,49.07868442378011
358.8,49.14332659071573
358.81,49.208161172763255
358.82,49.27318913590238
358.83,49.338411452411364
358.84,49.40382910091703
358.85,49.469443066445166
358.86,49.53525434047144
358.87,49.60126392097277
358.88,49.66747281247919
358.89,49.733882026126174
358.9,49.800492579707495
358.91,49.86730549772853
358.92,49.934321811460116
358.93,50.001542558992874
358.94,50.068968785292064
358.95,50.13660154225295
358.96,50.2044418887567
358.97,50.27249089072679
358.98,50.340749621186
358.99,50.40921916031385
359.0,50.47790059550472
359.01,50.54679502142637
359.02,50.61590354007914
359.03,50.68522726085567
359.04,50.75476730060116
359.05,50.82452478367427
359.06,50.894500842008554
359.07,50.9646966151745
359.08,51.03511325044217
359.09,51.10575190284443
359.1,51.17661373524081
359.11,51.247699918381954
359.12,51.31901163097473
359.13,51.390550059747916
359.14,51.46231639951858
359.15,51.534311853259055
359.16,51.60653763216461
359.17,51.67899495572173
359.18,51.75168505177709
359.19,51.824609156607224
359.2,51.89776851498882
359.21,51.97116438026974
359.22,52.044798014440744
359.23,52.118670688207864
359.24,52.192783681065556
359.25,52.26713828137053
359.26,52.34173578641631
359.27,52.41657750250855
359.28,52.49166474504107
359.29,52.56699883857266
359.3,52.64258111690463
359.31,52.71841292315914
359.32,52.79449560985833
359.33,52.87083053900416
359.34,52.94741908215914
359.35,53.02426262052782
359.36,53.10136254503907
359.37,53.17872025642924
359.38,53.25633716532607
359.39,53.33421469233357
359.4,53.412354268117596
359.41,53.49075733349242
359.42,53.56942533950808
359.43,53.64835974753868
359.44,53.72756202937151
359.45,53.80703366729716
359.46,53.88677615420043
359.47,53.96679099365227
359.48,54.04707970000257
359.49,54.12764379847398
359.5,54.2084848252566
359.51,54.28960432760367
359.52,54.37100386392826
359.53,54.45268500390091
359.54,54.534649328548305
359.55,54.61689843035293
359.56,54.699433913353765
359.57,54.78225739324801
359.58,54.86537049749387
359.59,54.94877486541439
359.6,55.03247214830236
359.61,55.116464009526304
359.62,55.20075212463757
359.63,55.285338181478544
359.64,55.37022388029197
359.65,55.455410933831395
359.66,55.54090106747282
359.67,55.62669601932743
359.68,55.7127975403556
359.69,55.79920739448201
359.7,55.88592735871199
359.71,55.97295922324913
359.72,56.06030479161406
359.73,56.14796588076453
359.74,56.23594432121673
359.75,56.32424195716788
359.76,56.412860646620146
359.77,56.50180226150586
359.78,56.59106868781403
359.79,56.68066182571827
359.8,56.77058358970598
359.81,56.86083590870902
359.82,56.95142072623568
359.83,57.04234000050413
359.84,57.13359570457724
359.85,57.22518982649886
359.86,57.317124369431625
359.87,57.40940135179612
359.88,57.502022807411635
359.89,57.594990785638416
359.9,57.68830735152142
359.91,57.781974585935664
359.92,57.8759945857331
359.93,57.97036946389114
359.94,58.06510134966272
359.95,58.16019238872806
359.96,58.25564474334806
359.97,58.35146059251931
359.98,58.44764213213089
359.99,58.54419157512279
360.0,58.64111115164613
360.01,58.738403109225096
360.02,58.83606971292068
360.03,58.934113245496206
360.04,59.03253600758467
360.05,59.13134031785794
360.06,59.23052851319784
360.07,59.330102948869076
360.08,59.43006599869413
360.09,59.53042005523007
360.1,59.6311675299473
360.11,59.732310853410354
360.12,59.83385247546067
360.13,59.93579486540138
360.14,60.03814051218423
360.15,60.14089192459853
360.16,60.244051631462256
360.17,60.34762218181529
360.18,60.45160614511482
360.19,60.55600611143296
360.2,60.660824691656565
360.21,60.766064517689365
360.22,60.87172824265631
360.23,60.97781854111029
360.24,61.08433810924115
360.25,61.19128966508714
360.26,61.298675948748695
360.27,61.40649972260472
360.28,61.5147637715313
360.29,61.62347090312294
360.3,61.732623947916316
360.31,61.842225759616575
360.32,61.9522792153263
360.33,62.062787215777035
360.34,62.17375268556351
360.35,62.28517857338055
360.36,62.39706785226277
360.37,62.50942351982698
360.38,62.62224859851742
360.39,62.73554613585388
360.4,62.84931920468262
360.41,62.963570903430316
360.42,63.078304356360874
360.43,63.19352271383529
360.44,63.30922915257456
360.45,63.42542687592561
360.46,63.54211911413042
360.47,63.65930912459826
360.48,63.77700019218113
360.49,63.89519562945247
360.5,64.01389877698917
360.51,64.13311300365685
360.52,64.25284170689858
360.53,64.37308831302701
360.54,64.49385627751995
360.55,64.61514908531947
360.56,64.7369702511346
360.57,64.85932331974755
360.58,64.98221186632372
360.59,65.10563949672535
360.6,65.22960984782883
360.61,65.35412658784601
360.62,65.4791934166493
360.63,65.60481406610056
360.64,65.73099230038419
360.65,65.85773191634401
360.66,65.98503674382438
360.67,66.1129106460154
360.68,66.24135751980224
360.69,66.37038129611882
360.7,66.49998594030576
360.71,66.63017545247263
360.72,66.76095386786469
360.73,66.8923252572341
360.74,67.02429372721572
360.75,67.15686342070742
360.76,67.29003851725514
360.77,67.42382323344266
360.78,67.55822182328623
360.79,67.69323857863397
360.8,67.82887782957029
360.81,67.96514394482531
360.82,68.10204133218932
360.83,68.2395744389324
360.84,68.37774775222931
360.85,68.51656579958963
360.86,68.65603314929324
360.87,68.79615441083133
360.88,68.93693423535288
360.89,69.0783773161167
360.9,69.22048838894924
360.91,69.36327223270808
360.92,69.50673366975136
360.93,69.65087756641294
360.94,69.79570883348384
360.95,69.94123242669951
360.96,70.08745334723346
360.97,70.2343766421971
360.98,70.38200740514591
360.99,70.5303507765921
361.0,70.67941194452379
361.01,70.82919614493085
361.02,70.97970866233742
361.03,71.13095483034134
361.04,71.28294003216041
361.05,71.43566970118579
361.06,71.58914932154241
361.07,71.74338442865667
361.08,71.89838060983153
361.09,72.05414350482893
361.1,72.21067880645982
361.11,72.36799226118193
361.12,72.52608966970512
361.13,72.68497688760482
361.14,72.84465982594335
361.15,73.00514445189944
361.16,73.16643678940585
361.17,73.32854291979554
361.18,73.4914689824562
361.19,73.6552211754934
361.2,73.81980575640249
361.21,73.98522904274941
361.22,74.15149741286042
361.23,74.31861730652102
361.24,74.48659522568404
361.25,74.65543773518729
361.26,74.82515146348062
361.27,74.99574310336271
361.28,75.16721941272769
361.29,75.33958721532173
361.3,75.51285340150977
361.31,75.68702492905253
361.32,75.8621088238939
361.33,76.03811218095903
361.34,76.21504216496301
361.35,76.39290601123062
361.36,76.57171102652705
361.37,76.75146458989991
361.38,76.93217415353263
361.39,77.11384724360946
361.4,77.29649146119225
361.41,77.48011448310912
361.42,77.66472406285529
361.43,77.85032803150622
361.44,78.03693429864323
361.45,78.22455085329182
361.46,78.41318576487285
361.47,78.60284718416682
361.48,78.79354334429142
361.49,78.98528256169259
361.5,79.17807323714919
361.51,79.37192385679172
361.52,79.56684299313497
361.53,79.76283930612514
361.54,79.95992154420153
361.55,80.15809854537288
361.56,80.35737923830885
361.57,80.55777264344671
361.58,80.75928787411348
361.59,80.96193413766383
361.6,81.16572073663393
361.61,81.37065706991154
361.62,81.57675263392258
361.63,81.78401702383435
361.64,81.9924599347759
361.65,82.2020911630755
361.66,82.41292060751572
361.67,82.62495827060636
361.68,82.83821425987539
361.69,83.05269878917827
361.7,83.26842218002601
361.71,83.48539486293214
361.72,83.70362737877893
361.73,83.92313038020322
361.74,84.14391463300208
361.75,84.36599101755874
361.76,84.58937053028896
361.77,84.81406428510829
361.78,85.0400835149205
361.79,85.2674395731275
361.8,85.49614393516123
361.81,85.72620820003758
361.82,85.95764409193303
361.83,86.1904634617842
361.84,86.42467828891066
361.85,86.6603006826614
361.86,86.89734288408545
361.87,87.13581726762688
361.88,87.37573634284463
361.89,87.61711275615768
361.9,87.85995929261574
361.91,88.10428887769616
361.92,88.35011457912721
361.93,88.59744960873834
361.94,88.84630732433789
361.95,89.09670123161843
361.96,89.34864498609053
361.97,89.60215239504522
361.98,89.85723741954558
361.99,90.11391417644809
362.0,90.37219694045413
362.01,90.63210014619212
362.02,90.89363839033082
362.03,91.15682643372438
362.04,91.42167920358945
362.05,91.6882117957152
362.06,91.95643947670649
362.07,92.22637768626088
362.08,92.49804203948003
362.09,92.77144832921611
362.1,93.0466125284537
362.11,93.32355079272773
362.12,93.60227946257831
362.13,93.88281506604277
362.14,94.16517432118567
362.15,94.4493741386675
362.16,94.7354316243524
362.17,95.02336408195605
362.18,95.31318901573384
362.19,95.6049241332105
362.2,95.8985873479515
362.21,96.19419678237713
362.22,96.49177077061995
362.23,96.79132786142624
362.24,97.09288682110234
362.25,97.39646663650652
362.26,97.70208651808714
362.27,98.00976590296804
362.28,98.31952445808167
362.29,98.63138208335108
362.3,98.9453589149214
362.31,99.26147532844166
362.32,99.57975194239792
362.33,99.90020962149839
362.34,100.22286948011163
362.35,100.54775288575857
362.36,100.87488146265935
362.37,101.20427709533583
362.38,101.53596193227087
362.39,101.86995838962511
362.4,102.2062891550125
362.41,102.5449771913353
362.42,102.88604574067988
362.43,103.22951832827391
362.44,103.57541876650662
362.45,103.92377115901247
362.46,104.27459990482004
362.47,104.62792970256652
362.48,104.98378555477967
362.49,105.34219277222779
362.5,105.70317697833916
362.51,106.06676411369213
362.52,106.43298044057701
362.53,106.80185254763094
362.54,107.17340735454714
362.55,107.54767211685963
362.56,107.92467443080493
362.57,108.30444223826177
362.58,108.6870038317705
362.59,109.07238785963321
362.6,109.46062333109623
362.61,109.85173962161625
362.62,110.24576647821155
362.63,110.64273402489984
362.64,111.0426727682241
362.65,111.44561360286797
362.66,111.85158781736233
362.67,112.26062709988445
362.68,112.67276354415138
362.69,113.08802965540931
362.7,113.5064583565203
362.71,113.92808299414824
362.72,114.35293734504575
362.73,114.78105562244353
362.74,115.21247248254423
362.75,115.64722303112231
362.76,116.08534283023197
362.77,116.52686790502482
362.78,116.9718347506792
362.79,117.42028033944322
362.8,117.87224212779306
362.81,118.327758063709
362.82,118.78686659407083
362.83,119.2496066721748
362.84,119.71601776537413
362.85,120.18613986284518
362.86,120.66001348348156
362.87,121.1376796839181
362.88,121.619180066687
362.89,122.10455678850852
362.9,122.59385256871823
362.91,123.08711069783332
362.92,123.58437504626026
362.93,124.08569007314608
362.94,124.5911008353759
362.95,125.10065299671895
362.96,125.61439283712569
362.97,126.13236726217849
362.98,126.65462381269849
362.99,127.18121067451116
363.0,127.7121766883733
363.01,128.24757136006403
363.02,128.78744487064262
363.03,129.33184808687574
363.04,129.88083257183712
363.05,130.43445059568234
363.06,130.99275514660147
363.07,131.55579994195287
363.08,132.12363943958061
363.09,132.69632884931883
363.1,133.27392414468594
363.11,133.8564820747718
363.12,134.4440601763208
363.13,135.03671678601404
363.14,135.6345110529542
363.15,136.23750295135537
363.16,136.84575329344221
363.17,137.45932374256088
363.18,138.07827682650543
363.19,138.70267595106296
363.2,139.33258541378103
363.21,139.96807041796055
363.22,140.60919708687769
363.23,141.2560324782385
363.24,141.90864459886953
363.25,142.56710241964814
363.26,143.23147589067605
363.27,143.90183595669976
363.28,144.57825457278156
363.29,145.2608047202248
363.3,145.949560422757
363.31,146.6445967629747
363.32,147.34598989905373
363.33,148.05381708172885
363.34,148.7681566715461
363.35,149.4890881563924
363.36,150.21669216930545
363.37,150.95105050656846
363.38,151.69224614609314
363.39,152.440363266095
363.4,153.19548726406478
363.41,153.95770477603998
363.42,154.7271036961802
363.43,155.50377319665043
363.44,156.28780374781587
363.45,157.0792871387523
363.46,157.878316498076
363.47,158.68498631509667
363.48,159.49939246129745
363.49,160.32163221214586
363.5,161.1518042692392
363.51,161.9900087827882
363.52,162.83634737444282
363.53,163.69092316046326
363.54,164.55384077524053
363.55,165.42520639516943
363.56,166.30512776287767
363.57,167.19371421181458
363.58,168.0910766912024
363.59,168.99732779135377
363.6,169.91258176935798
363.61,170.8369545751396
363.62,171.77056387789187
363.63,172.71352909288782
363.64,173.66597140867174
363.65,174.6280138146334
363.66,175.59978112896744
363.67,176.58140002702007
363.68,177.57299907002488
363.69,178.57470873422977
363.7,179.58666144041652
363.71,180.60899158381415
363.72,181.64183556440756
363.73,182.68533181764192
363.74,183.73962084552375
363.75,184.80484524811874
363.76,185.8811497554466
363.77,186.9686812597723
363.78,188.06758884829352
363.79,189.17802383622288
363.8,190.30013980026374
363.81,191.434092612478
363.82,192.5800404745434
363.83,193.73814395239785
363.84,194.90856601126754
363.85,196.09147205107556
363.86,197.2870299422265
363.87,198.49541006176247
363.88,199.7167853298855
363.89,200.9513312468402
363.9,202.19922593015008
363.91,203.46065015220083
363.92,204.73578737816197
363.93,206.02482380423896
363.94,207.3279483962456
363.95,208.64535292848717
363.96,209.97723202294267
363.97,211.32378318873455
363.98,212.68520686187262
363.99,214.06170644525858
364.0,215.45348834893588
364.01,216.86076203056902
364.02,218.28374003613513
364.03,219.72263804080936
364.04,221.1776748900245
364.05,222.64907264068404
364.06,224.13705660250642
364.07,225.6418553794765
364.08,227.16370091137978
364.09,228.70282851539193
364.1,230.2594769276962
364.11,231.83388834509822
364.12,233.42630846660677
364.13,235.03698653494715
364.14,236.66617537797174
364.15,238.31413144993058
364.16,239.9811148725627
364.17,241.66738947596656
364.18,243.37322283920656
364.19,245.0988863306092
364.2,246.84465514770088
364.21,248.61080835673704
364.22,250.39762893176885
364.23,252.205403793192
364.24,254.034423845719
364.25,255.88498401571354
364.26,257.75738328782256
364.27,259.6519247408389
364.28,261.56891558272406
364.29,263.50866718471684
364.3,265.4714951144519
364.31,267.4577191680068
364.32,269.4676634007938
364.33,271.50165615720914
364.34,273.5600300989475
364.35,275.6431222318872
364.36,277.75127393144595
364.37,279.88483096630404
364.38,282.04414352038714
364.39,284.2295662129969
364.4,286.44145811697183
364.41,288.6801827747587
364.42,290.9461082122669
364.43,293.2396069503767
364.44,295.56105601396456
364.45,297.9108369383051
364.46,300.28933577270436
364.47,302.6969430812124
364.48,305.1340539402593
364.49,307.6010679330527
364.5,310.0983891405684
364.51,312.626426128962
364.52,315.18559193322204
364.53,317.77630403687937
364.54,320.39898434758294
364.55,323.0540591683448
364.56,325.7419591642515
364.57,328.46311932443336
364.58,331.2179789190764
364.59,334.00698145125597
364.6,336.8305746033648
364.61,339.689210177902
364.62,342.5833440323829
364.63,345.5134360081248
364.64,348.4799498526559
364.65,351.48335313549
364.66,354.5241171570023
364.67,357.6027168501375
364.68,360.7196306746733
364.69,363.87534050375933
364.7,367.07033150244376
364.71,370.3050919978958
364.72,373.5801133410276
364.73,376.895889759213
364.74,380.25291819979674
364.75,383.6516981640837
364.76,387.0927315314934
364.77,390.5765223735619
364.78,394.10357675746894
364.79,397.6744025387682
364.8,401.2895091429926
364.81,404.9494073358083
364.82,408.6546089813884
364.83,412.40562678867644
364.84,416.202974045212
364.85,420.0471643381891
364.86,423.93871126242215
364.87,427.87812811489545
364.88,431.8659275755753
364.89,435.9026213741701
364.9,439.98871994252676
364.91,444.1247320523595
364.92,448.3111644380148
364.93,452.5485214039839
364.94,456.83730441688454
364.95,461.17801168164567
364.96,465.5711377016396
364.97,470.0171728225215
364.98,474.51660275955055
364.99,479.06990810818417
365.0,483.6775638377552
365.01,488.3400387680622
365.02,493.0577950287238
365.03,497.83128750117277
365.04,502.66096324318966
365.05,507.54726089590343
365.06,512.4906100732154
365.07,517.4914307336333
365.08,522.5501325345355
365.09,527.6671141689206
365.1,532.8427626847325
365.11,538.077452786892
365.12,543.3715461222062
365.13,548.7253905473689
365.14,554.1393193803115
365.15,559.6136506352093
365.16,565.1486862414994
365.17,570.7447112473135
365.18,576.4019930077873
365.19,582.1207803587566
365.2,587.9013027764128
365.21,593.7437695235437
365.22,599.6483687830508
365.23,605.6152667794902
365.24,611.6446068894525
365.25,617.7365087416587
365.26,623.8910673077152
365.27,630.1083519845384
365.28,636.3884056695272
365.29,642.7312438296284
365.3,649.1368535655121
365.31,655.6051926721397
365.32,662.13618869708
365.33,668.7297379979952
365.34,675.3857048007899
365.35,682.1039202599814
365.36,688.8841815229217
365.37,695.7262507995619
365.38,702.6298544395173
365.39,709.5946820182568
365.4,716.6203854342931
365.41,723.7065780193176
365.42,730.8528336632713
365.43,738.0586859564007
365.44,745.3236273503917
365.45,752.6471083407239
365.46,760.0285366724237
365.47,767.4672765714341
365.48,774.9626480038477
365.49,782.5139259652763
365.5,790.1203398026515
365.51,797.7810725707626
365.52,805.4952604258478
365.53,813.2619920585574
365.54,821.0803081685984
365.55,828.949200983362
365.56,836.8676138228124
365.57,844.8344407128903
365.58,852.8485260496474
365.59,860.9086643162855
365.6,869.013599855226
365.61,877.16202669727
365.62,885.352588449848
365.63,893.583878246277
365.64,901.8544387578637
365.65,910.1627622705951
365.66,918.5072908280603
365.67,926.8864164421376
365.68,935.2984813728642
365.69,943.7417784787802
365.7,952.2145516389091
365.71,960.7149962473953
365.72,969.2412597816743
365.73,977.7914424448976
365.74,986.3635978831765
365.75,994.955733978043
365.76,1003.5658137143585
365.77,1012.191756123722
365.78,1020.8314373032576
365.79,1029.4826915094702
365.8,1038.1433123266818
365.81,1046.8110539093655
365.82,1055.4836322975098
365.83,1064.158726803954
365.84,1072.8339814724445
365.85,1081.507006604969
365.86,1090.1753803567442
365.87,1098.8366503970344
365.88,1107.4883356338032
365.89,1116.1279280000126
365.9,1124.7528942992103
365.91,1133.3606781078702
365.92,1141.9487017317856
365.93,1150.5143682136545
365.94,1159.0550633888383
365.95,1167.5681579861318
365.96,1176.0510097702415
365.97,1184.500965722541
365.98,1192.915364256547
365.99,1201.2915374644538
366.0,1209.6268133909566
366.01,1217.9185183305096
366.02,1226.163979144079
366.03,1234.3605255913865
366.04,1242.5054926745834
366.05,1250.5962229892425
366.06,1258.6300690785336
366.07,1266.6043957864163
366.08,1274.5165826056843
366.09,1282.3640260166933
366.1,1290.1441418126205
366.11,1297.8543674071375
366.12,1305.492164120411
366.13,1313.0550194394032
366.14,1320.5404492485045
366.15,1327.9460000266072
366.16,1335.2692510068146
366.17,1342.5078162950765
366.18,1349.6593469441495
366.19,1356.7215329793964
366.2,1363.692105373065
366.21,1370.5688379638232
366.22,1377.3495493184669
366.23,1384.0321045328735
366.24,1390.6144169694237
366.25,1397.0944499282864
366.26,1403.470218250127
366.27,1409.7397898479742
366.28,1415.9012871661644
366.29,1421.9528885644577
366.3,1427.8928296256174
366.31,1433.719404384922
366.32,1439.4309664802756
366.33,1445.0259302217764
366.34,1450.5027715797848
366.35,1455.8600290907355
366.36,1461.0963046801196
366.37,1466.210264402259
366.38,1471.2006390966737
366.39,1476.0662249610332
366.4,1480.8058840408614
366.41,1485.4185446363404
366.42,1489.9032016267292
366.43,1494.2589167130857
366.44,1498.484818580135
366.45,1502.5801029782906
366.46,1506.5440327269785
366.47,1510.3759376405624
366.48,1514.0752143783025
366.49,1517.6413262199112
366.5,1521.0738027683894
366.51,1524.3722395819464
366.52,1527.5362977369068
366.53,1530.5657033236157
366.54,1533.4602468774362
366.55,1536.219782747024
366.56,1538.8442284021357
366.57,1541.333563683296
366.58,1543.687829995709
366.59,1545.9071294498513
366.6,1547.9916239512247
366.61,1549.941534241792
366.62,1551.7571388956353
366.63,1553.4387732714104
366.64,1554.9868284241759
366.65,1556.4017499791903
366.66,1557.6840369702645
366.67,1558.8342406452566
366.68,1559.8529632412826
366.69,1560.7408567321952
366.7,1561.4986215508663
366.71,1562.1270052887721
366.72,1562.6268013753522
366.73,1562.9988477395707
366.74,1563.2440254560659
366.75,1563.363257378229
366.76,1563.3575067604984
366.77,1563.227775872102
366.78,1562.9751046044234
366.79,1562.6005690741051
366.8,1562.1052802239385
366.81,1561.4903824235264
366.82,1560.757052071632
366.83,1559.9064962020616
366.84,1558.9399510948579
366.85,1557.858680894504
366.86,1556.6639762367688
366.87,1555.3571528857499
366.88,1553.939550382593
366.89,1552.4125307072973
366.9,1550.7774769549324
366.91,1549.0357920275312
366.92,1547.1888973428352
366.93,1545.2382315610048
366.94,1543.1852493303304
366.95,1541.0314200529076
366.96,1538.7782266711724
366.97,1536.427164476119
366.98,1533.9797399379559
366.99,1531.4374695598901
367.0,1528.801878755664
367.01,1526.0745007514015
367.02,1523.2568755122663
367.03,1520.3505486943661
367.04,1517.357070622285
367.05,1514.277995292566
367.06,1511.1148794034139
367.07,1507.8692814108338
367.08,1504.542760611372
367.09,1501.136876251576
367.1,1497.6531866642483
367.11,1494.0932484315156
367.12,1490.4586155747043
367.13,1486.7508387709631
367.14,1482.9714645965419
367.15,1479.122034796596
367.16,1475.2040855813539
367.17,1471.219146948452
367.18,1467.1687420312114
367.19,1463.0543864726028
367.2,1458.8775878246186
367.21,1454.639844972749
367.22,1450.342647585233
367.23,1445.9874755867363
367.24,1441.575798656089
367.25,1437.1090757476961
367.26,1432.5887546362194
367.27,1428.0162714841156
367.28,1423.3930504315992
367.29,1418.7205032085913
367.3,1414.0000287681999
367.31,1409.2330129412749
367.32,1404.420828111566
367.33,1399.5648329110106
367.34,1394.6663719346718
367.35,1389.7267754748411
367.36,1384.7473592738181
367.37,1379.7294242948783
367.38,1374.674256510936
367.39,1369.583126710413
367.4,1364.4572903198184
367.41,1359.2979872425533
367.42,1354.1064417134482
367.43,1348.883862168551
367.44,1343.6314411296805
367.45,1338.3503551032682
367.46,1333.041764493015
367.47,1327.7068135258924
367.48,1322.3466301910237
367.49,1316.9623261909912
367.5,1311.5549969051126
367.51,1306.1257213642457
367.52,1300.6755622366816
367.53,1295.2055658246957
367.54,1289.7167620713337
367.55,1284.2101645770178
367.56,1278.6867706255634
367.57,1273.1475612192096
367.58,1267.5935011222705
367.59,1262.0255389130268
367.6,1256.4446070434817
367.61,1250.8516219066162
367.62,1245.2474839107886
367.63,1239.6330775609288
367.64,1234.009271546189
367.65,1228.3769188337199
367.66,1222.736856768252
367.67,1217.0899071771687
367.68,1211.4368764807668
367.69,1205.7785558074097
367.7,1200.1157211132868
367.71,1194.4491333065007
367.72,1188.7795383752125
367.73,1183.1076675195848
367.74,1177.434237287268
367.75,1171.7599497121876
367.76,1166.085492456393
367.77,1160.411538954742
367.78,1154.7387485621969
367.79,1149.0677667035243
367.8,1143.3992250251858
367.81,1137.733741549229
367.82,1132.0719208289818
367.83,1126.41435410637
367.84,1120.7616194706811
367.85,1115.1142820186028
367.86,1109.4728940153736
367.87,1103.8379950568908
367.88,1098.2101122326224
367.89,1092.5897602891807
367.9,1086.977441794421
367.91,1081.3736473019299
367.92,1075.7788555157783
367.93,1070.1935334554216
367.94,1064.6181366206258
367.95,1059.0531091563146
367.96,1053.4988840172298
367.97,1047.9558831323075
367.98,1042.4245175686715
367.99,1036.9051876951585
368.0,1031.3982833452847
368.01,1025.9041839795752
368.02,1020.4232588471795
368.03,1014.9558671466967
368.04,1009.5023581861468
368.05,1004.063071542018
368.06,998.638337217332
368.07,993.2284757986685
368.08,987.8337986120937
368.09,982.4546078779443
368.1,977.0911968644173
368.11,971.743850039921
368.12,966.4128432241482
368.13,961.0984437378299
368.14,955.8009105511355
368.15,950.5204944306863
368.16,945.2574380851506
368.17,940.0119763093938
368.18,934.784336127157
368.19,929.5747369322396
368.2,924.3833906281676
368.21,919.210501766325
368.22,914.0562676825336
368.23,908.9208786320645
368.24,903.8045179230687
368.25,898.7073620484153
368.26,893.6295808159266
368.27,888.5713374770015
368.28,883.5327888536224
368.29,878.514085463737
368.3,873.5153716450144
368.31,868.5367856769699
368.32,863.5784599014593
368.33,858.6405208415409
368.34,853.7230893187075
368.35,848.8262805684888
368.36,843.9502043544292
368.37,839.0949650804429
368.38,834.2606619015531
368.39,829.4473888330198
368.4,824.6552348578629
368.41,819.8842840327893
368.42,815.1346155925302
368.43,810.4063040525987
368.44,805.6994193104765
368.45,801.0140267452408
368.46,796.3501873156398
368.47,791.7079576566304
368.48,787.0873901743884
368.49,782.4885331398035
368.5,777.9114307804716
368.51,773.3561233711973
368.52,768.8226473230204
368.53,764.3110352707789
368.54,759.8213161592239
368.55,755.353515327699
368.56,750.9076545934003
368.57,746.4837523332302
368.58,742.0818235642614
368.59,737.7018800228246
368.6,733.3439302422371
368.61,729.0079796291853
368.62,724.6940305387799
368.63,720.4020823482955
368.64,716.1321315296144
368.65,711.8841717203875
368.66,707.6581937939299
368.67,703.4541859278656
368.68,699.2721336715401
368.69,695.112020012213
368.7,690.97382544005
368.71,686.857528011929
368.72,682.7631034140767
368.73,678.6905250235499
368.74,674.6397639685808
368.75,670.6107891877997
368.76,666.6035674883512
368.77,662.618063602921
368.78,658.6542402456872
368.79,654.7120581672141
368.8,650.7914762083011
368.81,646.8924513528052
368.82,643.0149387794504
368.83,639.1588919126398
368.84,635.3242624722863
368.85,631.5110005226759
368.86,627.7190545203792
368.87,623.948371361226
368.88,620.1988964263562
368.89,616.4705736273648
368.9,612.7633454505516
368.91,609.0771530002921
368.92,605.4119360415444
368.93,601.7676330415034
368.94,598.1441812104183
368.95,594.5415165415876
368.96,590.9595738505427
368.97,587.3982868134356
368.98,583.857588004643
368.99,580.3374089336012
369.0,576.8376800808819
369.01,573.3583309335253
369.02,569.89929001964
369.03,566.4604849422851
369.04,563.0418424126432
369.05,559.6432882825003
369.06,556.2647475760422
369.07,552.9061445209795
369.08,549.5674025790139
369.09,546.248444475656
369.1,542.9491922294076
369.11,539.6695671803177
369.12,536.4094900179252
369.13,533.1688808085979
369.14,529.9476590222791
369.15,526.7457435586525
369.16,523.563052772735
369.17,520.3995044999091
369.18,517.255016080404
369.19,514.129504383235
369.2,511.0228858296129
369.21,507.9350764158305
369.22,504.86599173563826
369.23,501.81554700211666
369.24,498.7836570690553
369.25,495.7702364518482
369.26,492.77519934791286
369.27,489.798459656644
369.28,486.8399309989087
369.29,483.8995267360924
369.3,480.9771599887045
369.31,478.0727436545507
369.32,475.1861904264816
369.33,472.31741280972415
369.34,469.4663231388055
369.35,466.63283359407484
369.36,463.8168562178331
369.37,461.0183029300763
369.38,458.23708554386076
369.39,455.4731157802974
369.4,452.7263052831816
369.41,449.9965656332665
369.42,447.28380836218616
369.43,444.5879449660349
369.44,441.90888691861085
369.45,439.2465456843284
369.46,436.6008327308076
369.47,433.9716595411459
369.48,431.35893762587875
369.49,428.7625785346348
369.5,426.1824938674926
369.51,423.6185952860435
369.52,421.0707945241673
369.53,418.5390033985263
369.54,416.02313381878287
369.55,413.52309779754654
369.56,411.0388074600557
369.57,408.5701750535993
369.58,406.1171129566838
369.59,403.6795336879502
369.6,401.25734991484654
369.61,398.8504744620606
369.62,396.4588203197177
369.63,394.08230065134796
369.64,391.7208288016287
369.65,389.3743183039053
369.66,387.0426828874956
369.67,384.7258364847828
369.68,382.4236932381002
369.69,380.13616750641245
369.7,377.86317387179776
369.71,375.6046271457349
369.72,373.3604423751991
369.73,371.13053484857033
369.74,368.9148201013589
369.75,366.71321392175105
369.76,364.52563235597927
369.77,362.35199171351996
369.78,360.192208572123
369.79,358.04619978267607
369.8,355.91388247390796
369.81,353.79517405693315
369.82,351.68999222964226
369.83,349.5982549809405
369.84,347.51988059483847
369.85,345.45478765439714
369.86,343.4028950455316
369.87,341.3641219606752
369.88,339.33838790230845
369.89,337.3256126863541
369.9,335.32571644544254
369.91,333.3386196320499
369.92,331.3642430215114
369.93,329.4025077149127
369.94,327.45333514186245
369.95,325.51664706314796
369.96,323.5923655732768
369.97,321.6804131029073
369.98,319.78071242116937
369.99,317.8931866378793
370.0,316.0177592056499
370.01,314.1543539218989
370.02,312.3028949307579
370.03,310.4633067248832
370.04,308.63551414717233
370.05,306.81944239238703
370.06,305.01501700868533
370.07,303.22216389906475
370.08,301.4408093227189
370.09,299.6708798963089
370.1,297.91230259515225
370.11,296.1650047543304
370.12,294.4289140697177
370.13,292.7039585989324
370.14,290.990066762213
370.15,289.2871673432206
370.16,287.5951894897689
370.17,285.914062714485
370.18,284.2437168954004
370.19,282.58408227647624
370.2,280.9350894680626
370.21,279.29666944729416
370.22,277.6687535584239
370.23,276.05127351309574
370.24,274.4441613905586
370.25,272.8473496378221
370.26,271.2607710697566
370.27,269.6843588691375
370.28,268.11804658663704
370.29,266.56176814076315
370.3,265.01545781774774
370.31,263.47905027138546
370.32,261.9524805228239
370.33,260.43568396030724
370.34,258.92859633887326
370.35,257.43115378000664
370.36,255.94329277124803
370.37,254.46495016576108
370.38,252.9960631818583
370.39,251.5365694024867
370.4,250.08640677467437
370.41,248.64551360893927
370.42,247.21382857866075
370.43,245.79129071941549
370.44,244.3778394282782
370.45,242.97341446308863
370.46,241.57795594168522
370.47,240.19140434110702
370.48,238.8137004967643
370.49,237.44478560157884
370.5,236.08460120509488
370.51,234.7330892125616
370.52,233.3901918839878
370.53,232.05585183316987
370.54,230.73001202669357
370.55,229.41261578291062
370.56,228.10360677089082
370.57,226.8029290093504
370.58,225.51052686555747
370.59,224.22634505421507
370.6,222.95032863632292
370.61,221.68242301801814
370.62,220.42257394939585
370.63,219.17072752331038
370.64,217.9268301741575
370.65,216.69082867663866
370.66,215.46267014450757
370.67,214.24230202929974
370.68,213.02967211904584
370.69,211.82472853696927
370.7,210.62741974016853
370.71,209.437694518285
370.72,208.25550199215664
370.73,207.08079161245823
370.74,205.91351315832853
370.75,204.75361673598516
370.76,203.60105277732725
370.77,202.4557720385269
370.78,201.31772559860948
370.79,200.18686485802348
370.8,199.0631415372003
370.81,197.94650767510456
370.82,196.83691562777508
370.83,195.73431806685736
370.84,194.63866797812756
370.85,193.54991866000884
370.86,192.46802372208006
370.87,191.39293708357746
370.88,190.32461297188976
370.89,189.2630059210468
370.9,188.20807077020243
370.91,187.15976266211163
370.92,186.11803704160263
370.93,185.08284965404408
370.94,184.05415654380764
370.95,183.0319140527264
370.96,182.0160788185495
370.97,181.00660777339317
370.98,180.0034581421885
370.99,179.00658744112613
371.0,178.01595347609862
371.01,177.0315143411401
371.02,176.0532284168641
371.03,175.08105436889934
371.04,174.11495114632424
371.05,173.15487798009988
371.06,172.20079438150213
371.07,171.25266014055285
371.08,170.31043532445068
371.09,169.37408027600148
371.1,168.4435556120486
371.11,167.51882222190358
371.12,166.5998412657768
371.13,165.68657417320915
371.14,164.7789826415042
371.15,163.87702863416152
371.16,162.9806743793111
371.17,162.08988236814926
371.18,161.20461535337608
371.19,160.32483634763454
371.2,159.45050862195174
371.21,158.58159570418212
371.22,157.718061377453
371.23,156.85986967861263
371.24,156.00698489668062
371.25,155.15937157130153
371.26,154.31699449120097
371.27,153.47981869264507
371.28,152.64780945790298
371.29,151.82093231371277
371.3,150.9991530297509
371.31,150.18243761710508
371.32,149.37075232675124
371.33,148.56406364803397
371.34,147.76233830715123
371.35,146.96554326564302
371.36,146.17364571888444
371.37,145.3866130945829
371.38,144.60441305127986
371.39,143.82701347685705
371.4,143.05438248704752
371.41,142.28648842395123
371.42,141.52329985455555
371.43,140.76478556926074
371.44,140.01091458041034
371.45,139.26165612082687
371.46,138.51697964235242
371.47,137.77685481439485
371.48,137.04125152247906
371.49,136.3101398668038
371.5,135.58349016080405
371.51,134.86127292971875
371.52,134.14345890916448
371.53,133.43001904371448
371.54,132.72092448548378
371.55,132.01614659271985
371.56,131.3156569283994
371.57,130.61942725883083
371.58,129.927429552263
371.59,129.23963597749972
371.6,128.55601890252063
371.61,127.87655089310798
371.62,127.20120471147968
371.63,126.52995331492865
371.64,125.86276985446837
371.65,125.19962767348474
371.66,124.54050030639428
371.67,123.88536147730879
371.68,123.23418509870633
371.69,122.58694527010874
371.7,121.94361627676557
371.71,121.30417258834456
371.72,120.66858885762869
371.73,120.03683991921974
371.74,119.40890078824845
371.75,118.78474665909133
371.76,118.16435290409409
371.77,117.5476950723017
371.78,116.9347488881952
371.79,116.32549025043508
371.8,115.71989523061148
371.81,115.11794007200109
371.82,114.51960118833074
371.83,113.92485516254777
371.84,113.33367874559721
371.85,112.74604885520561
371.86,112.16194257467181
371.87,111.58133715166431
371.88,111.00420999702563
371.89,110.4305386835833
371.9,109.86030094496773
371.91,109.29347467443696
371.92,108.73003792370804
371.93,108.16996890179536
371.94,107.61324597385574
371.95,107.05984766004039
371.96,106.50975263435353
371.97,105.96293972351799
371.98,105.4193879058475
371.99,104.87907631012584
372.0,104.34198421449268
372.01,103.8080910453364
372.02,103.27737637619343
372.03,102.74981992665462
372.04,102.2254015612782
372.05,101.70410128850958
372.06,101.18589925960782
372.07,100.67077576757897
372.08,100.15871124611596
372.09,99.64968626854534
372.1,99.14368154678067
372.11,98.64067793028259
372.12,98.14065640502561
372.13,97.64359809247145
372.14,97.14948424854919
372.15,96.6582962626419
372.16,96.17001565657996
372.17,95.68462408364098
372.18,95.20210332755627
372.19,94.72243530152389
372.2,94.24560204722822
372.21,93.77158573386613
372.22,93.30036865717959
372.23,92.83193323849476
372.24,92.36626202376759
372.25,91.90333768263591
372.26,91.44314300747784
372.27,90.98566091247667
372.28,90.53087443269217
372.29,90.07876672313814
372.3,89.62932105786646
372.31,89.18252082905734
372.32,88.73834954611591
372.33,88.29679083477511
372.34,87.85782843620477
372.35,87.42144620612699
372.36,86.98762811393767
372.37,86.55635824183426
372.38,86.1276207839496
372.39,85.70140004549197
372.4,85.27768044189122
372.41,84.85644649795096
372.42,84.43768284700677
372.43,84.02137423009057
372.44,83.60750549510084
372.45,83.19606159597889
372.46,82.7870275918911
372.47,82.38038864641706
372.48,81.97613002674356
372.49,81.57423710286453
372.5,81.17469534678679
372.51,80.7774903317416
372.52,80.382607731402
372.53,79.99003331910593
372.54,79.59975296708508
372.55,79.21175264569943
372.56,78.82601842267746
372.57,78.44253646236206
372.58,78.06129302496194
372.59,77.68227446580883
372.6,77.30546723462004
372.61,76.93085787476667
372.62,76.55843302254728
372.63,76.18817940646707
372.64,75.8200838465225
372.65,75.45413325349128
372.66,75.09031462822784
372.67,74.72861506096409
372.68,74.36902173061551
372.69,74.01152190409262
372.7,73.65610293561761
372.71,73.30275226604631
372.72,72.95145742219533
372.73,72.6022060161744
372.74,72.25498574472385
372.75,71.90978438855723
372.76,71.566589811709
372.77,71.22538996088734
372.78,70.88617286483199
372.79,70.548926633677
372.8,70.2136394583186
372.81,69.88029960978793
372.82,69.54889543862872
372.83,69.21941537427986
372.84,68.89184792446281
372.85,68.56618167457387
372.86,68.24240528708123
372.87,67.92050750092679
372.88,67.60047713093277
372.89,67.28230306721296
372.9,66.9659742745887
372.91,66.65147979200951
372.92,66.33880873197832
372.93,66.02795027998135
372.94,65.71889369392252
372.95,65.41162830356235
372.96,65.10614350996146
372.97,64.80242878492848
372.98,64.50047367047249
372.99,64.20026777825974
373.0,63.90180078907494
373.01,63.60506245228674
373.02,63.31004258531767
373.03,63.01673107311833
373.04,62.72511786764588
373.05,62.435192987346724
373.06,62.1469465166435
373.07,61.86036860542618
373.08,61.57544946854737
373.09,61.292179385321745
373.1,61.010548699029584
373.11,60.73054781642437
373.12,60.45216720724446
373.13,60.17539740372875
373.14,59.90022900013636
373.15,59.626652652270266
373.16,59.35465907700486
373.17,59.08423905181745
373.18,58.815383414323605
373.19,58.5480830618164
373.2,58.28232895080942
373.21,58.01811209658363
373.22,57.75542357273797
373.23,57.49425451074372
373.24,57.23459609950259
373.25,56.976439584908434
373.26,56.71977626941273
373.27,56.46459751159362
373.28,56.21089472572856
373.29,55.958659381370616
373.3,55.707883002928256
373.31,55.45855716924869
373.32,55.21067351320471
373.33,54.964223721285016
373.34,54.71919953318799
373.35,54.47559274141889
373.36,54.23339519089047
373.37,53.99259877852691
373.38,53.753195452871175
373.39,53.51517721369562
373.4,53.27853611161597
373.41,53.043264247708485
373.42,52.809353773130454
373.43,52.57679688874384
373.44,52.34558584474219
373.45,52.11571294028064
373.46,51.887170523109134
373.47,51.65995098920873
373.48,51.43404678243102
373.49,51.20945039414059
373.5,50.986154362860574
373.51,50.76415127392121
373.52,50.54343375911138
373.53,50.323994496333185
373.54,50.105826209259384
373.55,49.88892166699384
373.56,49.673273683734834
373.57,49.45887511844128
373.58,49.24571887450177
373.59,49.033797899406494
373.6,48.82310518442194
373.61,48.61363376426839
373.62,48.405376716800205
373.63,48.19832716268882
373.64,47.992478265108495
373.65,47.78782322942474
373.66,47.58435530288541
373.67,47.382067774314514
373.68,47.18095397380856
373.69,46.9810072724356
373.7,46.782221081936804
373.71,46.584588854430635
373.72,46.38810408211957
373.73,46.192760296999296
373.74,45.9985510705705
373.75,45.80547001355303
373.76,45.613510775602606
373.77,45.42266704502995
373.78,45.23293254852228
373.79,45.04430105086728
373.8,44.85676635467941
373.81,44.67032230012854
373.82,44.48496276467101
373.83,44.3006816627829
373.84,44.11747294569569
373.85,43.93533060113412
373.86,43.75424865305637
373.87,43.574221161396444
373.88,43.395242221808765
373.89,43.21730596541499
373.9,43.04040655855298
373.91,42.86453820252797
373.92,42.68969513336582
373.93,42.51587162156845
373.94,42.343061971871336
373.95,42.17126052300309
373.96,42.000461647447146
373.97,41.83065975120544
373.98,41.66184927356416
373.99,41.494024686861486
374.0,41.32718049625734
374.01,41.161311239505075
374.02,40.996411486725165
374.03,40.832475840180805
374.04,40.66949893405545
374.05,40.50747543423224
374.06,40.346400038075345
374.07,40.186267474213125
374.08,40.02707250232321
374.09,39.86880991291935
374.1,39.71147452714015
374.11,39.55506119653953
374.12,39.39956480287908
374.13,39.24498025792203
374.14,39.091302503229144
374.15,38.938526509956226
374.16,38.7866472786534
374.17,38.63565983906607
374.18,38.48555924993763
374.19,38.33634059881374
374.2,38.187999001848375
374.21,38.04052960361142
374.22,37.89392757689795
374.23,37.748188122539126
374.24,37.60330646921464
374.25,37.459277873266764
374.26,37.31609761851602
374.27,37.17376101607829
374.28,37.03226340418357
374.29,36.89160014799617
374.3,36.7517666394365
374.31,36.61275829700425
374.32,36.474570565603145
374.33,36.337198916367115
374.34,36.20063884648791
374.35,36.064885879044205
374.36,35.92993556283206
374.37,35.79578347219684
374.38,35.662425206866516
374.39,35.52985639178635
374.4,35.39807267695496
374.41,35.26706973726171
374.42,35.13684327232548
374.43,35.00738900633476
374.44,34.87870268788905
374.45,34.75078008984158
374.46,34.62361700914328
374.47,34.497209266688124
374.48,34.37155270715963
374.49,34.2466431988787
374.5,34.12247663365266
374.51,33.99904892662554
374.52,33.87635601612959
374.53,33.75439386353798
374.54,33.633158453118696
374.55,33.51264579188966
374.56,33.39285190947497
374.57,33.27377285796232
374.58,33.1554047117616
374.59,33.03774356746456
374.6,32.920785543705705
374.61,32.804526781024215
374.62,32.688963441727
374.63,32.57409170975288
374.64,32.4599077905378
374.65,32.34640791088115
374.66,32.23358831881315
374.67,32.12144528346324
374.68,32.00997509492959
374.69,31.89917406414956
374.7,31.789038522771246
374.71,31.67956482302599
374.72,31.57074933760192
374.73,31.462588459518464
374.74,31.355078602001864
374.75,31.248216198361643
374.76,31.141997701868043
374.77,31.036419585630405
374.78,30.931478342476517
374.79,30.827170484832866
374.8,30.72349254460583
374.81,30.620441073063787
374.82,30.518012640720126
374.83,30.416203837217147
374.84,30.315011271210867
374.85,30.214431570256693
374.86,30.114461380695964
374.87,30.01509736754337
374.88,29.916336214375203
374.89,29.818174623218475
374.9,29.720609314440857
374.91,29.623637026641454
374.92,29.527254516542396
374.93,29.431458558881243
374.94,29.3362459463042
374.95,29.24161348926012
374.96,29.1475580158953
374.97,29.054076371949044
374.98,28.96116542065003
374.99,28.868822042613406
375.0,28.77704313573867
375.01,28.685825615108282
375.02,28.59516641288704
375.03,28.505062478222158
375.04,28.415510777144114
375.05,28.32650829246818
375.06,28.238052023696696
375.07,28.150138986922034
375.08,28.06276621473026
375.09,27.975930756105498
375.1,27.889629676334984
375.11,27.803860056914786
375.12,27.718618995456204
375.13,27.633903605592835
375.14,27.5497110168883
375.15,27.46603837474462
375.16,27.382882840311254
375.17,27.30024159039474
375.18,27.218111817369024
375.19,27.136490729086365
375.2,27.055375548788902
375.21,26.97476351502081
375.22,26.894651881541083
375.23,26.815037917236914
375.24,26.73591890603767
375.25,26.657292146829477
375.26,26.579154953370356
375.27,26.501504654205984
375.28,26.424338592586
375.29,26.347654126380892
375.3,26.271448627999447
375.31,26.19571948430676
375.32,26.120464096542797
375.33,26.045679880241508
375.34,25.971364265150484
375.35,25.897514695151145
375.36,25.824128628179473
375.37,25.751203536147262
375.38,25.6787369048639
375.39,25.606726233958657
375.4,25.535169036803506
375.41,25.464062840436426
375.42,25.393405185485243
375.43,25.323193626091925
375.44,25.25342572983742
375.45,25.184099077666946
375.46,25.115211263815787
375.47,25.046759895735562
375.48,24.978742594020968
375.49,24.911156992337002
375.5,24.844000737346644
375.51,24.777271488639013
375.52,24.71096691865796
375.53,24.64508471263115
375.54,24.57962256849956
375.55,24.514578196847445
375.56,24.44994932083274
375.57,24.3857336761179
375.58,24.321929010801178
375.59,24.25853308534832
375.6,24.195543672524714
375.61,24.132958557327935
375.62,24.070775536920724
375.63,24.00899242056438
375.64,23.947607029552547
375.65,23.886617197145448
375.66,23.82602076850448
375.67,23.765815600627242
375.68,23.705999562282937
375.69,23.646570533948193
375.7,23.587526407743244
375.71,23.52886508736853
375.72,23.470584488041656
375.73,23.412682536434744
375.74,23.355157170612163
375.75,23.29800633996862
375.76,23.241228005167642
375.77,23.18482013808041
375.78,23.12878072172496
375.79,23.073107750205754
375.8,23.01779922865359
375.81,22.962853173165907
375.82,22.908267610747387
375.83,22.854040579250952
375.84,22.80017012731909
375.85,22.74665431432553
375.86,22.69349121031723
375.87,22.640678895956768
375.88,22.588215462464994
375.89,22.536099011564062
375.9,22.484327655420774
375.91,22.432899516590265
375.92,22.38181272795999
375.93,22.331065432694054
375.94,22.280655784177853
375.95,22.23058194596303
375.96,22.18084209171276
375.97,22.131434405147306
375.98,22.08235707998995
375.99,22.033608319913174
376.0,21.985186338485168
376.01,21.93708935911664
376.02,21.88931561500793
376.03,21.841863349096407
376.04,21.79473081400418
376.05,21.74791627198609
376.06,21.70141799487799
376.07,21.655234264045326
376.08,21.609363370332005
376.09,21.563803614009522
376.1,21.518553304726403
376.11,21.47361076145791
376.12,21.428974312456024
376.13,21.384642295199708
376.14,21.340613056345447
376.15,21.296884951678052
376.16,21.253456346061743
376.17,21.21032561339149
376.18,21.167491136544626
376.19,21.124951307332733
376.2,21.08270452645377
376.21,21.040749203444477
376.22,20.999083756633038
376.23,20.95770661309199
376.24,20.916616208591392
376.25,20.875810987552263
376.26,20.835289403000235
376.27,20.795049916519496
376.28,20.755090998206956
376.29,20.715411126626666
376.3,20.676008788764484
376.31,20.63688247998298
376.32,20.598030703976583
376.33,20.559451972726976
376.34,20.52114480645871
376.35,20.483107733595084
376.36,20.445339290714223
376.37,20.407838022505427
376.38,20.370602481725722
376.39,20.333631229156662
376.4,20.29692283356134
376.41,20.260475871641646
376.42,20.22428892799574
376.43,20.188360595075757
376.44,20.15268947314572
376.45,20.117274170239693
376.46,20.082113302120142
376.47,20.04720549223652
376.48,20.01254937168407
376.49,19.97814357916283
376.5,19.94398676093688
376.51,19.910077570793785
376.52,19.87641467000424
376.53,19.842996727281953
376.54,19.80982241874371
376.55,19.776890427869674
376.56,19.744199445463856
376.57,19.71174816961484
376.58,19.679535305656664
376.59,19.647559566129942
376.6,19.615819670743154
376.61,19.58431434633417
376.62,19.553042326831957
376.63,19.522002353218472
376.64,19.491193173490785
376.65,19.460613542623364
376.66,19.430262222530573
376.67,19.40013798202937
376.68,19.37023959680218
376.69,19.34056584935997
376.7,19.31111552900551
376.71,19.281887431796836
376.72,19.25288036051088
376.73,19.224093124607307
376.74,19.195524540192526
376.75,19.16717342998389
376.76,19.139038623274086
376.77,19.111118955895694
376.78,19.083413270185943
376.79,19.055920414951643
376.8,19.02863924543429
376.81,19.001568623275368
376.82,18.974707416481795
376.83,18.948054499391596
376.84,18.9216087526397
376.85,18.895369063123955
376.86,18.86933432397129
376.87,18.84350343450407
376.88,18.81787530020659
376.89,18.792448832691793
376.9,18.76722294966811
376.91,18.742196574906494
376.92,18.71736863820762
376.93,18.69273807536925
376.94,18.66830382815376
376.95,18.64406484425585
376.96,18.620020077270404
376.97,18.59616848666051
376.98,18.572509037725666
376.99,18.549040701570128
377.0,18.52576245507143
377.01,18.502673280849056
377.02,18.479772167233282
377.03,18.457058108234182
377.04,18.434530103510774
377.05,18.412187158340334
377.06,18.390028283587878
377.07,18.368052495675776
377.08,18.34625881655355
377.09,18.3246462736678
377.1,18.30321389993229
377.11,18.28196073369822
377.12,18.260885818724592
377.13,18.239988204148776
377.14,18.219266944457203
377.15,18.198721099456222
377.16,18.178349734243085
377.17,18.158151919177115
377.18,18.13812672985098
377.19,18.118273247062156
377.2,18.098590556784494
377.21,18.079077750139973
377.22,18.05973392337057
377.23,18.040558177810286
377.24,18.021549619857325
377.25,18.00270736094638
377.26,17.98403051752111
377.27,17.965518211006717
377.28,17.947169567782694
377.29,17.92898371915569
377.3,17.910959801332528
377.31,17.893096955393368
377.32,17.87539432726498
377.33,17.85785106769419
377.34,17.840466332221435
377.35,17.82323928115447
377.36,17.806169079542208
377.37,17.78925489714868
377.38,17.77249590842716
377.39,17.755891292494393
377.4,17.739440233104972
377.41,17.72314191862584
377.42,17.706995542010926
377.43,17.691000300775926
377.44,17.675155396973185
377.45,17.659460037166735
377.46,17.64391343240745
377.47,17.62851479820834
377.48,17.613263354519948
377.49,17.598158325705906
377.5,17.583198940518603
377.51,17.568384432074968
377.52,17.553714037832403
377.53,17.539186999564826
377.54,17.524802563338834
377.55,17.510559979490004
377.56,17.496458502599303
377.57,17.482497391469636
377.58,17.468675909102497
377.59,17.454993322674763
377.6,17.44144890351559
377.61,17.428041927083438
377.62,17.41477167294323
377.63,17.401637424743587
377.64,17.388638470194238
377.65,17.375774101043508
377.66,17.363043613055932
377.67,17.350446305990005
377.68,17.33798148357602
377.69,17.325648453494036
377.7,17.31344652735197
377.71,17.301375020663794
377.72,17.289433252827838
377.73,17.277620547105222
377.74,17.265936230598403
377.75,17.254379634229814
377.76,17.242950092720633
377.77,17.23164694456967
377.78,17.220469532032332
377.79,17.209417201099747
377.8,17.198489301477952
377.81,17.187685186567226
377.82,17.177004213441503
377.83,17.166445742827918
377.84,17.15600913908645
377.85,17.145693770189666
377.86,17.135499007702588
377.87,17.12542422676265
377.88,17.115468806059784
377.89,17.105632127816577
377.9,17.095913577768567
377.91,17.08631254514463
377.92,17.076828422647456
377.93,17.067460606434164
377.94,17.058208496096988
377.95,17.049071494644075
377.96,17.040049008480395
377.97,17.03114044738874
377.98,17.02234522451083
377.99,17.01366275632852
378.0,17.005092462645116
378.01,16.99663376656676
378.02,16.988286094483954
378.03,16.980048876053157
378.04,16.971921544178496
378.05,16.963903534993552
378.06,16.955994287843268
378.07,16.948193245265948
378.08,16.940499852975343
378.09,16.93291355984284
378.1,16.925433817879753
378.11,16.918060082219686
378.12,16.910791811101017
378.13,16.903628465849476
378.14,16.896569510860786
378.15,16.889614413583438
378.16,16.882762644501522
378.17,16.876013677117683
378.18,16.869366987936143
378.19,16.862822056445832
378.2,16.856378365103605
378.21,16.85003539931754
378.22,16.843792647430345
378.23,16.83764960070284
378.24,16.831605753297527
378.25,16.825660602262275
378.26,16.819813647514053
378.27,16.814064391822782
378.28,16.808412340795265
378.29,16.802857002859202
378.3,16.797397889247296
378.31,16.792034513981445
378.32,16.786766393857018
378.33,16.78159304842721
378.34,16.77651399998751
378.35,16.77152877356021
378.36,16.766636896879035
378.37,16.761837900373845
378.38,16.757131317155416
378.39,16.752516683000316
378.4,16.74799353633584
378.41,16.74356141822506
378.42,16.739219872351924
378.43,16.734968445006476
378.44,16.730806685070114
378.45,16.726734144000957
378.46,16.722750375819285
378.47,16.718854937093052
378.48,16.715047386923498
378.49,16.711327286930814
378.5,16.70769420123991
378.51,16.704147696466244
378.52,16.70068734170174
378.53,16.697312708500778
378.54,16.69402337086626
378.55,16.690818905235766
378.56,16.68769889046776
378.57,16.684662907827914
378.58,16.68171054097545
378.59,16.678841375949617
378.6,16.676055001156204
378.61,16.673351007354142
378.62,16.670728987642182
378.63,16.668188537445634
378.64,16.665729254503198
378.65,16.66335073885385
378.66,16.661052592823822
378.67,16.65883442101363
378.68,16.65669583028519
378.69,16.65463642974901
378.7,16.65265583075144
378.71,16.650753646861983
378.72,16.64892949386072
378.73,16.647182989725767
378.74,16.645513754620804
378.75,16.64392141088269
378.76,16.64240558300914
378.77,16.64096589764647
378.78,16.639601983577407
378.79,16.638313471708976
378.8,16.63709999506045
378.81,16.635961188751367
378.82,16.63489668998961
378.83,16.633906138059572
378.84,16.63298917431036
378.85,16.63214544214409
378.86,16.631374587004228
378.87,16.630676256364012
378.88,16.63005009971494
378.89,16.6294957685553
378.9,16.6290129163788
378.91,16.628601198663223
378.92,16.628260272859176
378.93,16.627989798378895
378.94,16.627789436585104
378.95,16.627658850779948
378.96,16.627597706193978
378.97,16.627605669975214
378.98,16.62768241117825
378.99,16.627827600753434
379.0,16.62804091153611
379.01,16.628322018235913
379.02,16.62867059742613
379.03,16.629086327533116
379.04,16.62956888882578
379.05,16.63011796340512
379.06,16.630733235193826
379.07,16.63141438992594
379.08,16.63216111513656
379.09,16.632973100151634
379.1,16.633850036077778
379.11,16.634791615792174
379.12,16.635797533932525
379.13,16.636867486887052
379.14,16.63800117278456
379.15,16.639198291484558
379.16,16.64045854456744
379.17,16.641781635324712
379.18,16.64316726874928
379.19,16.6446151515258
379.2,16.646124992021072
379.21,16.647696500274492
379.22,16.649329387988562
379.23,16.651023368519464
379.24,16.652778156867658
379.25,16.654593469668566
379.26,16.656469025183288
379.27,16.65840454328939
379.28,16.66039974547172
379.29,16.66245435481331
379.3,16.66456809598629
379.31,16.66674069524289
379.32,16.66897188040647
379.33,16.671261380862624
379.34,16.673608927550305
379.35,16.676014252953028
379.36,16.678477091090116
379.37,16.680997177507987
379.38,16.6835742492715
379.39,16.686208044955354
379.4,16.68889830463552
379.41,16.69164476988075
379.42,16.69444718374411
379.43,16.69730529075457
379.44,16.70021883690865
379.45,16.7031875696621
379.46,16.70621123792164
379.47,16.709289592036747
379.48,16.71242238379148
379.49,16.715609366396365
379.5,16.718850294480312
379.51,16.7221449240826
379.52,16.725493012644883
379.53,16.728894319003263
379.54,16.7323486033804
379.55,16.735855627377667
379.56,16.739415153967354
379.57,16.74302694748491
379.58,16.746690773621253
379.59,16.750406399415084
379.6,16.754173593245287
379.61,16.757992124823346
379.62,16.761861765185824
379.63,16.765782286686864
379.64,16.76975346299076
379.65,16.773775069064552
379.66,16.77784688117067
379.67,16.781968676859627
379.68,16.786140234962737
379.69,16.790361335584898
379.7,16.794631760097403
379.71,16.798951291130795
379.72,16.803319712567763
379.73,16.807736809536088
379.74,16.81220236840162
379.75,16.8167161767613
379.76,16.821278023436218
379.77,16.82588769846472
379.78,16.830544993095554
379.79,16.835249699781055
379.8,16.84000161217036
379.81,16.844800525102677
379.82,16.84964623460058
379.83,16.854538537863366
379.84,16.85947723326042
379.85,16.86446212032465
379.86,16.869492999745923
379.87,16.87456967336459
379.88,16.879691944164996
379.89,16.884859616269065
379.9,16.890072494929907
379.91,16.895330386525472
379.92,16.90063309855223
379.93,16.90598043961889
379.94,16.911372219440164
379.95,16.916808248830563
379.96,16.922288339698234
379.97,16.927812305038817
379.98,16.93337995892936
379.99,16.93899111652226
380.0,16.944645594039226
380.01,16.950343208765315
380.02,16.956083779042956
380.03,16.96186712426605
380.04,16.967693064874073
380.05,16.973561422346236
380.06,16.979472019195672
380.07,16.985424678963657
380.08,16.99141922621386
380.09,16.997455486526636
380.1,17.003533286493347
380.11,17.00965245371072
380.12,17.015812816775238
380.13,17.022014205277557
380.14,17.028256449796967
380.15,17.034539381895875
380.16,17.04086283411434
380.17,17.04722663996461
380.18,17.053630633925714
380.19,17.060074651438082
380.2,17.066558528898195
380.21,17.073082103653263
380.22,17.079645213995942
380.23,17.086247699159074
380.24,17.09288939931047
380.25,17.099570155547706
380.26,17.106289809892974
380.27,17.113048205287935
380.28,17.11984518558863
380.29,17.126680595560405
380.3,17.133554280872865
380.31,17.140466088094865
380.32,17.14741586468954
380.33,17.154403459009334
380.34,17.1614287202911
380.35,17.16849149865118
380.36,17.175591645080566
380.37,17.18272901144006
380.38,17.189903450455454
380.39,17.197114815712762
380.4,17.20436296165348
380.41,17.211647743569852
380.42,17.21896901760018
380.43,17.226326640724167
380.44,17.233720470758268
380.45,17.241150366351096
380.46,17.248616186978825
380.47,17.256117792940646
380.48,17.26365504535424
380.49,17.271227806151273
380.5,17.278835938072927
380.51,17.286479304665445
380.52,17.294157770275728
380.53,17.301871200046925
380.54,17.309619459914074
380.55,17.31740241659976
380.56,17.3252199376098
380.57,17.33307189122895
380.58,17.340958146516655
380.59,17.34887857330279
380.6,17.356833042183464
380.61,17.36482142451682
380.62,17.37284359241889
380.63,17.380899418759437
380.64,17.388988777157863
380.65,17.3971115419791
380.66,17.40526758832957
380.67,17.41345679205312
380.68,17.421679029727027
380.69,17.429934178658005
380.7,17.43822211687823
380.71,17.4465427231414
380.72,17.45489587691882
380.73,17.4632814583955
380.74,17.471699348466295
380.75,17.480149428732037
380.76,17.488631581495724
380.77,17.497145689758717
380.78,17.505691637216948
380.79,17.514269308257177
380.8,17.522878587953244
380.81,17.531519362062372
380.82,17.54019151702147
380.83,17.548894939943455
380.84,17.557629518613624
380.85,17.56639514148602
380.86,17.575191697679834
380.87,17.584019076975828
380.88,17.59287716981277
380.89,17.601765867283902
380.9,17.61068506113342
380.91,17.619634643752985
380.92,17.628614508178245
380.93,17.637624548085387
380.94,17.64666465778771
380.95,17.655734732232197
380.96,17.664834666996146
380.97,17.673964358283786
380.98,17.683123702922934
380.99,17.692312598361667
381.0,17.70153094266501
381.01,17.710778634511648
381.02,17.72005557319066
381.03,17.72936165859827
381.04,17.738696791234606
381.05,17.74806087220051
381.06,17.757453803194338
381.07,17.76687548650878
381.08,17.776325825027726
381.09,17.78580472222312
381.1,17.79531208215185
381.11,17.80484780945266
381.12,17.814411809343063
381.13,17.824003987616294
381.14,17.833624250638266
381.15,17.843272505344544
381.16,17.852948659237356
381.17,17.862652620382605
381.18,17.872384297406892
381.19,17.88214359949459
381.2,17.891930436384897
381.21,17.90174471836893
381.22,17.911586356286836
381.23,17.921455261524905
381.24,17.93135134601272
381.25,17.94127452222031
381.26,17.951224703155344
381.27,17.96120180236029
381.28,17.971205733909652
381.29,17.981236412407196
381.3,17.991293752983182
381.31,18.001377671291635
381.32,18.01148808350762
381.33,18.02162490632453
381.34,18.03178805695141
381.35,18.041977453110274
381.36,18.052193013033456
381.37,18.06243465546096
381.38,18.072702299637854
381.39,18.082995865311638
381.4,18.093315272729672
381.41,18.103660442636595
381.42,18.11403129627176
381.43,18.124427755366696
381.44,18.13484974214257
381.45,18.14529717930769
381.46,18.15576999005499
381.47,18.16626809805955
381.48,18.176791427476147
381.49,18.187339902936777
381.5,18.197913449548242
381.51,18.208511992889704
381.52,18.219135459010296
381.53,18.229783774426725
381.54,18.240456866120894
381.55,18.251154661537534
381.56,18.261877088581862
381.57,18.272624075617248
381.58,18.283395551462885
381.59,18.294191445391498
381.6,18.305011687127045
381.61,18.31585620684244
381.62,18.32672493515729
381.63,18.33761780313565
381.64,18.348534742283785
381.65,18.359475684547952
381.66,18.370440562312186
381.67,18.381429308396115
381.68,18.39244185605277
381.69,18.403478138966427
381.7,18.414538091250453
381.71,18.425621647445162
381.72,18.436728742515687
381.73,18.447859311849875
381.74,18.459013291256177
381.75,18.470190616961567
381.76,18.481391225609467
381.77,18.492615054257687
381.78,18.50386204037637
381.79,18.515132121845955
381.8,18.526425236955173
381.81,18.537741324399015
381.82,18.549080323276737
381.83,18.56044217308989
381.84,18.571826813740326
381.85,18.583234185528255
381.86,18.594664229150286
381.87,18.606116885697492
381.88,18.617592096653485
381.89,18.62908980389251
381.9,18.640609949677536
381.91,18.652152476658376
381.92,18.663717327869808
381.93,18.6753044467297
381.94,18.686913777037173
381.95,18.698545262970747
381.96,18.71019884908652
381.97,18.721874480316345
381.98,18.733572101966022
381.99,18.745291659713505
382.0,18.757033099607114
382.01,18.768796368063764
382.02,18.78058141186721
382.03,18.792388178166284
382.04,18.804216614473162
382.05,18.816066668661634
382.06,18.827938288965388
382.07,18.8398314239763
382.08,18.851746022642736
382.09,18.863682034267875
382.1,18.87563940850802
382.11,18.88761809537096
382.12,18.89961804521428
382.13,18.911639208743743
382.14,18.923681537011657
382.15,18.93574498141524
382.16,18.947829493695018
382.17,18.959935025933216
382.18,18.972061530552175
382.19,18.984208960312763
382.2,18.99637726831281
382.21,19.00856640798554
382.22,19.020776333098027
382.23,19.033006997749645
382.24,19.045258356370542
382.25,19.057530363720122
382.26,19.069822974885522
382.27,19.082136145280124
382.28,19.094469830642048
382.29,19.106823987032676
382.3,19.11919857083518
382.31,19.131593538753062
382.32,19.14400884780868
382.33,19.15644445534183
382.34,19.168900319008284
382.35,19.181376396778383
382.36,19.193872646935613
382.37,19.206389028075193
382.38,19.21892549910268
382.39,19.23148201923258
382.4,19.24405854798696
382.41,19.256655045194083
382.42,19.269271470987043
382.43,19.281907785802414
382.44,19.294563950378894
382.45,19.30723992575598
382.46,19.31993567327263
382.47,19.33265115456596
382.48,19.345386331569905
382.49,19.358141166513953
382.5,19.37091562192182
382.51,19.383709660610183
382.52,19.396523245687394
382.53,19.40935634055222
382.54,19.42220890889257
382.55,19.435080914684267
382.56,19.447972322189777
382.57,19.46088309595699
382.58,19.473813200817993
382.59,19.486762601887843
382.6,19.499731264563362
382.61,19.512719154521935
382.62,19.525726237720313
382.63,19.538752480393423
382.64,19.551797849053198
382.65,19.5648623104874
382.66,19.57794583175845
382.67,19.591048380202285
382.68,19.604169923427207
382.69,19.617310429312738
382.7,19.630469866008493
382.71,19.643648201933047
382.72,19.656845405772827
382.73,19.670061446481004
382.74,19.683296293276374
382.75,19.696549915642283
382.76,19.709822283325526
382.77,19.723113366335276
382.78,19.736423134942005
382.79,19.749751559676422
382.8,19.763098611328417
382.81,19.776464260945996
382.82,19.78984847983426
382.83,19.80325123955435
382.84,19.816672511922423
382.85,19.830112269008637
382.86,19.84357048313612
382.87,19.857047126879973
382.88,19.870542173066266
382.89,19.88405559477104
382.9,19.897587365319332
382.91,19.91113745828417
382.92,19.924705847485622
382.93,19.938292506989818
382.94,19.951897411107986
382.95,19.965520534395505
382.96,19.979161851650957
382.97,19.992821337915185
382.98,20.006498968470357
382.99,20.020194718839036
383.0,20.03390856478327
383.01,20.04764048230367
383.02,20.061390447638495
383.03,20.07515843726276
383.04,20.08894442788734
383.05,20.102748396458082
383.06,20.116570320154914
383.07,20.130410176390978
383.08,20.14426794281175
383.09,20.158143597294195
383.1,20.172037117945884
383.11,20.18594848310416
383.12,20.199877671335283
383.13,20.213824661433605
383.14,20.227789432420717
383.15,20.24177196354464
383.16,20.25577223427899
383.17,20.269790224322172
383.18,20.28382591359657
383.19,20.297879282247735
383.2,20.311950310643596
383.21,20.326038979373664
383.22,20.340145269248254
383.23,20.354269161297694
383.24,20.368410636771557
383.25,20.382569677137894
383.26,20.39674626408247
383.27,20.410940379508
383.28,20.425152005533405
383.29,20.439381124493075
383.3,20.4536277189361
383.31,20.467891771625574
383.32,20.48217326553783
383.33,20.496472183861744
383.34,20.510788509997997
383.35,20.525122227558374
383.36,20.539473320365055
383.37,20.55384177244991
383.38,20.568227568053807
383.39,20.58263069162592
383.4,20.597051127823036
383.41,20.61148886150889
383.42,20.625943877753468
383.43,20.640416161832363
383.44,20.65490569922609
383.45,20.669412475619442
383.46,20.683936476900815
383.47,20.698477689161585
383.48,20.713036098695444
383.49,20.72761169199777
383.5,20.742204455764995
383.51,20.75681437689397
383.52,20.771441442481347
383.53,20.786085639822957
383.54,20.8007469564132
383.55,20.815425379944433
383.56,20.830120898306365
383.57,20.844833499585466
383.58,20.859563172064362
383.59,20.87430990422126
383.6,20.889073684729354
383.61,20.903854502456245
383.62,20.91865234646337
383.63,20.933467206005442
383.64,20.94829907052986
383.65,20.963147929676175
383.66,20.978013773275524
383.67,20.992896591350075
383.68,21.007796374112488
383.69,21.022713111965373
383.7,21.03764679550075
383.71,21.052597415499516
383.72,21.067564962930927
383.73,21.082549428952063
383.74,21.097550804907318
383.75,21.112569082327884
383.76,21.127604252931242
383.77,21.142656308620655
383.78,21.15772524148467
383.79,21.17281104379662
383.8,21.187913708014143
383.81,21.20303322677868
383.82,21.218169592915
383.83,21.233322799430727
383.84,21.248492839515855
383.85,21.263679706542288
383.86,21.27888339406337
383.87,21.294103895813432
383.88,21.30934120570732
383.89,21.32459531783996
383.9,21.339866226485906
383.91,21.355153926098886
383.92,21.370458411311375
383.93,21.385779676934156
383.94,21.401117717955884
383.95,21.41647252954267
383.96,21.431844107037648
383.97,21.447232445960562
383.98,21.462637542007354
383.99,21.478059391049747
384.0,21.49349798913485
384.01,21.508953332484733
384.02,21.52442541749606
384.03,21.53991424073968
384.04,21.555419798960227
384.05,21.57094208907575
384.06,21.58648110817733
384.07,21.602036853528695
384.08,21.617609322565848
384.09,21.6331985128967
384.1,21.648804422300707
384.11,21.664427048728495
384.12,21.68006639030152
384.13,21.695722445311702
384.14,21.711395212221074
384.15,21.727084689661446
384.16,21.74279087643405
384.17,21.758513771509215
384.18,21.774253374026014
384.19,21.79000968329195
384.2,21.80578269878262
384.21,21.821572420141404
384.22,21.83737884717912
384.23,21.853201979873734
384.24,21.869041818370032
384.25,21.88489836297932
384.26,21.90077161417912
384.27,21.916661572612863
384.28,21.93256823908959
384.29,21.948491614583673
384.3,21.96443170023451
384.31,21.98038849734624
384.32,21.996362007387475
384.33,22.012352231991002
384.34,22.028359172953525
384.35,22.044382832235378
384.36,22.060423211960266
384.37,22.076480314415004
384.38,22.092554142049245
384.39,22.108644697475235
384.4,22.124751983467547
384.41,22.14087600296284
384.42,22.157016759059612
384.43,22.17317425501795
384.44,22.189348494259303
384.45,22.205539480366227
384.46,22.221747217082175
384.47,22.23797170831125
384.48,22.25421295811799
384.49,22.270470970727136
384.5,22.286745750523426
384.51,22.303037302051376
384.52,22.319345630015057
384.53,22.3356707392779
384.54,22.352012634862493
384.55,22.36837132195036
384.56,22.384746805881786
384.57,22.40113909215561
384.58,22.417548186429038
384.59,22.433974094517453
384.6,22.450416822394228
384.61,22.46687637619055
384.62,22.483352762195246
384.63,22.49984598685459
384.64,22.51635605677216
384.65,22.532882978708642
384.66,22.54942675958168
384.67,22.565987406465727
384.68,22.582564926591854
384.69,22.599159327347625
384.7,22.615770616276937
384.71,22.63239880107987
384.72,22.649043889612535
384.73,22.66570588988695
384.74,22.68238481007089
384.75,22.69908065848775
384.76,22.71579344361642
384.77,22.732523174091156
384.78,22.74926985870145
384.79,22.76603350639191
384.8,22.78281412626215
384.81,22.799611727566653
384.82,22.816426319714683
384.83,22.833257912270163
384.84,22.850106514951566
384.85,22.86697213763182
384.86,22.883854790338205
384.87,22.900754483252257
384.88,22.917671226709672
384.89,22.934605031200224
384.9,22.95155590736767
384.91,22.968523866009665
384.92,22.985508918077688
384.93,23.00251107467696
384.94,23.01953034706637
384.95,23.036566746658412
384.96,23.053620285019097
384.97,23.070690973867908
384.98,23.087778825077727
384.99,23.104883850674785
385.0,23.122006062838594
385.01,23.139145473901902
385.02,23.156302096350647
385.03,23.173475942823902
385.04,23.19066702611384
385.05,23.207875359165683
385.06,23.22510095507768
385.07,23.242343827101053
385.08,23.259603988639984
385.09,23.27688145325158
385.1,23.294176234645846
385.11,23.311488346685667
385.12,23.328817803386787
385.13,23.34616461891779
385.14,23.363528807600098
385.15,23.380910383907946
385.16,23.39830936246839
385.17,23.415725758061292
385.18,23.433159585619332
385.19,23.450610860227997
385.2,23.46807959712559
385.21,23.48556581170325
385.22,23.503069519504944
385.23,23.5205907362275
385.24,23.538129477720613
385.25,23.555685759986872
385.26,23.573259599181778
385.27,23.59085101161378
385.28,23.60846001374429
385.29,23.626086622187728
385.3,23.643730853711556
385.31,23.66139272523631
385.32,23.679072253835656
385.33,23.696769456736412
385.34,23.714484351318617
385.35,23.73221695511557
385.36,23.749967285813895
385.37,23.767735361253575
385.38,23.78552119942804
385.39,23.803324818484214
385.4,23.82114623672258
385.41,23.838985472597255
385.42,23.856842544716052
385.43,23.874717471840572
385.44,23.892610272886266
385.45,23.91052096692252
385.46,23.92844957317274
385.47,23.946396111014437
385.48,23.964360599979322
385.49,23.982343059753394
385.5,24.000343510177036
385.51,24.01836197124511
385.52,24.03639846310707
385.53,24.054453006067053
385.54,24.072525620584
385.55,24.09061632727175
385.56,24.108725146899175
385.57,24.12685210039028
385.58,24.14499720882433
385.59,24.16316049343596
385.6,24.18134197561533
385.61,24.19954167690822
385.62,24.21775961901618
385.63,24.235995823796674
385.64,24.254250313263185
385.65,24.27252310958539
385.66,24.290814235089282
385.67,24.309123712257332
385.68,24.327451563728623
385.69,24.34579781229902
385.7,24.364162480921305
385.71,24.38254559270536
385.72,24.400947170918304
385.73,24.419367238984684
385.74,24.437805820486616
385.75,24.456262939163977
385.76,24.47473861891457
385.77,24.493232883794303
385.78,24.51174575801736
385.79,24.530277265956396
385.8,24.54882743214273
385.81,24.567396281266507
385.82,24.58598383817692
385.83,24.604590127882382
385.84,24.62321517555074
385.85,24.641859006509467
385.86,24.660521646245872
385.87,24.679203120407305
385.88,24.69790345480137
385.89,24.716622675396135
385.9,24.735360808320348
385.91,24.754117879863664
385.92,24.77289391647686
385.93,24.79168894477207
385.94,24.810502991523
385.95,24.829336083665172
385.96,24.848188248296157
385.97,24.867059512675812
385.98,24.88594990422652
385.99,24.904859450533444
386.0,24.923788179344754
386.01,24.942736118571904
386.02,24.961703296289866
386.03,24.980689740737397
386.04,24.999695480317293
386.05,25.01872054359666
386.06,25.037764959307182
386.07,25.056828756345375
386.08,25.075911963772878
386.09,25.09501461081672
386.1,25.114136726869596
386.11,25.133278341490165
386.12,25.15243948440332
386.13,25.17162018550048
386.14,25.190820474839885
386.15,25.210040382646895
386.16,25.22927993931428
386.17,25.24853917540253
386.18,25.267818121640154
386.19,25.287116808923987
386.2,25.306435268319508
386.21,25.325773531061152
386.22,25.34513162855263
386.23,25.364509592367238
386.24,25.383907454248202
386.25,25.40332524610899
386.26,25.42276300003365
386.27,25.44222074827714
386.28,25.461698523265667
386.29,25.481196357597035
386.3,25.50071428404098
386.31,25.520252335539528
386.32,25.539810545207327
386.33,25.55938894633202
386.34,25.5789875723746
386.35,25.598606456969765
386.36,25.618245633926282
386.37,25.63790513722736
386.38,25.657585001031016
386.39,25.67728525967046
386.4,25.697005947654457
386.41,25.716747099667728
386.42,25.736508750571314
386.43,25.756290935402976
386.44,25.77609368937759
386.45,25.795917047887528
386.46,25.815761046503077
386.47,25.83562572097282
386.48,25.855511107224064
386.49,25.875417241363223
386.5,25.895344159676256
386.51,25.91529189862906
386.52,25.935260494867915
386.53,25.955249985219883
386.54,25.97526040669325
386.55,25.995291796477947
386.56,26.015344191945996
386.57,26.035417630651935
386.58,26.055512150333268
386.59,26.0756277889109
386.6,26.095764584489594
386.61,26.11592257535842
386.62,26.136101799991216
386.63,26.156302297047034
386.64,26.17652410537061
386.65,26.19676726399284
386.66,26.217031812131232
386.67,26.237317789190396
386.68,26.257625234762514
386.69,26.27795418862782
386.7,26.298304690755092
386.71,26.31867678130213
386.72,26.339070500616263
386.73,26.35948588923483
386.74,26.379922987885692
386.75,26.400381837487732
386.76,26.420862479151364
386.77,26.441364954179036
386.78,26.46188930406576
386.79,26.482435570499625
386.8,26.503003795362314
386.81,26.52359402072964
386.82,26.544206288872072
386.83,26.564840642255273
386.84,26.585497123540637
386.85,26.606175775585832
386.86,26.626876641445346
386.87,26.64759976437104
386.88,26.668345187812704
386.89,26.689112955418608
386.9,26.709903111036073
386.91,26.730715698712036
386.92,26.751550762693615
386.93,26.772408347428694
386.94,26.793288497566493
386.95,26.81419125795816
386.96,26.83511667365735
386.97,26.856064789920815
386.98,26.87703565220901
386.99,26.898029306186686
387.0,26.919045797723495
387.01,26.940085172894594
387.02,26.961147477981264
387.03,26.98223275947152
387.04,27.003341064060738
387.05,27.02447243865228
387.06,27.045626930358114
387.07,27.06680458649946
387.08,27.088005454607423
387.09,27.10922958242363
387.1,27.130477017900883
387.11,27.15174780920381
387.12,27.17304200470951
387.13,27.19435965300824
387.14,27.21570080290405
387.15,27.237065503415455
387.16,27.258453803776128
387.17,27.279865753435566
387.18,27.301301402059764
387.19,27.322760799531913
387.2,27.344243995953093
387.21,27.36575104164296
387.22,27.387281987140447
387.23,27.40883688320448
387.24,27.430415780814677
387.25,27.452018731172068
387.26,27.47364578569981
387.27,27.49529699604391
387.28,27.51697241407396
387.29,27.538672091883875
387.3,27.560396081792607
387.31,27.582144436344915
387.32,27.603917208312097
387.33,27.625714450692747
387.34,27.64753621671351
387.35,27.669382559829852
387.36,27.691253533726815
387.37,27.7131491923198
387.38,27.73506958975534
387.39,27.75701478041188
387.4,27.778984818900557
387.41,27.800979760066014
387.42,27.822999658987175
387.43,27.845044570978057
387.44,27.867114551588575
387.45,27.889209656605356
387.46,27.911329942052554
387.47,27.93347546419267
387.48,27.955646279527393
387.49,27.977842444798412
387.5,28.000064016988276
387.51,28.022311053321218
387.52,28.044583611264017
387.53,28.066881748526846
387.54,28.089205523064138
387.55,28.11155499307544
387.56,28.133930217006295
387.57,28.156331253549105
387.58,28.178758161644023
387.59,28.201211000479837
387.6,28.22368982949486
387.61,28.24619470837782
387.62,28.268725697068785
387.63,28.29128285576005
387.64,28.313866244897053
387.65,28.336475925179318
387.66,28.35911195756135
387.67,28.381774403253583
387.68,28.404463323723323
387.69,28.427178780695673
387.7,28.44992083615449
387.71,28.47268955234335
387.72,28.495484991766496
387.73,28.5183072171898
387.74,28.54115629164175
387.75,28.56403227841442
387.76,28.58693524106445
387.77,28.609865243414045
387.78,28.63282234955197
387.79,28.65580662383454
387.8,28.678818130886647
387.81,28.70185693560276
387.82,28.724923103147948
387.83,28.748016698958917
387.84,28.771137788745033
387.85,28.79428643848936
387.86,28.817462714449714
387.87,28.84066668315971
387.88,28.86389841142982
387.89,28.887157966348436
387.9,28.910445415282954
387.91,28.933760825880835
387.92,28.957104266070694
387.93,28.980475804063396
387.94,29.003875508353154
387.95,29.027303447718623
387.96,29.05075969122402
387.97,29.074244308220237
387.98,29.097757368345967
387.99,29.121298941528835
388.0,29.144869097986536
388.01,29.168467908227978
388.02,29.19209544305443
388.03,29.21575177356069
388.04,29.23943697113624
388.05,29.263151107466424
388.06,29.286894254533625
388.07,29.310666484618455
388.08,29.334467870300948
388.09,29.358298484461752
388.1,29.38215840028335
388.11,29.40604769125126
388.12,29.429966431155275
388.13,29.45391469409068
388.14,29.477892554459494
388.15,29.50190008697171
388.16,29.52593736664655
388.17,29.55000446881373
388.18,29.574101469114716
388.19,29.59822844350401
388.2,29.622385468250418
388.21,29.646572619938357
388.22,29.670789975469138
388.23,29.695037612062276
388.24,29.719315607256807
388.25,29.743624038912607
388.26,29.767962985211714
388.27,29.792332524659678
388.28,29.81673273608689
388.29,29.841163698649954
388.3,29.865625491833026
388.31,29.890118195449194
388.32,29.914641889641864
388.33,29.939196654886132
388.34,29.96378257199018
388.35,29.988399722096677
388.36,30.013048186684202
388.37,30.037728047568645
388.38,30.062439386904646
388.39,30.087182287187023
388.4,30.111956831252222
388.41,30.136763102279772
388.42,30.16160118379374
388.43,30.186471159664197
388.44,30.21137311410872
388.45,30.23630713169385
388.46,30.261273297336604
388.47,30.28627169630599
388.48,30.311302414224503
388.49,30.336365537069657
388.5,30.36146115117552
388.51,30.386589343234252
388.52,30.41175020029766
388.53,30.43694380977876
388.54,30.462170259453337
388.55,30.487429637461535
388.56,30.512722032309437
388.57,30.53804753287067
388.58,30.563406228388015
388.59,30.588798208475012
388.6,30.614223563117598
388.61,30.63968238267574
388.62,30.665174757885083
388.63,30.690700779858602
388.64,30.71626054008827
388.65,30.74185413044674
388.66,30.767481643189022
388.67,30.79314317095419
388.68,30.818838806767076
388.69,30.84456864404
388.7,30.870332776574482
388.71,30.896131298562995
388.72,30.921964304590702
388.73,30.947831889637218
388.74,30.97373414907838
388.75,30.999671178688022
388.76,31.02564307463977
388.77,31.051649933508845
388.78,31.077691852273862
388.79,31.103768928318672
388.8,31.129881259434175
388.81,31.15602894382018
388.82,31.182212080087247
388.83,31.208430767258577
388.84,31.23468510477186
388.85,31.260975192481187
388.86,31.28730113065894
388.87,31.31366301999771
388.88,31.34006096161221
388.89,31.366495057041227
388.9,31.39296540824956
388.91,31.419472117629965
388.92,31.446015288005157
388.93,31.472595022629765
388.94,31.49921142519234
388.95,31.52586459981735
388.96,31.552554651067215
388.97,31.579281683944327
388.98,31.60604580389309
388.99,31.632847116801983
389.0,31.659685729005627
389.01,31.686561747286863
389.02,31.713475278878846
389.03,31.74042643146715
389.04,31.767415313191886
389.05,31.794442032649837
389.06,31.821506698896595
389.07,31.848609421448728
389.08,31.87575031028594
389.09,31.90292947585327
389.1,31.930147029063267
389.11,31.95740308129822
389.12,31.984697744412376
389.13,32.012031130734165
389.14,32.03940335306847
389.15,32.06681452469889
389.16,32.09426475938999
389.17,32.12175417138964
389.18,32.149282875431275
389.19,32.17685098673625
389.2,32.20445862101616
389.21,32.23210589447519
389.22,32.259792923812476
389.23,32.28751982622449
389.24,32.31528671940743
389.25,32.343093721559626
389.26,32.37094095138395
389.27,32.39882852809028
389.28,32.42675657139792
389.29,32.454725201538096
389.3,32.482734539256434
389.31,32.510784705815425
389.32,32.53887582299697
389.33,32.5670080131049
389.34,32.59518139896753
389.35,32.62339610394019
389.36,32.65165225190781
389.37,32.679949967287556
389.38,32.70828937503136
389.39,32.73667060062861
389.4,32.765093770108734
389.41,32.793559010043914
389.42,32.82206644755171
389.43,32.85061621029778
389.44,32.87920842649856
389.45,32.907843224924
389.46,32.93652073490032
389.47,32.96524108631272
389.48,32.994004409608216
389.49,33.02281083579837
389.5,33.05166049646213
389.51,33.080553523748655
389.52,33.10949005038016
389.53,33.138470209654756
389.54,33.16749413544935
389.55,33.196561962222546
389.56,33.22567382501753
389.57,33.25482985946503
389.58,33.284030201786265
389.59,33.313274988795904
389.6,33.34256435790506
389.61,33.37189844712431
389.62,33.401277395066685
389.63,33.43070134095076
389.64,33.46017042460369
389.65,33.4896847864643
389.66,33.5192445675862
389.67,33.54884990964088
389.68,33.578500954920884
389.69,33.608197846342954
389.7,33.63794072745121
389.71,33.66772974242037
389.72,33.697565036058954
389.73,33.727446753812536
389.74,33.757375041767006
389.75,33.78735004665185
389.76,33.817371915843474
389.77,33.84744079736849
389.78,33.87755683990711
389.79,33.907720192796475
389.8,33.937931006034084
389.81,33.968189430281164
389.82,33.99849561686614
389.83,34.02884971778805
389.84,34.05925188572007
389.85,34.089702274012986
389.86,34.1202010366987
389.87,34.15074832849381
389.88,34.181344304803154
389.89,34.211989121723406
389.9,34.24268293604669
389.91,34.27342590526422
389.92,34.30421818756994
389.93,34.33505994186423
389.94,34.365951327757614
389.95,34.396892505574456
389.96,34.42788363635676
389.97,34.45892488186792
389.98,34.49001640459653
389.99,34.52115836776021
390.0,34.552350935309455
390.01,34.58359427193154
390.02,34.61488854305438
390.03,34.646233914850484
390.04,34.677630554240906
390.05,34.70907862889922
390.06,34.74057830725552
390.07,34.772129758500455
390.08,34.8037331525893
390.09,34.83538866024601
390.1,34.86709645296736
390.11,34.89885670302706
390.12,34.93066958347992
390.13,34.962535268166064
390.14,34.99445393171512
390.15,35.0264257495505
390.16,35.05845089789362
390.17,35.09052955376826
390.18,35.12266189500486
390.19,35.154848100244884
390.2,35.18708834894522
390.21,35.21938282138258
390.22,35.251731698657956
390.23,35.284135162701084
390.24,35.31659339627496
390.25,35.34910658298037
390.26,35.38167490726045
390.27,35.41429855440527
390.28,35.446977710556496
390.29,35.479712562712
390.3,35.51250329873057
390.31,35.545350107336624
390.32,35.578253178124946
390.33,35.61121270156549
390.34,35.644228869008174
390.35,35.67730187268772
390.36,35.710431905728555
390.37,35.74361916214968
390.38,35.77686383686964
390.39,35.8101661257115
390.4,35.843526225407835
390.41,35.87694433360579
390.42,35.91042064887214
390.43,35.9439553706984
390.44,35.977548699505974
390.45,36.01120083665134
390.46,36.044911984431245
390.47,36.078682346087966
390.48,36.11251212581458
390.49,36.146401528760315
390.5,36.180350761035854
390.51,36.21436002971876
390.52,36.248429542858915
390.53,36.28255950948395
390.54,36.31675013960477
390.55,36.35100164422107
390.56,36.385314235326945
390.57,36.419688125916466
390.58,36.45412352998937
390.59,36.48862066255671
390.6,36.52317973964663
390.61,36.557800978310084
390.62,36.59248459662669
390.63,36.62723081371055
390.64,36.66203984971613
390.65,36.696911925844226
390.66,36.7318472643479
390.67,36.766846088538486
390.68,36.80190862279167
390.69,36.83703509255356
390.7,36.872225724346826
390.71,36.907480745776866
390.72,36.94280038553804
390.73,36.97818487341994
390.74,37.013634440313666
390.75,37.0491493182182
390.76,37.08472974024678
390.77,37.12037594063336
390.78,37.156088154739074
390.79,37.191866619058764
390.8,37.22771157122756
390.81,37.26362325002748
390.82,37.29960189539412
390.83,37.33564774842335
390.84,37.371761051378066
390.85,37.407942047695
390.86,37.44419098199158
390.87,37.48050810007281
390.88,37.516893648938236
390.89,37.55334787678893
390.9,37.58987103303455
390.91,37.62646336830041
390.92,37.663125134434665
390.93,37.69985658451546
390.94,37.73665797285821
390.95,37.77352955502289
390.96,37.81047158782137
390.97,37.84748432932482
390.98,37.88456803887119
390.99,37.92172297707267
391.0,37.95894940582328
391.01,37.99624758830649
391.02,38.03361778900283
391.03,38.0710602736977
391.04,38.10857530948906
391.05,38.146163164795325
391.06,38.18382410936321
391.07,38.221558414275684
391.08,38.25936635195999
391.09,38.29724819619568
391.1,38.33520422212274
391.11,38.373234706249754
391.12,38.41133992646214
391.13,38.44952016203046
391.14,38.48777569361873
391.15,38.52610680329287
391.16,38.56451377452915
391.17,38.60299689222274
391.18,38.64155644269628
391.19,38.68019271370855
391.2,38.718905994463206
391.21,38.75769657561753
391.22,38.796564749291285
391.23,38.83551080907564
391.24,38.87453505004213
391.25,38.91363776875168
391.26,38.95281926326374
391.27,38.992079833145446
391.28,39.031419779480856
391.29,39.070839404880246
391.3,39.110339013489494
391.31,39.14991891099953
391.32,39.18957940465583
391.33,39.229320803268
391.34,39.269143417219446
391.35,39.30904755847707
391.36,39.349033540601084
391.37,39.38910167875486
391.38,39.42925228971489
391.39,39.46948569188077
391.4,39.509802205285304
391.41,39.550202151604665
391.42,39.590685854168626
391.43,39.63125363797086
391.44,39.671905829679346
391.45,39.71264275764684
391.46,39.753464751921385
391.47,39.79437214425696
391.48,39.83536526812417
391.49,39.87644445872103
391.5,39.917610052983825
391.51,39.958862389598046
391.52,40.000201809009425
391.53,40.041628653435026
391.54,40.083143266874444
391.55,40.12474599512108
391.56,40.1664371857735
391.57,40.20821718824686
391.58,40.25008635378447
391.59,40.29204503546936
391.6,40.33409358823604
391.61,40.376232368882256
391.62,40.418461736080886
391.63,40.46078205039191
391.64,40.50319367427447
391.65,40.545696972099016
391.66,40.58829231015957
391.67,40.63098005668605
391.68,40.67376058185671
391.69,40.71663425781068
391.7,40.75960145866056
391.71,40.80266256050516
391.72,40.84581794144233
391.73,40.88906798158183
391.74,40.93241306305841
391.75,40.97585357004486
391.76,41.01938988876527
391.77,41.063022407508306
391.78,41.106751516640685
391.79,41.150577608620644
391.8,41.19450107801159
391.81,41.23852232149584
391.82,41.28264173788844
391.83,41.32685972815111
391.84,41.37117669540633
391.85,41.41559304495144
391.86,41.460109184273
391.87,41.50472552306108
391.88,41.549442473223834
391.89,41.59426044890205
391.9,41.63917986648389
391.91,41.68420114461976
391.92,41.729324704237214
391.93,41.77455096855605
391.94,41.81988036310349
391.95,41.86531331572951
391.96,41.910850256622226
391.97,41.95649161832347
391.98,42.00223783574447
391.99,42.04808934618161
392.0,42.0940465893324
392.01,42.14011000731147
392.02,42.18628004466677
392.03,42.23255714839587
392.04,42.27894176796237
392.05,42.325434355312495
392.06,42.37203536489175
392.07,42.41874525366177
392.08,42.46556448111725
392.09,42.51249350930307
392.1,42.559532802831505
392.11,42.6066828288996
392.12,42.653944057306674
392.13,42.70131696047197
392.14,42.748802013452426
392.15,42.79639969396063
392.16,42.84411048238288
392.17,42.89193486179741
392.18,42.939873317992756
392.19,42.98792633948627
392.2,43.036094417542785
392.21,43.08437804619343
392.22,43.132777722254595
392.23,43.18129394534707
392.24,43.229927217915304
392.25,43.27867804524683
392.26,43.32754693549188
392.27,43.37653439968313
392.28,43.425640951755604
392.29,43.47486710856674
392.3,43.52421338991665
392.31,43.57368031856853
392.32,43.62326842026918
392.33,43.672978223769796
392.34,43.72281026084687
392.35,43.77276506632326
392.36,43.82284317808944
392.37,43.87304513712496
392.38,43.923371487520015
392.39,43.97382277649725
392.4,44.024399554433735
392.41,44.0751023748831
392.42,44.12593179459787
392.43,44.17688837355196
392.44,44.22797267496343
392.45,44.27918526531733
392.46,44.330526714388796
392.47,44.38199759526633
392.48,44.43359848437527
392.49,44.485329961501456
392.5,44.53719260981509
392.51,44.589187015894794
392.52,44.6413137697519
392.53,44.69357346485489
392.54,44.74596669815409
392.55,44.79849407010654
392.56,44.851156184701104
392.57,44.90395364948375
392.58,44.9568870755831
392.59,45.009957077736125
392.6,45.06316427431415
392.61,45.11650928734896
392.62,45.169992742559266
392.63,45.223615269377255
392.64,45.27737750097549
392.65,45.33128007429395
392.66,45.385323630067354
392.67,45.43950881285269
392.68,45.493836271056985
392.69,45.548306656965345
392.7,45.60292062676916
392.71,45.657678840594656
392.72,45.712581962531566
392.73,45.767630660662185
392.74,45.822825607090564
392.75,45.87816747797201
392.76,45.93365695354284
392.77,45.989294718150354
392.78,46.045081460283136
392.79,46.101017872601545
392.8,46.15710465196852
392.81,46.21334249948062
392.82,46.26973212049937
392.83,46.326274224682855
392.84,46.382969526017575
392.85,46.43981874285063
392.86,46.49682259792213
392.87,46.55398181839792
392.88,46.61129713590259
392.89,46.66876928655277
392.9,46.726399010990704
392.91,46.784187054418176
392.92,46.84213416663063
392.93,46.9002411020517
392.94,46.958508619768
392.95,47.01693748356417
392.96,47.07552846195835
392.97,47.13428232823786
392.98,47.19319986049524
392.99,47.25228184166464
393.0,47.31152905955846
393.01,47.370942306904396
393.02,47.43052238138276
393.03,47.49027008566415
393.04,47.55018622744749
393.05,47.61027161949835
393.06,47.67052707968765
393.07,47.73095343103073
393.08,47.79155150172669
393.09,47.85232212519819
393.1,47.913266140131554
393.11,47.9743843905172
393.12,48.03567772569051
393.13,48.097147000373035
393.14,48.15879307471406
393.15,48.22061681433257
393.16,48.28261909035959
393.17,48.344800779480885
393.18,48.40716276398012
393.19,48.469705931782315
393.2,48.53243117649778
393.21,48.59533939746641
393.22,48.65843149980239
393.23,48.72170839443933
393.24,48.78517099817579
393.25,48.84882023372124
393.26,48.91265702974242
393.27,48.97668232091017
393.28,49.04089704794665
393.29,49.10530215767302
393.3,49.169898603057554
393.31,49.234687343264184
393.32,49.299669343701545
393.33,49.36484557607241
393.34,49.43021701842364
393.35,49.49578465519655
393.36,49.5615494772778
393.37,49.62751248205071
393.38,49.6936746734471
393.39,49.76003706199956
393.4,49.82660066489428
393.41,49.8933665060243
393.42,49.960335616043345
393.43,50.027509032420085
393.44,50.09488779949296
393.45,50.1624729685255
393.46,50.23026559776219
393.47,50.29826675248483
393.48,50.36647750506945
393.49,50.43489893504376
393.5,50.50353212914517
393.51,50.57237818137932
393.52,50.641438193079196
393.53,50.71071327296479
393.54,50.78020453720337
393.55,50.84991310947027
393.56,50.919840121010324
393.57,50.98998671069982
393.58,51.06035402510912
393.59,51.13094321856583
393.6,51.20175545321862
393.61,51.27279189910159
393.62,51.34405373419937
393.63,51.415542144512735
393.64,51.48725832412493
393.65,51.5592034752686
393.66,51.6313788083934
393.67,51.70378554223423
393.68,51.77642490388016
393.69,51.849298128844026
393.7,51.92240646113268
393.71,51.995751153317954
393.72,52.06933346660832
393.73,52.14315467092123
393.74,52.217216044956174
393.75,52.29151887626849
393.76,52.36606446134383
393.77,52.44085410567344
393.78,52.515889123830114
393.79,52.591170839544965
393.8,52.6667005857849
393.81,52.74247970483089
393.82,52.81850954835701
393.83,52.89479147751026
393.84,52.97132686299121
393.85,53.04811708513542
393.86,53.12516353399564
393.87,53.20246760942494
393.88,53.280030721160564
393.89,53.357854288908655
393.9,53.43593974242986
393.91,53.514288521625765
393.92,53.59290207662623
393.93,53.67178186787757
393.94,53.75092936623163
393.95,53.8303460530358
393.96,53.91003342022388
393.97,53.989992970407954
393.98,54.07022621697108
393.99,54.150734684161016
394.0,54.231519907184875
394.01,54.312583432304734
394.02,54.39392681693422
394.03,54.47555162973608
394.04,54.557459450720785
394.05,54.63965187134609
394.06,54.722130494617666
394.07,54.80489693519073
394.08,54.88795281947276
394.09,54.9712997857272
394.1,55.054939484178334
394.11,55.138873577117174
394.12,55.22310373900845
394.13,55.30763165659874
394.14,55.39245902902569
394.15,55.47758756792841
394.16,55.56301899755897
394.17,55.648755054895105
394.18,55.73479748975406
394.19,55.82114806490766
394.2,55.90780855619855
394.21,55.994780752657704
394.22,56.08206645662308
394.23,56.169667483859655
394.24,56.257585663680594
394.25,56.34582283906977
394.26,56.43438086680557
394.27,56.523261617586
394.28,56.61246697615512
394.29,56.701998841430814
394.3,56.79185912663394
394.31,56.882049759418805
394.32,56.97257268200511
394.33,57.06342985131122
394.34,57.15462323908892
394.35,57.24615483205959
394.36,57.338026632051815
394.37,57.430240656140526
394.38,57.522798936787595
394.39,57.61570352198397
394.4,57.7089564753933
394.41,57.80255987649719
394.42,57.89651582074194
394.43,57.99082641968691
394.44,58.08549380115454
394.45,58.18052010938191
394.46,58.27590750517401
394.47,58.37165816605868
394.48,58.46777428644321
394.49,58.564258077772664
394.5,58.66111176868995
394.51,58.75833760519763
394.52,58.855937850821526
394.53,58.95391478677607
394.54,59.05227071213155
394.55,59.15100794398316
394.56,59.250128817621885
394.57,59.34963568670736
394.58,59.44953092344255
394.59,59.54981691875044
394.6,59.650496082452634
394.61,59.75157084345
394.62,59.85304364990525
394.63,59.95491696942764
394.64,60.057193289259665
394.65,60.15987511646588
394.66,60.26296497812383
394.67,60.36646542151714
394.68,60.47037901433072
394.69,60.574708344848226
394.7,60.67945602215175
394.71,60.7846246763237
394.72,60.89021695865103
394.73,60.99623554183175
394.74,61.10268312018379
394.75,61.20956240985623
394.76,61.31687614904294
394.77,61.42462709819864
394.78,61.53281804025745
394.79,61.64145178085392
394.8,61.75053114854659
394.81,61.86005899504412
394.82,61.970038195434014
394.83,62.08047164841398
394.84,62.191362276525936
394.85,62.302713026392716
394.86,62.41452686895756
394.87,62.526806799726295
394.88,62.639555839012395
394.89,62.752777032184824
394.9,62.86647344991881
394.91,62.9806481884495
394.92,63.0953043698286
394.93,63.210445142183985
394.94,63.326073679982386
394.95,63.4421931842951
394.96,63.55880688306684
394.97,63.67591803138778
394.98,63.79352991176872
394.99,63.91164583441959
395.0,64.03026913753114
395.01,64.14940318756005
395.02,64.26905137951739
395.03,64.38921713726042
395.04,64.50990391378795
395.05,64.63111519153924
395.06,64.7528544826963
395.07,64.87512532949002
395.08,64.99793130450972
395.09,65.1212760110166
395.1,65.24516308326085
395.11,65.36959618680257
395.12,65.49457901883657
395.13,65.62011530852111
395.14,65.74620881731049
395.15,65.87286333929183
395.16,66.00008270152574
395.17,66.1278707643913
395.18,66.25623142193507
395.19,66.3851686022244
395.2,66.5146862677051
395.21,66.6447884155634
395.22,66.7754790780923
395.23,66.90676232306251
395.24,67.03864225409784
395.25,67.17112301105524
395.26,67.30420877040952
395.27,67.43790374564269
395.28,67.5722121876383
395.29,67.70713838508051
395.3,67.84268666485808
395.31,67.97886139247343
395.32,68.11566697245681
395.33,68.25310784878543
395.34,68.39118850530807
395.35,68.52991346617472
395.36,68.66928729627182
395.37,68.80931460166273
395.38,68.95000003003388
395.39,69.09134827114639
395.4,69.23336405729347
395.41,69.37605216376352
395.42,69.51941740930901
395.43,69.66346465662141
395.44,69.80819881281202
395.45,69.95362482989891
395.46,70.09974770530006
395.47,70.24657248233271
395.48,70.39410425071915
395.49,70.54234814709888
395.5,70.69130935554729
395.51,70.84099310810106
395.52,70.9914046852902
395.53,71.14254941667696
395.54,71.2944326814016
395.55,71.44705990873531
395.56,71.60043657864007
395.57,71.7545682223359
395.58,71.90946042287534
395.59,72.06511881572538
395.6,72.22154908935701
395.61,72.37875698584232
395.62,72.5367483014594
395.63,72.69552888730517
395.64,72.85510464991617
395.65,73.01548155189742
395.66,73.17666561255959
395.67,73.33866290856446
395.68,73.50147957457888
395.69,73.66512180393737
395.7,73.82959584931332
395.71,73.99490802339925
395.72,74.16106469959581
395.73,74.32807231271016
395.74,74.49593735966339
395.75,74.66466640020742
395.76,74.83426605765152
395.77,75.00474301959831
395.78,75.17610403868976
395.79,75.34835593336307
395.8,75.52150558861669
395.81,75.69555995678658
395.82,75.87052605833294
395.83,76.04641098263748
395.84,76.22322188881145
395.85,76.40096600651454
395.86,76.57965063678486
395.87,76.75928315288024
395.88,76.93987100113074
395.89,77.1214217018029
395.9,77.3039428499757
395.91,77.48744211642838
395.92,77.67192724854053
395.93,77.85740607120424
395.94,78.04388648774896
395.95,78.23137648087895
395.96,78.41988411362351
395.97,78.60941753030042
395.98,78.79998495749258
395.99,78.99159470503812
396.0,79.18425516703417
396.01,79.37797482285455
396.02,79.57276223818161
396.03,79.76862606605225
396.04,79.96557504791862
396.05,80.16361801472355
396.06,80.36276388799094
396.07,80.56302168093141
396.08,80.76440049956348
396.09,80.96690954385029
396.1,81.17055810885248
396.11,81.3753555858971
396.12,81.58131146376314
396.13,81.78843532988361
396.14,81.99673687156474
396.15,82.20622587722231
396.16,82.4169122376356
396.17,82.62880594721905
396.18,82.84191710531205
396.19,83.05625591748704
396.2,83.27183269687629
396.21,83.48865786551764
396.22,83.70674195571944
396.23,83.92609561144506
396.24,84.14672958971731
396.25,84.3686547620429
396.26,84.59188211585756
396.27,84.81642275599192
396.28,85.04228790615852
396.29,85.26948891046034
396.3,85.49803723492118
396.31,85.72794446903826
396.32,85.9592223273573
396.33,86.19188265107054
396.34,86.4259374096381
396.35,86.66139870243288
396.36,86.89827876040962
396.37,87.13658994779833
396.38,87.37634476382244
396.39,87.61755584444242
396.4,87.86023596412478
396.41,88.10439803763728
396.42,88.35005512187054
396.43,88.59722041768654
396.44,88.84590727179457
396.45,89.0961291786548
396.46,89.34789978241028
396.47,89.60123287884744
396.48,89.85614241738597
396.49,90.11264250309819
396.5,90.37074739875864
396.51,90.63047152692428
396.52,90.89182947204587
396.53,91.15483598261089
396.54,91.41950597331875
396.55,91.68585452728867
396.56,91.95389689830074
396.57,92.22364851307088
396.58,92.49512497356007
396.59,92.76834205931848
396.6,93.04331572986524
396.61,93.32006212710411
396.62,93.59859757777599
396.63,93.87893859594868
396.64,94.16110188554454
396.65,94.4451043429067
396.66,94.73096305940453
396.67,95.01869532407889
396.68,95.30831862632797
396.69,95.59985065863424
396.7,95.89330931933333
396.71,96.18871271542554
396.72,96.48607916543061
396.73,96.78542720228648
396.74,97.08677557629294
396.75,97.39014325810062
396.76,97.69554944174652
396.77,98.00301354773639
396.78,98.31255522617504
396.79,98.62419435994542
396.8,98.93795106793705
396.81,99.2538457083249
396.82,99.57189888189937
396.83,99.89213143544838
396.84,100.21456446519235
396.85,100.53921932027309
396.86,100.86611760629728
396.87,101.19528118893581
396.88,101.5267321975796
396.89,101.86049302905307
396.9,102.19658635138617
396.91,102.53503510764592
396.92,102.8758625198286
396.93,103.21909209281348
396.94,103.56474761837927
396.95,103.91285317928423
396.96,104.2634331534111
396.97,104.61651221797806
396.98,104.97211535381656
396.99,105.33026784971754
397.0,105.6909953068468
397.01,106.05432364323109
397.02,106.42027909831587
397.03,106.78888823759611
397.04,107.1601779573212
397.05,107.53417548927548
397.06,107.91090840563558
397.07,108.29040462390577
397.08,108.67269241193281
397.09,109.05780039300168
397.1,109.44575755101339
397.11,109.83659323574645
397.12,110.23033716820346
397.13,110.6270194460441
397.14,111.0266705491061
397.15,111.42932134501578
397.16,111.83500309488959
397.17,112.24374745912817
397.18,112.65558650330475
397.19,113.07055270414911
397.2,113.48867895562917
397.21,113.90999857513162
397.22,114.3345453097433
397.23,114.76235334263518
397.24,115.19345729955052
397.25,115.62789225539923
397.26,116.06569374096003
397.27,116.50689774969227
397.28,116.95154074465948
397.29,117.39965966556635
397.3,117.85129193591109
397.31,118.30647547025536
397.32,118.76524868161343
397.33,119.22765048896285
397.34,119.69372032487868
397.35,120.16349814329325
397.36,120.63702442738365
397.37,121.11434019758916
397.38,121.59548701976078
397.39,122.08050701344509
397.4,122.56944286030466
397.41,123.06233781267747
397.42,123.55923570227749
397.43,124.06018094903897
397.44,124.56521857010667
397.45,125.07439418897468
397.46,125.58775404477619
397.47,126.10534500172669
397.48,126.62721455872334
397.49,127.1534108591029
397.5,127.68398270056106
397.51,128.2189795452356
397.52,128.7584515299564
397.53,129.30244947666472
397.54,129.85102490300486
397.55,130.40423003309073
397.56,130.96211780845042
397.57,131.5247418991516
397.58,132.09215671511058
397.59,132.66441741758834
397.6,133.24157993087604
397.61,133.8237009541737
397.62,134.4108379736644
397.63,135.00304927478805
397.64,135.600393954717
397.65,136.2029319350372
397.66,136.81072397463836
397.67,137.4238316828156
397.68,138.04231753258694
397.69,138.66624487422916
397.7,139.2956779490359
397.71,139.93068190330123
397.72,140.5713228025322
397.73,141.21766764589395
397.74,141.86978438089085
397.75,142.52774191828715
397.76,143.19161014727106
397.77,143.8614599508654
397.78,144.5373632215889
397.79,145.21939287737172
397.8,145.9076228777288
397.81,146.602128240195
397.82,147.3029850570253
397.83,148.01027051216474
397.84,148.72406289849087
397.85,149.4444416353334
397.86,150.17148728627427
397.87,150.9052815772325
397.88,151.6459074148372
397.89,152.39344890509315
397.9,153.1479913723423
397.91,153.9096213785254
397.92,154.6784267427478
397.93,155.45449656115278
397.94,156.2379212271068
397.95,157.0287924517003
397.96,157.827203284568
397.97,158.63324813503237
397.98,159.44702279357452
397.99,160.26862445363557
398.0,161.09815173375316
398.01,161.93570470003604
398.02,162.78138488898097
398.03,163.63529533063522
398.04,164.49754057210848
398.05,165.36822670143755
398.06,166.24746137180745
398.07,167.1353538261321
398.08,168.03201492199813
398.09,168.93755715697478
398.1,169.85209469429327
398.11,170.7757433888985
398.12,171.70862081387588
398.13,172.65084628725648
398.14,173.6025408992026
398.15,174.56382753957664
398.16,175.53483092589545
398.17,176.51567763167256
398.18,177.5064961151499
398.19,178.50741674842115
398.2,179.5185718469482
398.21,180.5400956994721
398.22,181.5721245983197
398.23,182.6147968701069
398.24,183.66825290683886
398.25,184.73263519740811
398.26,185.80808835949006
398.27,186.89475917183586
398.28,187.9927966069622
398.29,189.10235186423668
398.3,190.22357840335795
398.31,191.35663197822836
398.32,192.50167067121743
398.33,193.65885492781322
398.34,194.82834759165877
398.35,196.01031393996993
398.36,197.20492171933054
398.37,198.41234118186034
398.38,199.63274512175042
398.39,200.86630891216038
398.4,202.11321054247077
398.41,203.37363065588372
398.42,204.64775258736375
398.43,205.93576240191058
398.44,207.237848933154
398.45,208.55420382226134
398.46,209.8850215571459
398.47,211.23049951196478
398.48,212.5908379868931
398.49,213.9662402481608
398.5,215.35691256833726
398.51,216.7630642668475
398.52,218.18490775070313
398.53,219.62265855542975
398.54,221.07653538617123
398.55,222.54676015895004
398.56,224.0335580420617
398.57,225.5371574975797
398.58,227.0577903229457
398.59,228.59569169261894
398.6,230.15110019975646
398.61,231.72425789789423
398.62,233.3154103425981
398.63,234.9248066330509
398.64,236.55269945354073
398.65,238.19934511481335
398.66,239.86500359524948
398.67,241.54993858182567
398.68,243.25441751081553
398.69,244.97871160818562
398.7,246.72309592963774
398.71,248.48784940024737
398.72,250.2732548536452
398.73,252.07959907068602
398.74,253.90717281754664
398.75,255.75627088319175
398.76,257.6271921161434
398.77,259.5202394604874
398.78,261.4357199910457
398.79,263.37394494764203
398.8,265.3352297683837
398.81,267.31989412187886
398.82,269.3282619383061
398.83,271.36066143924876
398.84,273.41742516620224
398.85,275.4988900076598
398.86,277.6053972246771
398.87,279.73729247481293
398.88,281.8949258343377
398.89,284.0786518185987
398.9,286.2888294004252
398.91,288.52582202645266
398.92,290.7899976312405
398.93,293.0817286490528
398.94,295.40139202316647
398.95,297.7493692125667
398.96,300.1260461958839
398.97,302.5318134724211
398.98,304.96706606011617
398.99,307.432203490276
399.0,309.9276297989166
399.01,312.45375351453515
399.02,315.010987642136
399.03,317.59974964332537
399.04,320.2204614122847
399.05,322.87354924742624
399.06,325.55944381852794
399.07,328.2785801291393
399.08,331.0313974740435
399.09,333.81833939155456
399.1,336.6398536104227
399.11,339.4963919911145
399.12,342.3884104612282
399.13,345.3163689447988
399.14,348.2807312852405
399.15,351.28196516166935
399.16,354.32054199834164
399.17,357.3969368669386
399.18,360.51162838142136
399.19,363.6650985851753
399.2,366.85783283015695
399.21,370.0903196477508
399.22,373.3630506110398
399.23,376.6765201881868
399.24,380.03122558662034
399.25,383.42766658771393
399.26,386.8663453716444
399.27,390.34776633211004
399.28,393.8724358805879
399.29,397.44086223980474
399.3,401.05355522609665
399.31,404.71102602032755
399.32,408.4137869270385
399.33,412.162351121497
399.34,415.95723238431754
399.35,419.7989448233237
399.36,423.6880025823258
399.37,427.62491953648805
399.38,431.61020897396565
399.39,435.6443832634931
399.4,439.7279535076135
399.41,443.8614291812421
399.42,448.0453177552672
399.43,452.2801243048982
399.44,456.566351102481
399.45,460.9044971945129
399.46,465.29505796259957
399.47,469.73852466811263
399.48,474.23538398031957
399.49,478.78611748777627
399.5,483.3912011927892
399.51,488.0511049887755
399.52,492.7662921203695
399.53,497.5372186261491
399.54,502.36433276387913
399.55,507.2480744181964
399.56,512.1888744906903
399.57,517.1871542723633
399.58,522.2433247984867
399.59,527.3577861859061
399.6,532.5309269528819
399.61,537.7631233215941
399.62,543.0547385034769
399.63,548.4061219675963
399.64,553.8176086923236
399.65,559.2895184006084
399.66,564.8221547792016
399.67,570.4158046822309
399.68,576.0707373195833
399.69,581.7872034306038
399.7,587.5654344436778
399.71,593.4056416223199
399.72,599.3080151984557
399.73,605.2727234936408
399.74,611.2999120290283
399.75,617.3897026249575
399.76,623.5421924911042
399.77,629.7574533081987
399.78,636.0355303023864
399.79,642.3764413133729
399.8,648.7801758575664
399.81,655.2466941874987
399.82,661.7759263488745
399.83,668.3677712366703
399.84,675.0220956517719
399.85,681.7387333597082
399.86,688.517484153106
399.87,695.3581129195574
399.88,702.2603487166567
399.89,709.2238838560261
399.9,716.2483729982084
399.91,723.3334322603685
399.92,730.4786383387947
399.93,737.6835276482489
399.94,744.9475954802597
399.95,752.2702951825
399.96,759.6510373614306
399.97,767.0891891104272
399.98,774.5840732656426
399.99,782.1349676918761
400.0,789.7411046007512
400.01,797.4016699035088
400.02,805.1158026007384
400.03,812.8825942113683
400.04,820.7010882432307
400.05,828.5702797075093
400.06,836.4891146793524
400.07,844.4564899069129
400.08,852.471252471038
400.09,860.5321994977919
400.1,868.6380779259408
400.11,876.7875843314756
400.12,884.9793648111746
400.13,893.2120149271385
400.14,901.4840797141422
400.15,909.7940537515586
400.16,918.1403813015071
400.17,926.5214565147731
400.18,934.935623705927
400.19,943.381177698946
400.2,951.8563642445142
400.21,960.3593805100323
400.22,968.8883756432258
400.23,977.4414514100862
400.24,986.0166629077231
400.25,994.6120193525365
400.26,1003.2254849439533
400.27,1011.8549798037942
400.28,1020.4983809911594
400.29,1029.1535235925392
400.3,1037.8182018866705
400.31,1046.4901705834698
400.32,1055.167146136187
400.33,1063.846808125732
400.34,1072.5268007159318
400.35,1081.204734178294
400.36,1089.8781864846508
400.37,1098.5447049658792
400.38,1107.201808034704
400.39,1115.8469869704084
400.4,1124.4777077630965
400.41,1133.0914130149858
400.42,1141.6855238960295
400.43,1150.257442151015
400.44,1158.8045521551262
400.45,1167.324223014808
400.46,1175.8138107106356
400.47,1184.2706602787568
400.48,1192.692108027354
400.49,1201.075483784461
400.5,1209.4181131733694
400.51,1217.7173199117606
400.52,1225.9704281306301
400.53,1234.17476470899
400.54,1242.327661620286
400.55,1250.426458286415
400.56,1258.468503935197
400.57,1266.4511599571345
400.58,1274.37180225728
400.59,1282.2278235980386
400.6,1290.0166359287443
400.61,1297.7356726978805
400.62,1305.3823911438503
400.63,1312.9542745602546
400.64,1320.4488345317016
400.65,1327.8636131362425
400.66,1335.1961851106157
400.67,1342.444159974576
400.68,1349.6051841106946
400.69,1356.6769427961297
400.7,1363.6571621829942
400.71,1370.5436112240825
400.72,1377.334103540858
400.73,1384.0264992307577
400.74,1390.6187066110267
400.75,1397.1086838964554
400.76,1403.4944408085712
400.77,1409.7740401140002
400.78,1415.9455990899055
400.79,1422.0072909145829
400.8,1427.9573459814876
400.81,1433.7940531351503
400.82,1439.515760827635
400.83,1445.1208781943803
400.84,1450.6078760484609
400.85,1455.9752877924911
400.86,1461.221710247595
400.87,1466.3458043990438
400.88,1471.3462960583581
400.89,1476.2219764418523
400.9,1480.9717026657795
400.91,1485.5943981584157
400.92,1490.0890529895903
400.93,1494.4547241183404
400.94,1498.6905355595304
400.95,1502.7956784704297
400.96,1506.7694111583983
400.97,1510.6110590109706
400.98,1514.3200143497654
400.99,1517.895736209781
401.0,1521.3377500457584
401.01,1524.645647367409
401.02,1527.8190853054116
401.03,1530.8577861101853
401.04,1533.761536585536
401.05,1536.530187459356
401.06,1539.1636526936377
401.07,1541.6619087361255
401.08,1544.0249937159933
401.09,1546.2530065859864
401.1,1548.3461062135113
401.11,1550.3045104231942
401.12,1552.1284949934563
401.13,1553.8183926096822
401.14,1555.3745917765611
401.15,1556.7975356922032
401.16,1558.0877210866197
401.17,1559.2456970271628
401.18,1560.2720636934994
401.19,1561.1674711246826
401.2,1561.9326179408574
401.21,1562.5682500421085
401.22,1563.075159286928
401.23,1563.4541821527364
401.24,1563.7061983808505
401.25,1563.832129608247
401.26,1563.832937988411
401.27,1563.709624803515
401.28,1563.463229070105
401.29,1563.0948261404178
401.3,1562.6055263013848
401.31,1561.9964733733143
401.32,1561.2688433101744
401.33,1560.4238428033293
401.34,1559.4627078905137
401.35,1558.38670257175
401.36,1557.1971174338491
401.37,1555.8952682850527
401.38,1554.482494801305
401.39,1552.9601591855683
401.4,1551.3296448415176
401.41,1549.5923550628759
401.42,1547.749711739581
401.43,1545.8031540818974
401.44,1543.7541373635145
401.45,1541.6041316845995
401.46,1539.3546207557067
401.47,1537.0071007033694
401.48,1534.5630788981339
401.49,1532.024072805732
401.5,1529.3916088620158
401.51,1526.6672213722225
401.52,1523.852451435066
401.53,1520.9488458921026
401.54,1517.9579563027473
401.55,1514.881337945273
401.56,1511.7205488440584
401.57,1508.477148823309
401.58,1505.1526985874166
401.59,1501.7487588280758
401.6,1498.2668893582365
401.61,1494.708648272915
401.62,1491.0755911368547
401.63,1487.3692701989805
401.64,1483.5912336335573
401.65,1479.7430248079213
401.66,1475.8261815766248
401.67,1471.8422356017984
401.68,1467.7927116995058
401.69,1463.6791272118392
401.7,1459.502991404473
401.71,1455.2658048893752
401.72,1450.9690590723446
401.73,1446.6142356250305
401.74,1442.2028059810611
401.75,1437.736230855902
401.76,1433.2159597900354
401.77,1428.6434307150487
401.78,1424.0200695422009
401.79,1419.3472897730255
401.8,1414.6264921315167
401.81,1409.85906421744
401.82,1405.0463801802969
401.83,1400.189800413468
401.84,1395.2906712680558
401.85,1390.350324785939
401.86,1385.3700784515515
401.87,1380.351234961896
401.88,1375.2950820142976
401.89,1370.202892111408
401.9,1365.075922382964
401.91,1359.9154144238148
401.92,1354.722594147721
401.93,1349.4986716564483
401.94,1344.2448411236628
401.95,1338.962280693157
401.96,1333.6521523909253
401.97,1328.315602050621
401.98,1322.9537592519318
401.99,1317.567737271411
402.0,1312.1586330453163
402.01,1306.7275271440058
402.02,1301.275483757456
402.03,1295.8035506914669
402.04,1290.3127593741326
402.05,1284.8041248721597
402.06,1279.2786459166239
402.07,1273.7373049377666
402.08,1268.1810681084391
402.09,1262.61088539581
402.1,1257.027690620961
402.11,1251.4324015260056
402.12,1245.8259198483731
402.13,1240.209131401908
402.14,1234.5829061644467
402.15,1228.9480983715387
402.16,1223.3055466159904
402.17,1217.656073952919
402.18,1212.0004880100112
402.19,1206.339581102688
402.2,1200.674130353895
402.21,1195.0048978182306
402.22,1189.3326306101496
402.23,1183.658061035975
402.24,1177.981906729467
402.25,1172.3048707907044
402.26,1166.6276419280377
402.27,1160.95089460289
402.28,1155.2752891771784
402.29,1149.6014720631472
402.3,1143.9300758754036
402.31,1138.2617195849587
402.32,1132.5970086750817
402.33,1126.9365352987845
402.34,1121.2808784377569
402.35,1115.6306040625848
402.36,1109.9862652940865
402.37,1104.3484025656091
402.38,1098.7175437861372
402.39,1093.0942045040647
402.4,1087.478888071497
402.41,1081.8720858089475
402.42,1076.2742771703004
402.43,1070.6859299079242
402.44,1065.107500237815
402.45,1059.5394330046609
402.46,1053.9821618467242
402.47,1048.4361093604389
402.48,1042.9016872646293
402.49,1037.3792965642592
402.5,1031.869327713625
402.51,1026.372160778912
402.52,1020.8881656000373
402.53,1015.4177019517026
402.54,1009.9611197035933
402.55,1004.5187589796537
402.56,999.0909503163796
402.57,993.6780148200693
402.58,988.2802643229796
402.59,982.8980015383346
402.6,977.5315202141398
402.61,972.1811052857582
402.62,966.8470330272045
402.63,961.5295712011206
402.64,956.2289792073958
402.65,950.9455082303982
402.66,945.6794013847866
402.67,940.4308938598755
402.68,935.2002130625264
402.69,929.9875787585427
402.7,924.793203212546
402.71,919.6172913263158
402.72,914.4600407755738
402.73,909.3216421451989
402.74,904.2022790628586
402.75,899.1021283310454
402.76,894.0213600575087
402.77,888.960137784072
402.78,883.9186186138313
402.79,878.8969533367266
402.8,873.8952865534842
402.81,868.9137567979262
402.82,863.9524966576469
402.83,859.0116328930538
402.84,854.0912865547768
402.85,849.1915730994452
402.86,844.312602503837
402.87,839.4544793774033
402.88,834.6173030731754
402.89,829.8011677970554
402.9,825.0061627155026
402.91,820.2323720616187
402.92,815.4798752396426
402.93,810.7487469278623
402.94,806.0390571799529
402.95,801.350871524753
402.96,796.6842510644871
402.97,792.0392525714478
402.98,787.4159285831478
402.99,782.8143274959539
403.0,778.2344936572171
403.01,773.6764674559092
403.02,769.1402854117821
403.03,764.6259802630601
403.04,760.1335810526831
403.05,755.6631132131108
403.06,751.2145986497059
403.07,746.7880558227085
403.08,742.383499827819
403.09,738.0009424754018
403.1,733.6403923683274
403.11,729.3018549784683
403.12,724.9853327218624
403.13,720.6908250325614
403.14,716.4183284351798
403.15,712.1678366161593
403.16,707.9393404937658
403.17,703.7328282868343
403.18,699.5482855822777
403.19,695.3856954013763
403.2,691.2450382648631
403.21,687.1262922568212
403.22,683.0294330874107
403.23,678.954434154438
403.24,674.9012666037878
403.25,670.8698993887293
403.26,666.8602993281161
403.27,662.8724311634932
403.28,658.9062576151285
403.29,654.9617394369835
403.3,651.0388354706387
403.31,647.13750269819
403.32,643.2576962941314
403.33,639.399369676238
403.34,635.5624745554668
403.35,631.7469609848876
403.36,627.9527774076615
403.37,624.1798707040808
403.38,620.4281862376843
403.39,616.6976679004634
403.4,612.9882581571742
403.41,609.2998980887673
403.42,605.6325274349533
403.43,601.9860846359138
403.44,598.3605068731755
403.45,594.7557301096587
403.46,591.1716891289146
403.47,587.6083175735655
403.48,584.0655479829594
403.49,580.5433118300541
403.5,577.0415395575428
403.51,573.5601606132335
403.52,570.0991034846963
403.53,566.6582957331897
403.54,563.2376640268787
403.55,559.8371341733578
403.56,556.4566311514889
403.57,553.0960791425683
403.58,549.7554015608329
403.59,546.434521083317
403.6,543.1333596790735
403.61,539.8518386377667
403.62,536.589878597652
403.63,533.3473995729502
403.64,530.1243209806289
403.65,526.9205616666015
403.66,523.736039931353
403.67,520.5706735550048
403.68,517.4243798218266
403.69,514.2970755442079
403.7,511.18867708609577
403.71,508.0991003859117
403.72,505.02826097895525
403.73,501.9760740193043
403.74,498.9424543012212
403.75,495.92731628007414
403.76,492.9305740927827
403.77,489.9521415777959
403.78,486.99193229461184
403.79,484.049859542848
403.8,481.12583638086943
403.81,478.21977564398395
403.82,475.3315899622127
403.83,472.46119177764325
403.84,469.6084933613736
403.85,466.773406830055
403.86,463.9558441620412
403.87,461.1557172131509
403.88,458.372937732052
403.89,455.60741737527354
403.9,452.85906772185393
403.91,450.1278002876312
403.92,447.4135265391828
403.93,444.7161579074216
403.94,442.03560580085485
403.95,439.3717816185125
403.96,436.7245967625514
403.97,434.0939626505415
403.98,431.47979072744073
403.99,428.881992477264
404.0,426.3004794344533
404.01,423.7351631949533
404.02,421.185955427
404.03,418.65276788162674
404.04,416.13551240289377
404.05,413.6341009378468
404.06,411.14844554621016
404.07,408.67845840981886
404.08,406.2240518417965
404.09,403.7851382954824
404.1,401.3616303731139
404.11,398.95344083426875
404.12,396.5604826040722
404.13,394.18266878117333
404.14,391.81991264549606
404.15,389.47212766576837
404.16,387.13922750683525
404.17,384.82112603675915
404.18,382.5177373337125
404.19,380.22897569266644
404.2,377.9547556318801
404.21,375.69499189919463
404.22,373.4495994781355
404.23,371.2184935938276
404.24,369.00158971872685
404.25,366.79880357817194
404.26,364.6100511557603
404.27,362.4352486985514
404.28,360.27431272210174
404.29,358.12716001533454
404.3,355.9937076452477
404.31,353.87387296146346
404.32,351.7675736006233
404.33,349.674727490631
404.34,347.5952528547476
404.35,345.5290682155407
404.36,343.4760923986916
404.37,341.43624453666405
404.38,339.4094440722359
404.39,337.3956107618982
404.4,335.3946646791239
404.41,333.40652621750877
404.42,331.43111609378803
404.43,329.4683553507306
404.44,327.5181653599142
404.45,325.5804678243838
404.46,323.6551847811957
404.47,321.7422386038503
404.48,319.8415520046152
404.49,317.95304803674213
404.5,316.076650096579
404.51,314.2122819255804
404.52,312.3598676122179
404.53,310.51933159379314
404.54,308.6905986581554
404.55,306.8735939453263
404.56,305.06824294903316
404.57,303.27447151815346
404.58,301.4922058580726
404.59,299.72137253195655
404.6,297.96189846194136
404.61,296.2137109302421
404.62,294.476737580182
404.63,292.75090641714485
404.64,291.0361458094516
404.65,289.3323844891633
404.66,287.6395515528118
404.67,285.9575764620605
404.68,284.28638904429647
404.69,282.62591949315527
404.7,280.9760983689808
404.71,279.33685659922094
404.72,277.7081254787614
404.73,276.0898366701987
404.74,274.48192220405343
404.75,272.8843144789266
404.76,271.2969462615991
404.77,269.7197506870759
404.78,268.1526612585776
404.79,266.595611847479
404.8,265.04853669319687
404.81,263.5113704030283
404.82,261.9840479519408
404.83,260.46650468231473
404.84,258.9586763036405
404.85,257.4604988921708
404.86,255.97190889052902
404.87,254.4928431072759
404.88,253.0232387164343
404.89,251.56303325697436
404.9,250.11216463225918
404.91,248.67057110945262
404.92,247.23819131889022
404.93,245.81496425341393
404.94,244.40082926767215
404.95,242.9957260773855
404.96,241.5995947585797
404.97,240.21237574678636
404.98,238.83400983621243
404.99,237.46443817887953
405.0,236.10360228373375
405.01,234.75144401572695
405.02,233.40790559487033
405.03,232.07292959526112
405.04,230.74645894408323
405.05,229.42843692058258
405.06,228.11880715501792
405.07,226.81751362758794
405.08,225.5245006673354
405.09,224.23971295102888
405.1,222.9630955020232
405.11,221.69459368909875
405.12,220.43415322528077
405.13,219.18172016663905
405.14,217.937240911069
405.15,216.70066219705424
405.16,215.47193110241176
405.17,214.25099504302017
405.18,213.0378017715315
405.19,211.83229937606734
405.2,210.63443627889967
405.21,209.4441612351172
405.22,208.26142333127757
405.23,207.086171984046
405.24,205.91835693882106
405.25,204.75792826834788
405.26,203.60483637131938
405.27,202.45903197096607
405.28,201.32046611363486
405.29,200.1890901673574
405.3,199.06485582040818
405.31,197.94771507985334
405.32,196.83762027009007
405.33,195.7345240313775
405.34,194.63837931835906
405.35,193.54913939857727
405.36,192.46675785098077
405.37,191.3911885644245
405.38,190.32238573616314
405.39,189.26030387033813
405.4,188.20489777645895
405.41,187.15612256787867
405.42,186.11393366026445
405.43,185.078286770063
405.44,184.0491379129616
405.45,183.0264434023451
405.46,182.01015984774864
405.47,181.00024415330716
405.48,179.99665351620155
405.49,178.99934542510186
405.5,178.00827765860785
405.51,177.02340828368713
405.52,176.04469565411134
405.53,175.0720984088904
405.54,174.1055754707053
405.55,173.1450860443395
405.56,172.19058961510945
405.57,171.2420459472942
405.58,170.2994150825646
405.59,169.362657338412
405.6,168.43173330657717
405.61,167.50660385147913
405.62,166.58723010864446
405.63,165.6735734831372
405.64,164.76559564798953
405.65,163.86325854263345
405.66,162.96652437133366
405.67,162.07535560162194
405.68,161.18971496273286
405.69,160.3095654440416
405.7,159.43487029350334
405.71,158.56559301609516
405.72,157.70169737225987
405.73,156.84314737635253
405.74,155.98990729508952
405.75,155.1419416460003
405.76,154.2992151958823
405.77,153.4616929592586
405.78,152.62934019683908
405.79,151.8021224139847
405.8,150.98000535917558
405.81,150.1629550224823
405.82,149.3509376340413
405.83,148.54391966253394
405.84,147.74186781366978
405.85,146.94474902867367
405.86,146.1525304827773
405.87,145.36517958371508
405.88,144.5826639702243
405.89,143.8049515105501
405.9,143.03201030095485
405.91,142.2638086642324
405.92,141.50031514822726
405.93,140.7414985243584
405.94,139.98732778614857
405.95,139.23777214775828
405.96,138.49280104252523
405.97,137.75238412150892
405.98,137.01649125204068
405.99,136.2850925162791
406.0,135.5581582097709
406.01,134.83565884001754
406.02,134.1175651250473
406.03,133.40384799199313
406.04,132.69447857567633
406.05,131.98942821719595
406.06,131.28866846252419
406.07,130.59217106110765
406.08,129.89990796447466
406.09,129.21185132484862
406.1,128.52797349376743
406.11,127.84824702070907
406.12,127.1726446517234
406.13,126.50113932807022
406.14,125.83370418486352
406.15,125.17031254972213
406.16,124.51093794142668
406.17,123.85555406858299
406.18,123.2041348282919
406.19,122.55665430482546
406.2,121.91308676830974
406.21,121.27340667341409
406.22,120.63758865804695
406.23,120.00560754205827
406.24,119.37743832594848
406.25,118.75305618958411
406.26,118.13243649092013
406.27,117.51555476472873
406.28,116.90238672133509
406.29,116.29290824535958
406.3,115.68709539446688
406.31,115.08492439812164
406.32,114.48637165635111
406.33,113.8914137385143
406.34,113.30002738207808
406.35,112.71218949139998
406.36,112.12787713651778
406.37,111.5470675519459
406.38,110.96973813547864
406.39,110.39586644700012
406.4,109.82543020730117
406.41,109.25840729690292
406.42,108.69477575488725
406.43,108.13451377773404
406.44,107.57759971816532
406.45,107.02401208399606
406.46,106.47372953699198
406.47,105.92673089173405
406.48,105.38299511448983
406.49,104.84250132209161
406.5,104.30522878082134
406.51,103.77115690530242
406.52,103.24026525739819
406.53,102.71253354511724
406.54,102.1879416215255
406.55,101.66646948366508
406.56,101.14809727147991
406.57,100.63280526674801
406.58,100.1205738920206
406.59,99.61138370956792
406.6,99.1052154203317
406.61,98.60204986288439
406.62,98.10186801239499
406.63,97.60465097960167
406.64,97.11038000979093
406.65,96.61903648178343
406.66,96.13060190692649
406.67,95.64505792809311
406.68,95.1623863186877
406.69,94.68256898165822
406.7,94.20558794851503
406.71,93.73142537835616
406.72,93.26006355689918
406.73,92.7914848955195
406.74,92.3256719302952
406.75,91.86260732105825
406.76,91.40227385045227
406.77,90.94465442299663
406.78,90.4897320641569
406.79,90.0374899194218
406.8,89.58791125338642
406.81,89.14097944884175
406.82,88.69667800587058
406.83,88.25499054094962
406.84,87.81590078605794
406.85,87.37939258779157
406.86,86.9454499064844
406.87,86.51405681533518
406.88,86.08519749954074
406.89,85.65885625543532
406.9,85.23501748963605
406.91,84.81366571819444
406.92,84.39478556575403
406.93,83.97836176471401
406.94,83.56437915439884
406.95,83.1528226802339
406.96,82.74367739292708
406.97,82.33692844765632
406.98,81.93256110326296
406.99,81.5305607214511
407.0,81.13091276599272
407.01,80.73360280193863
407.02,80.33861649483529
407.03,79.94593960994726
407.04,79.55555801148553
407.05,79.16745766184145
407.06,78.78162462082645
407.07,78.39804504491728
407.08,78.01670518650701
407.09,77.63759139316156
407.1,77.26069010688177
407.11,76.88598786337108
407.12,76.51347129130873
407.13,76.1431271116283
407.14,75.77494213680193
407.15,75.40890327012973
407.16,75.04499750503477
407.17,74.68321192436336
407.18,74.32353369969064
407.19,73.96595009063155
407.2,73.61044844415703
407.21,73.25701619391543
407.22,72.9056408595593
407.23,72.55631004607716
407.24,72.20901144313058
407.25,71.86373282439634
407.26,71.52046204691368
407.27,71.1791870504367
407.28,70.83989585679167
407.29,70.50257656923947
407.3,70.16721737184297
407.31,69.83380652883935
407.32,69.50233238401738
407.33,69.17278336009959
407.34,68.84514795812925
407.35,68.51941475686228
407.36,68.19557241216387
407.37,67.87360965640998
407.38,67.55351529789348
407.39,67.23527822023509
407.4,66.91888738179895
407.41,66.60433181511294
407.42,66.2916006262935
407.43,65.98068299447516
407.44,65.67156817124459
407.45,65.36424548007919
407.46,65.05870431579024
407.47,64.75493414397046
407.48,64.45292450044609
407.49,64.15266499073334
407.5,63.85414528949933
407.51,63.557355140027234
407.52,63.262284353685956
407.53,62.968922809403956
407.54,62.677260453147454
407.55,62.38728729740284
407.56,62.098993420663334
407.57,61.8123689669198
407.58,61.52740414515578
407.59,61.24408922884662
407.6,60.96241455546275
407.61,60.682370525976985
407.62,60.403947604375944
407.63,60.127136317175434
407.64,59.85192725293988
407.65,59.5783110618057
407.66,59.30627845500861
407.67,59.03582020441487
407.68,58.76692714205639
407.69,58.4995901596697
407.7,58.233800208238776
407.71,57.969548297541614
407.72,57.706825495700635
407.73,57.4456229287368
407.74,57.18593178012747
407.75,56.92774329036793
407.76,56.67104875653662
407.77,56.41583953186398
407.78,56.16210702530489
407.79,55.909842701114755
407.8,55.65903807842907
407.81,55.4096847308466
407.82,55.161774286016005
407.83,54.91529842522598
407.84,54.67024888299882
407.85,54.426617446687466
407.86,54.18439595607588
407.87,53.94357630298287
407.88,53.70415043086919
407.89,53.46611033444806
407.9,53.22944805929889
407.91,52.994155701484345
407.92,52.76022540717062
407.93,52.52764937225097
407.94,52.296419841972416
407.95,52.06652911056563
407.96,51.837969520878
407.97,51.61073346400974
407.98,51.384813378953204
407.99,51.1602017522352
408.0,50.936891117562396
408.01,50.71487405546971
408.02,50.494143192971755
408.03,50.27469120321724
408.04,50.056510805146296
408.05,49.83959476315081
408.06,49.62393588673757
408.07,49.4095270301944
408.08,49.19636109225903
408.09,48.98443101579096
408.1,48.77372978744598
408.11,48.564250437353586
408.12,48.355986038797155
408.13,48.148929707896805
408.14,47.94307460329506
408.15,47.738413925845144
408.16,47.53494091830201
408.17,47.332648865016
408.18,47.13153109162911
408.19,46.93158096477395
408.2,46.732791891775214
408.21,46.53515732035375
408.22,46.33867073833318
408.23,46.14332567334905
408.24,45.94911569256046
408.25,45.75603440236422
408.26,45.564075448111424
408.27,45.37323251382649
408.28,45.1834993219286
408.29,44.9948696329556
408.3,44.80733724529017
408.31,44.62089599488847
408.32,44.435539755011035
408.33,44.25126243595605
408.34,44.068057984794876
408.35,43.88592038510989
408.36,43.70484365673457
408.37,43.52482185549579
408.38,43.34584907295839
408.39,43.167919436171914
408.4,42.99102710741952
408.41,42.815166283969056
408.42,42.6403311978263
408.43,42.46651611549031
408.44,42.293715337710836
408.45,42.12192319924792
408.46,41.95113406863343
408.47,41.781342347934775
408.48,41.61254247252054
408.49,41.444728910828196
408.5,41.2778961641338
408.51,41.112038766323636
408.52,40.94715128366786
408.53,40.78322831459603
408.54,40.620264489474636
408.55,40.45825447038645
408.56,40.29719295091182
408.57,40.13707465591184
408.58,39.9778943413133
408.59,39.81964679389559
408.6,39.66232683107932
408.61,39.50592930071678
408.62,39.350449080884225
408.63,39.19588107967586
408.64,39.042220234999625
408.65,38.88946151437473
408.66,38.73759991473086
408.67,38.586630462209115
408.68,38.43654821196466
408.69,38.287348247971025
408.7,38.13902568282604
408.71,37.99157565755947
408.72,37.84499334144225
408.73,37.69927393179728
408.74,37.554412653811944
408.75,37.410404760352066
408.76,37.26724553177754
408.77,37.12493027575945
408.78,36.983454327098784
408.79,36.8428130475466
408.8,36.70300182562576
408.81,36.56401607645414
408.82,36.425851241569305
408.83,36.288502788754684
408.84,36.15196621186715
408.85,36.016237030666076
408.86,35.881310790643816
408.87,35.747183062857566
408.88,35.61384944376266
408.89,35.48130555504721
408.9,35.34954704346814
408.91,35.21856958068861
408.92,35.0883688631167
408.93,34.958940611745504
408.94,34.83028057199451
408.95,34.70238451355228
408.96,34.57524823022045
408.97,34.44886753975897
408.98,34.32323828373265
408.99,34.198356327358944
409.0,34.07421755935698
409.01,33.95081789179782
409.02,33.82815325995593
409.03,33.70621962216191
409.04,33.585012959656325
409.05,33.4645292764448
409.06,33.344764599154274
409.07,33.22571497689038
409.08,33.10737648109601
409.09,32.989745205411
409.1,32.87281726553293
409.11,32.75658879907911
409.12,32.64105596544957
409.13,32.52621494569119
409.14,32.41206194236296
409.15,32.298593179402246
409.16,32.18580490199213
409.17,32.07369337642982
409.18,31.962254889996117
409.19,31.85148575082586
409.2,31.74138228777944
409.21,31.631940850315313
409.22,31.523157808363493
409.23,31.415029552200068
409.24,31.307552492322664
409.25,31.20072305932692
409.26,31.094537703783875
409.27,30.988992896118358
409.28,30.88408512648829
409.29,30.77981090466492
409.3,30.676166759914004
409.31,30.573149240877875
409.32,30.470754915458443
409.33,30.36898037070107
409.34,30.26782221267936
409.35,30.167277066380787
409.36,30.06734157559324
409.37,29.968012402792404
409.38,29.86928622902999
409.39,29.771159753822825
409.4,29.673629695042777
409.41,29.5766927888075
409.42,29.48034578937199
409.43,29.384585469020998
409.44,29.28940861796218
409.45,29.194812044220097
409.46,29.10079257353098
409.47,29.007347049238277
409.48,28.91447233218898
409.49,28.822165300630697
409.5,28.73042285010952
409.51,28.63924189336859
409.52,28.548619360247464
409.53,28.458552197582158
409.54,28.369037369105964
409.55,28.28007185535096
409.56,28.191652653550257
409.57,28.103776777540915
409.58,28.01644125766761
409.59,27.92964314068694
409.6,27.843379489672472
409.61,27.757647383920414
409.62,27.672443918855997
409.63,27.587766205940508
409.64,27.503611372578987
409.65,27.419976562028577
409.66,27.336858933307514
409.67,27.254255661104764
409.68,27.1721639356903
409.69,27.09058096282598
409.7,27.009503963677098
409.71,26.928930174724478
409.72,26.848856847677254
409.73,26.769281249386204
409.74,26.69020066175769
409.75,26.61161238166821
409.76,26.533513720879515
409.77,26.45590200595432
409.78,26.37877457817258
409.79,26.30212879344835
409.8,26.22596202224719
409.81,26.150271649504152
409.82,26.07505507454229
409.83,26.00030971099176
409.84,25.92603298670942
409.85,25.852222343698998
409.86,25.77887523803178
409.87,25.705989139767834
409.88,25.633561532877735
409.89,25.56158991516484
409.9,25.490071798188055
409.91,25.41900470718511
409.92,25.348386180996354
409.93,25.278213771989023
409.94,25.20848504598203
409.95,25.139197582171224
409.96,25.070348973055136
409.97,25.00193682436122
409.98,24.933958754972554
409.99,24.866412396855026
410.0,24.799295394984963
410.01,24.732605407277262
410.02,24.666340104513942
410.03,24.600497170273172
410.04,24.535074300858742
410.05,24.470069205229986
410.06,24.405479604932136
410.07,24.341303234027123
410.08,24.277537839024816
410.09,24.214181178814684
410.1,24.15123102459788
410.11,24.08868515981976
410.12,24.02654138010282
410.13,23.964797493180033
410.14,23.903451318828616
410.15,23.842500688804186
410.16,23.78194344677535
410.17,23.72177744825866
410.18,23.662000560553984
410.19,23.60261066268028
410.2,23.543605645311743
410.21,23.48498341071434
410.22,23.426741872682733
410.23,23.368878956477605
410.24,23.311392598763312
410.25,23.25428074754596
410.26,23.197541362111814
410.27,23.141172412966107
410.28,23.085171881772187
410.29,23.029537761291042
410.3,22.974268055321176
410.31,22.919360778638833
410.32,22.864813956938598
410.33,22.81062562677432
410.34,22.7567938355004
410.35,22.703316641213398
410.36,22.650192112694025
410.37,22.59741832934943
410.38,22.544993381155837
410.39,22.49291536860152
410.4,22.441182402630105
410.41,22.3897926045842
410.42,22.338744106149345
410.43,22.28803504929828
410.44,22.237663586235545
410.45,22.187627879342397
410.46,22.13792610112202
410.47,22.088556434145076
410.48,22.039517070995544
410.49,21.990806214216875
410.5,21.942422076258445
410.51,21.894362879422328
410.52,21.84662685581034
410.53,21.799212247271402
410.54,21.752117305349206
410.55,21.70534029123014
410.56,21.65887947569154
410.57,21.612733139050203
410.58,21.566899571111215
410.59,21.521377071117037
410.6,21.476163947696882
410.61,21.431258518816378
410.62,21.386659111727504
410.63,21.342364062918797
410.64,21.298371718065855
410.65,21.254680431982077
410.66,21.211288568569703
410.67,21.1681945007711
410.68,21.125396610520344
410.69,21.082893288695026
410.7,21.040682935068357
410.71,20.99876395826151
410.72,20.95713477569623
410.73,20.915793813547698
410.74,20.874739506697658
410.75,20.833970298687788
410.76,20.793484641673317
410.77,20.753280996376915
410.78,20.713357832042803
410.79,20.67371362639113
410.8,20.63434686557258
410.81,20.595256044123243
410.82,20.556439664919694
410.83,20.51789623913435
410.84,20.47962428619103
410.85,20.441622333720783
410.86,20.403888917517925
410.87,20.366422581496327
410.88,20.329221877645917
410.89,20.292285365989443
410.9,20.25561161453943
410.91,20.21919919925538
410.92,20.183046704001214
410.93,20.1471527205029
410.94,20.111515848306336
410.95,20.076134694735458
410.96,20.04100787485054
410.97,20.006134011406722
410.98,19.971511734812783
410.99,19.937139683090095
411.0,19.903016501831804
411.01,19.869140844162235
411.02,19.835511370696494
411.03,19.80212674950029
411.04,19.768985656049953
411.05,19.73608677319269
411.06,19.703428791107015
411.07,19.6710104072634
411.08,19.638830326385133
411.09,19.606887260409373
411.1,19.57517992844841
411.11,19.543707056751128
411.12,19.512467378664656
411.13,19.481459634596234
411.14,19.450682571975275
411.15,19.420134945215604
411.16,19.389815515677913
411.17,19.3597230516324
411.18,19.329856328221602
411.19,19.300214127423427
411.2,19.27079523801436
411.21,19.241598455532884
411.22,19.212622582243057
411.23,19.1838664270983
411.24,19.155328805705384
411.25,19.127008540288546
411.26,19.098904459653863
411.27,19.07101539915375
411.28,19.04334020065168
411.29,19.01587771248705
411.3,18.988626789440264
411.31,18.961586292697966
411.32,18.934755089818466
411.33,18.908132054697344
411.34,18.881716067533212
411.35,18.855506014793683
411.36,18.829500789181488
411.37,18.803699289600775
411.38,18.778100421123586
411.39,18.752703094956495
411.4,18.72750622840742
411.41,18.702508744852626
411.42,18.677709573703854
411.43,18.653107650375656
411.44,18.628701916252883
411.45,18.60449131865834
411.46,18.5804748108206
411.47,18.556651351842
411.48,18.53301990666678
411.49,18.5095794460494
411.5,18.486328946523013
411.51,18.4632673903681
411.52,18.440393765581263
411.53,18.417707065844187
411.54,18.395206290492748
411.55,18.372890444486284
411.56,18.350758538377033
411.57,18.328809588279704
411.58,18.307042615841233
411.59,18.285456648210673
411.6,18.264050718009237
411.61,18.24282386330051
411.62,18.22177512756081
411.63,18.20090355964968
411.64,18.18020821378056
411.65,18.159688149491583
411.66,18.13934243161655
411.67,18.11917013025603
411.68,18.099170320748605
411.69,18.079342083642285
411.7,18.059684504666052
411.71,18.040196674701562
411.72,18.02087768975498
411.73,18.00172665092895
411.74,17.98274266439476
411.75,17.963924841364577
411.76,17.945272298063877
411.77,17.926784155704002
411.78,17.908459540454853
411.79,17.89029758341773
411.8,17.872297420598304
411.81,17.854458192879736
411.82,17.83677904599593
411.83,17.819259130504918
411.84,17.80189760176241
411.85,17.784693619895428
411.86,17.767646349776136
411.87,17.750754960995756
411.88,17.734018627838644
411.89,17.717436529256492
411.9,17.701007848842675
411.91,17.684731774806707
411.92,17.668607499948852
411.93,17.652634221634848
411.94,17.636811141770778
411.95,17.621137466778055
411.96,17.60561240756856
411.97,17.590235179519876
411.98,17.575005002450673
411.99,17.55992110059622
412.0,17.54498270258402
412.01,17.53018904140956
412.02,17.51553935441221
412.03,17.50103288325122
412.04,17.48666887388187
412.05,17.47244657653173
412.06,17.458365245677033
412.07,17.444424140019184
412.08,17.430622522461398
412.09,17.41695966008544
412.1,17.403434824128503
412.11,17.3900472899602
412.12,17.376796337059673
412.13,17.363681248992826
412.14,17.350701313389678
412.15,17.337855821921824
412.16,17.32514407028004
412.17,17.31256535815196
412.18,17.300118989199927
412.19,17.287804271038905
412.2,17.275620515214545
412.21,17.26356703718135
412.22,17.251643156280952
412.23,17.23984819572052
412.24,17.228181482551257
412.25,17.216642347647028
412.26,17.205230125683098
412.27,17.193944155114977
412.28,17.182783778157376
412.29,17.171748340763273
412.3,17.160837192603108
412.31,17.150049687044053
412.32,17.139385181129423
412.33,17.12884303555818
412.34,17.118422614664553
412.35,17.10812328639775
412.36,17.0979444223018
412.37,17.08788539749549
412.38,17.07794559065241
412.39,17.068124383981083
412.4,17.058421163205256
412.41,17.04883531754423
412.42,17.039366239693337
412.43,17.030013325804504
412.44,17.020775975466925
412.45,17.011653591687843
412.46,17.002645580873413
412.47,16.993751352809692
412.48,16.984970320643715
412.49,16.97630190086467
412.5,16.96774551328519
412.51,16.95930058102273
412.52,16.950966530481043
412.53,16.942742791331767
412.54,16.9346287964961
412.55,16.926623982126575
412.56,16.918727787588942
412.57,16.910939655444132
412.58,16.903259031430323
412.59,16.895685364445118
412.6,16.888218106527788
412.61,16.88085671284164
412.62,16.873600641656466
412.63,16.86644935433108
412.64,16.859402315295974
412.65,16.852458992036027
412.66,16.845618855073354
412.67,16.838881377950212
412.68,16.832246037212013
412.69,16.825712312390426
412.7,16.819279685986572
412.71,16.812947643454315
412.72,16.806715673183625
412.73,16.800583266484054
412.74,16.794549917568286
412.75,16.788615123535784
412.76,16.782778384356526
412.77,16.777039202854812
412.78,16.7713970846932
412.79,16.765851538356472
412.8,16.760402075135744
412.81,16.75504820911262
412.82,16.74978945714346
412.83,16.74462533884372
412.84,16.739555376572365
412.85,16.734579095416418
412.86,16.729696023175517
412.87,16.724905690346628
412.88,16.72020763010879
412.89,16.715601378307976
412.9,16.71108647344203
412.91,16.706662456645667
412.92,16.702328871675576
412.93,16.698085264895603
412.94,16.693931185262013
412.95,16.68986618430882
412.96,16.685889816133216
412.97,16.682001637381074
412.98,16.678201207232526
412.99,16.67448808738763
413.0,16.6708618420521
413.01,16.66732203792314
413.02,16.66386824417532
413.03,16.66050003244657
413.04,16.657216976824223
413.05,16.654018653831148
413.06,16.650904642411952
413.07,16.647874523919267
413.08,16.644927882100102
413.09,16.642064303082286
413.1,16.63928337536097
413.11,16.636584689785213
413.12,16.633967839544642
413.13,16.631432420156184
413.14,16.628978029450867
413.15,16.626604267560708
413.16,16.624310736905663
413.17,16.622097042180645
413.18,16.619962790342633
413.19,16.617907590597834
413.2,16.615931054388927
413.21,16.61403279538237
413.22,16.612212429455795
413.23,16.610469574685442
413.24,16.6088038513337
413.25,16.607214881836693
413.26,16.605702290791946
413.27,16.60426570494611
413.28,16.602904753182766
413.29,16.601619066510303
413.3,16.600408278049837
413.31,16.59927202302323
413.32,16.59820993874115
413.33,16.597221664591228
413.34,16.59630684202624
413.35,16.595465114552404
413.36,16.59469612771769
413.37,16.59399952910025
413.38,16.59337496829686
413.39,16.592822096911487
413.4,16.592340568543857
413.41,16.59193003877813
413.42,16.591590165171628
413.43,16.59132060724362
413.44,16.591121026464187
413.45,16.59099108624312
413.46,16.590930451918908
413.47,16.59093879074779
413.48,16.591015771892845
413.49,16.59116106641316
413.5,16.591374347253065
413.51,16.591655289231404
413.52,16.5920035690309
413.53,16.59241886518756
413.54,16.592900858080135
413.55,16.59344922991966
413.56,16.59406366473904
413.57,16.594743848382688
413.58,16.59548946849625
413.59,16.59630021451635
413.6,16.59717577766043
413.61,16.598115850916614
413.62,16.599120129033665
413.63,16.600188308510976
413.64,16.60132008758861
413.65,16.602515166237435
413.66,16.603773246149267
413.67,16.605094030727102
413.68,16.606477225075402
413.69,16.60792253599042
413.7,16.609429671950586
413.71,16.610998343106967
413.72,16.612628261273755
413.73,16.614319139918823
413.74,16.61607069415433
413.75,16.61788264072739
413.76,16.61975469801078
413.77,16.62168658599371
413.78,16.623678026272653
413.79,16.62572874204221
413.8,16.627838458086035
413.81,16.63000690076782
413.82,16.63223379802233
413.83,16.634518879346473
413.84,16.636861875790444
413.85,16.639262519948904
413.86,16.641720545952218
413.87,16.64423568945774
413.88,16.646807687641154
413.89,16.64943627918785
413.9,16.652121204284374
413.91,16.6548622046099
413.92,16.65765902332777
413.93,16.660511405077084
413.94,16.663419095964322
413.95,16.66638184355503
413.96,16.669399396865543
413.97,16.672471506354775
413.98,16.67559792391603
413.99,16.678778402868872
414.0,16.68201269795106
414.01,16.68530056531049
414.02,16.688641762497237
414.03,16.69203604845558
414.04,16.69548318351613
414.05,16.698982929387977
414.06,16.70253504915087
414.07,16.706139307247486
414.08,16.709795469475687
414.09,16.713503302980865
414.1,16.717262576248327
414.11,16.7210730590957
414.12,16.7249345226654
414.13,16.72884673941714
414.14,16.732809483120487
414.15,16.736822528847448
414.16,16.74088565296511
414.17,16.74499863312834
414.18,16.749161248272472
414.19,16.753373278606105
414.2,16.757634505603903
414.21,16.76194471199944
414.22,16.766303681778098
414.23,16.770711200169995
414.24,16.775167053642967
414.25,16.77967102989558
414.26,16.784222917850194
414.27,16.788822507646042
414.28,16.793469590632395
414.29,16.798163959361716
414.3,16.802905407582895
414.31,16.807693730234497
414.32,16.812528723438067
414.33,16.817410184491457
414.34,16.822337911862213
414.35,16.827311705180982
414.36,16.832331365234968
414.37,16.837396693961423
414.38,16.842507494441183
414.39,16.84766357089222
414.4,16.852864728663267
414.41,16.85811077422745
414.42,16.86340151517597
414.43,16.868736760211828
414.44,16.874116319143567
414.45,16.87954000287908
414.46,16.88500762341942
414.47,16.890518993852677
414.48,16.89607392834788
414.49,16.901672242148926
414.5,16.90731375156855
414.51,16.91299827398235
414.52,16.918725627822806
414.53,16.92449563257338
414.54,16.930308108762617
414.55,16.9361628779583
414.56,16.94205976276162
414.57,16.94799858680141
414.58,16.953979174728392
414.59,16.960001352209446
414.6,16.96606494592195
414.61,16.97216978354812
414.62,16.978315693769407
414.63,16.984502506260895
414.64,16.990730051685777
414.65,16.996998161689827
414.66,17.003306668895927
414.67,17.0096554068986
414.68,17.01604421025861
414.69,17.022472914497566
414.7,17.028941356092577
414.71,17.03544937247092
414.72,17.041996802004764
414.73,17.048583484005892
414.74,17.055209258720485
414.75,17.06187396732393
414.76,17.068577451915644
414.77,17.075319555513946
414.78,17.082100122050946
414.79,17.08891899636748
414.8,17.095776024208053
414.81,17.10267105221584
414.82,17.10960392792769
414.83,17.11657449976918
414.84,17.123582617049674
414.85,17.130628129957454
414.86,17.13771088955483
414.87,17.144830747773305
414.88,17.151987557408788
414.89,17.15918117211678
414.9,17.166411446407654
414.91,17.173678235641905
414.92,17.180981396025473
414.93,17.18832078460507
414.94,17.195696259263546
414.95,17.20310767871526
414.96,17.210554902501517
414.97,17.218037790986003
414.98,17.225556205350244
414.99,17.23311000758913
415.0,17.240699060506408
415.01,17.248323227710262
415.02,17.255982373608866
415.03,17.26367636340601
415.04,17.27140506309671
415.05,17.279168339462885
415.06,17.28696606006902
415.07,17.294798093257892
415.08,17.302664308146294
415.09,17.310564574620795
415.1,17.318498763333526
415.11,17.326466745697992
415.12,17.33446839388491
415.13,17.34250358081807
415.14,17.350572180170207
415.15,17.358674066358926
415.16,17.36680911454263
415.17,17.37497720061648
415.18,17.383178201208384
415.19,17.39141199367499
415.2,17.39967845609773
415.21,17.40797746727887
415.22,17.416308906737587
415.23,17.424672654706082
415.24,17.433068592125693
415.25,17.441496600643045
415.26,17.449956562606236
415.27,17.458448361061013
415.28,17.466971879747007
415.29,17.475527003093962
415.3,17.484113616218004
415.31,17.492731604917928
415.32,17.501380855671506
415.33,17.51006125563181
415.34,17.518772692623582
415.35,17.527515055139585
415.36,17.536288232337025
415.37,17.54509211403395
415.38,17.5539265907057
415.39,17.562791553481365
415.4,17.571686894140267
415.41,17.58061250510847
415.42,17.589568279455293
415.43,17.59855411088987
415.44,17.607569893757713
415.45,17.616615523037293
415.46,17.625690894336653
415.47,17.63479590389004
415.48,17.643930448554553
415.49,17.653094425806803
415.5,17.662287733739618
415.51,17.671510271058747
415.52,17.68076193707958
415.53,17.690042631723916
415.54,17.699352255516715
415.55,17.708690709582893
415.56,17.718057895644137
415.57,17.727453716015724
415.58,17.73687807360337
415.59,17.7463308719001
415.6,17.755812014983118
415.61,17.765321407510736
415.62,17.774858954719278
415.63,17.784424562420025
415.64,17.79401813699618
415.65,17.80363958539984
415.66,17.813288815148994
415.67,17.822965734324548
415.68,17.83267025156734
415.69,17.84240227607521
415.7,17.85216171760005
415.71,17.861948486444916
415.72,17.871762493461105
415.73,17.8816036500453
415.74,17.891471868136694
415.75,17.90136706021416
415.76,17.911289139293416
415.77,17.921238018924225
415.78,17.931213613187595
415.79,17.94121583669301
415.8,17.95124460457568
415.81,17.96129983249379
415.82,17.971381436625776
415.83,17.981489333667632
415.84,17.991623440830203
415.85,18.001783675836524
415.86,18.011969956919152
415.87,18.02218220281754
415.88,18.03242033277539
415.89,18.042684266538068
415.9,18.05297392434999
415.91,18.063289226952058
415.92,18.073630095579098
415.93,18.08399645195731
415.94,18.09438821830174
415.95,18.104805317313765
415.96,18.11524767217859
415.97,18.125715206562777
415.98,18.13620784461176
415.99,18.146725510947405
416.0,18.157268130665564
416.01,18.167835629333656
416.02,18.17842793298826
416.03,18.189044968132713
416.04,18.199686661734738
416.05,18.21035294122408
416.06,18.22104373449016
416.07,18.231758969879728
416.08,18.242498576194553
416.09,18.253262482689113
416.1,18.264050619068303
416.11,18.27486291548516
416.12,18.285699302538585
416.13,18.296559711271122
416.14,18.30744407316669
416.15,18.318352320148374
416.16,18.32928438457623
416.17,18.340240199245066
416.18,18.35121969738228
416.19,18.362222812645676
416.2,18.373249479121327
416.21,18.38429963132142
416.22,18.395373204182132
416.23,18.40647013306152
416.24,18.41759035373742
416.25,18.428733802405347
416.26,18.439900415676433
416.27,18.451090130575363
416.28,18.462302884538314
416.29,18.473538615410927
416.3,18.48479726144629
416.31,18.496078761302904
416.32,18.50738305404271
416.33,18.518710079129082
416.34,18.53005977642487
416.35,18.541432086190422
416.36,18.552826949081638
416.37,18.564244306148044
416.38,18.575684098830852
416.39,18.587146268961057
416.4,18.598630758757526
416.41,18.61013751082512
416.42,18.621666468152803
416.43,18.633217574111793
416.44,18.64479077245369
416.45,18.656386007308637
416.46,18.668003223183508
416.47,18.67964236496006
416.48,18.691303377893142
416.49,18.702986207608898
416.5,18.714690800102975
416.51,18.726417101738754
416.52,18.738165059245578
416.53,18.749934619717017
416.54,18.761725730609108
416.55,18.773538339738636
416.56,18.785372395281417
416.57,18.797227845770582
416.58,18.809104640094883
416.59,18.821002727497007
416.6,18.832922057571896
416.61,18.84486258026509
416.62,18.856824245871067
416.63,18.8688070050316
416.64,18.88081080873411
416.65,18.892835608310072
416.66,18.904881355433375
416.67,18.916948002118726
416.68,18.929035500720065
416.69,18.941143803928973
416.7,18.953272864773105
416.71,18.965422636614626
416.72,18.977593073148654
416.73,18.98978412840173
416.74,19.001995756730267
416.75,19.01422791281904
416.76,19.02648055167968
416.77,19.03875362864914
416.78,19.051047099388235
416.79,19.063360919880143
416.8,19.075695046428926
416.81,19.08804943565807
416.82,19.100424044509037
416.83,19.112818830239796
416.84,19.12523375042341
416.85,19.137668762946593
416.86,19.150123826008304
416.87,19.16259889811832
416.88,19.17509393809585
416.89,19.18760890506814
416.9,19.200143758469082
416.91,19.21269845803786
416.92,19.225272963817563
416.93,19.237867236153846
416.94,19.250481235693574
416.95,19.263114923383483
416.96,19.275768260468862
416.97,19.288441208492223
416.98,19.301133729291987
416.99,19.313845785001185
417.0,19.326577338046167
417.01,19.339328351145305
417.02,19.35209878730772
417.03,19.36488860983202
417.04,19.37769778230502
417.05,19.390526268600514
417.06,19.403374032878006
417.07,19.416241039581486
417.08,19.4291272534382
417.09,19.44203263945743
417.1,19.454957162929283
417.11,19.467900789423478
417.12,19.48086348478816
417.13,19.493845215148706
417.14,19.50684594690655
417.15,19.519865646738005
417.16,19.532904281593094
417.17,19.545961818694405
417.18,19.559038225535936
417.19,19.572133469881944
417.2,19.58524751976583
417.21,19.598380343488994
417.22,19.611531909619732
417.23,19.62470218699211
417.24,19.637891144704867
417.25,19.651098752120323
417.26,19.664324978863284
417.27,19.67756979481996
417.28,19.69083317013689
417.29,19.704115075219885
417.3,19.717415480732953
417.31,19.730734357597253
417.32,19.744071676990057
417.33,19.7574274103437
417.34,19.77080152934455
417.35,19.78419400593199
417.36,19.797604812297404
417.37,19.81103392088315
417.38,19.82448130438157
417.39,19.837946935733996
417.4,19.851430788129743
417.41,19.864932835005153
417.42,19.87845305004259
417.43,19.891991407169495
417.44,19.905547880557407
417.45,19.919122444621014
417.46,19.932715074017207
417.47,19.946325743644127
417.48,19.95995442864024
417.49,19.973601104383405
417.5,19.987265746489943
417.51,20.00094833081373
417.52,20.014648833445282
417.53,20.028367230710852
417.54,20.04210349917154
417.55,20.055857615622383
417.56,20.069629557091492
417.57,20.083419300839164
417.58,20.09722682435701
417.59,20.11105210536708
417.6,20.124895121821027
417.61,20.13875585189923
417.62,20.152634274009962
417.63,20.166530366788535
417.64,20.180444109096477
417.65,20.1943754800207
417.66,20.208324458872664
417.67,20.22229102518758
417.68,20.236275158723586
417.69,20.250276839460945
417.7,20.26429604760124
417.71,20.278332763566585
417.72,20.292386967998844
417.73,20.306458641758837
417.74,20.320547765925568
417.75,20.33465432179545
417.76,20.348778290881558
417.77,20.36291965491284
417.78,20.37707839583339
417.79,20.391254495801682
417.8,20.405447937189845
417.81,20.419658702582904
417.82,20.43388677477807
417.83,20.448132136784
417.84,20.462394771820083
417.85,20.476674663315723
417.86,20.490971794909626
417.87,20.505286150449106
417.88,20.519617713989376
417.89,20.533966469792862
417.9,20.54833240232851
417.91,20.562715496271096
417.92,20.577115736500573
417.93,20.59153310810137
417.94,20.605967596361744
417.95,20.620419186773105
417.96,20.634887865029377
417.97,20.649373617026328
417.98,20.66387642886093
417.99,20.67839628683073
418.0,20.692933177433186
418.01,20.707487087365063
418.02,20.722058003521795
418.03,20.736645912996863
418.04,20.751250803081184
418.05,20.765872661262495
418.06,20.780511475224746
418.07,20.7951672328475
418.08,20.80983992220534
418.09,20.82452953156728
418.1,20.83923604939616
418.11,20.853959464348087
418.12,20.868699765271845
418.13,20.883456941208326
418.14,20.898230981389958
418.15,20.91302187524015
418.16,20.92782961237273
418.17,20.942654182591383
418.18,20.95749557588912
418.19,20.972353782447716
418.2,20.987228792637183
418.21,21.002120597015224
418.22,21.01702918632672
418.23,21.031954551503187
418.24,21.046896683662258
418.25,21.06185557410717
418.26,21.076831214326255
418.27,21.091823595992427
418.28,21.106832710962678
418.29,21.12185855127758
418.3,21.136901109160792
418.31,21.151960377018575
418.32,21.167036347439293
418.33,21.182129013192945
418.34,21.197238367230682
418.35,21.212364402684333
418.36,21.227507112865943
418.37,21.242666491267304
418.38,21.257842531559497
418.39,21.273035227592437
418.4,21.28824457339442
418.41,21.303470563171675
418.42,21.31871319130793
418.43,21.33397245236396
418.44,21.349248341077168
418.45,21.36454085236114
418.46,21.379849981305235
418.47,21.39517572317414
418.48,21.41051807340748
418.49,21.425877027619386
418.5,21.441252581598086
418.51,21.456644731305506
418.52,21.472053472876873
418.53,21.4874788026203
418.54,21.502920717016412
418.55,21.518379212717946
418.56,21.533854286549364
418.57,21.54934593550648
418.58,21.564854156756073
418.59,21.580378947635523
418.6,21.595920305652438
418.61,21.61147822848428
418.62,21.627052713978014
418.63,21.642643760149745
418.64,21.65825136518437
418.65,21.673875527435214
418.66,21.6895162454237
418.67,21.705173517838997
418.68,21.72084734353768
418.69,21.736537721543407
418.7,21.752244651046567
418.71,21.767968131403975
418.72,21.783708162138534
418.73,21.79946474293892
418.74,21.815237873659264
418.75,21.831027554318844
418.76,21.84683378510177
418.77,21.86265656635668
418.78,21.878495898596444
418.79,21.894351782497864
418.8,21.91022421890138
418.81,21.926113208810772
418.82,21.942018753392887
418.83,21.95794085397734
418.84,21.973879512056257
418.85,21.98983472928397
418.86,22.00580650747677
418.87,22.021794848612622
418.88,22.03779975483091
418.89,22.053821228432174
418.9,22.06985927187784
418.91,22.08591388778998
418.92,22.10198507895106
418.93,22.11807284830368
418.94,22.134177198950336
418.95,22.150298134153193
418.96,22.166435657333825
418.97,22.182589772072998
418.98,22.19876048211043
418.99,22.21494779134457
419.0,22.231151703832378
419.01,22.247372223789096
419.02,22.263609355588034
419.03,22.27986310376036
419.04,22.29613347299489
419.05,22.312420468137876
419.06,22.32872409419282
419.07,22.345044356320244
419.08,22.36138125983753
419.09,22.377734810218694
419.1,22.394105013094226
419.11,22.410491874250877
419.12,22.42689539963149
419.13,22.443315595334827
419.14,22.459752467615377
419.15,22.476206022883193
419.16,22.49267626770372
419.17,22.50916320879763
419.18,22.525666853040658
419.19,22.54218720746344
419.2,22.558724279251354
419.21,22.57527807574438
419.22,22.591848604436933
419.23,22.608435872977726
419.24,22.625039889169628
419.25,22.641660660969514
419.26,22.658298196488136
419.27,22.67495250398999
419.28,22.691623591893173
419.29,22.70831146876927
419.3,22.72501614334323
419.31,22.741737624493222
419.32,22.75847592125055
419.33,22.77523104279951
419.34,22.792002998477294
419.35,22.80879179777388
419.36,22.825597450331916
419.37,22.842419965946632
419.38,22.85925935456573
419.39,22.876115626289295
419.4,22.892988791369696
419.41,22.909878860211503
419.42,22.92678584337139
419.43,22.943709751558067
419.44,22.960650595632185
419.45,22.97760838660626
419.46,22.99458313564461
419.47,23.011574854063273
419.48,23.02858355332994
419.49,23.045609245063897
419.5,23.062651941035952
419.51,23.07971165316839
419.52,23.096788393534897
419.53,23.113882174360533
419.54,23.13099300802166
419.55,23.148120907045907
419.56,23.16526588411212
419.57,23.18242795205033
419.58,23.1996071238417
419.59,23.216803412618514
419.6,23.234016831664118
419.61,23.25124739441291
419.62,23.268495114450314
419.63,23.285760005512746
419.64,23.303042081487604
419.65,23.32034135641325
419.66,23.337657844478993
419.67,23.354991560025088
419.68,23.37234251754271
419.69,23.38971073167397
419.7,23.407096217211897
419.71,23.424498989100453
419.72,23.44191906243453
419.73,23.459356452459957
419.74,23.476811174573516
419.75,23.494283244322947
419.76,23.51177267740697
419.77,23.529279489675304
419.78,23.546803697128688
419.79,23.56434531591891
419.8,23.581904362348833
419.81,23.599480852872418
419.82,23.617074804094774
419.83,23.634686232772182
419.84,23.652315155812143
419.85,23.669961590273417
419.86,23.68762555336607
419.87,23.70530706245152
419.88,23.723006135042603
419.89,23.740722788803602
419.9,23.758457041550336
419.91,23.776208911250194
419.92,23.793978416022213
419.93,23.81176557413714
419.94,23.82957040401751
419.95,23.847392924237703
419.96,23.86523315352403
419.97,23.88309111075482
419.98,23.900966814960476
419.99,23.91886028532359
420.0,23.936771541179002
420.01,23.95470060201391
420.02,23.972647487467963
420.03,23.990612217333343
420.04,24.00859481155487
420.05,24.026595290230123
420.06,24.044613673609508
420.07,24.0626499820964
420.08,24.080704236247236
420.09,24.09877645677164
420.1,24.11686666453252
420.11,24.134974880546217
420.12,24.15310112598261
420.13,24.17124542216523
420.14,24.189407790571426
420.15,24.207588252832455
420.16,24.22578683073364
420.17,24.244003546214508
420.18,24.26223842136892
420.19,24.280491478445224
420.2,24.2987627398464
420.21,24.317052228130198
420.22,24.33535996600931
420.23,24.353685976351507
420.24,24.37203028217981
420.25,24.39039290667265
420.26,24.40877387316402
420.27,24.42717320514366
420.28,24.445590926257218
420.29,24.46402706030642
420.3,24.482481631249257
420.31,24.50095466320015
420.32,24.519446180430148
420.33,24.5379562073671
420.34,24.55648476859585
420.35,24.575031888858433
420.36,24.59359759305426
420.37,24.612181906240313
420.38,24.63078485363136
420.39,24.649406460600147
420.4,24.668046752677604
420.41,24.68670575555306
420.42,24.705383495074454
420.43,24.72407999724855
420.44,24.742795288241147
420.45,24.761529394377323
420.46,24.780282342141632
420.47,24.79905415817835
420.48,24.8178448692917
420.49,24.83665450244609
420.5,24.85548308476634
420.51,24.87433064353793
420.52,24.893197206207244
420.53,24.912082800381807
420.54,24.930987453830546
420.55,24.949911194484038
420.56,24.968854050434757
420.57,24.987816049937344
420.58,25.00679722140886
420.59,25.02579759342906
420.6,25.044817194740652
420.61,25.06385605424957
420.62,25.08291420102525
420.63,25.10199166430091
420.64,25.121088473473822
420.65,25.1402046581056
420.66,25.159340247922483
420.67,25.17849527281564
420.68,25.19766976284144
420.69,25.216863748221762
420.7,25.2360772593443
420.71,25.255310326762842
420.72,25.2745629811976
420.73,25.293835253535512
420.74,25.31312717483054
420.75,25.33243877630401
420.76,25.351770089344907
420.77,25.371121145510212
420.78,25.39049197652522
420.79,25.40988261428387
420.8,25.429293090849075
420.81,25.44872343845306
420.82,25.4681736894977
420.83,25.487643876554856
420.84,25.507134032366718
420.85,25.526644189846166
420.86,25.54617438207711
420.87,25.56572464231484
420.88,25.585295003986403
420.89,25.60488550069094
420.9,25.624496166200068
420.91,25.64412703445824
420.92,25.663778139583115
420.93,25.683449515865938
420.94,25.703141197771917
420.95,25.722853219940596
420.96,25.742585617186247
420.97,25.76233842449826
420.98,25.78211167704153
420.99,25.80190541015685
421.0,25.821719659361307
421.01,25.8415544603487
421.02,25.861409848989922
421.03,25.88128586133339
421.04,25.901182533605432
421.05,25.921099902210734
421.06,25.941038003732732
421.07,25.960996874934047
421.08,25.980976552756903
421.09,26.000977074323572
421.1,26.020998476936793
421.11,26.041040798080207
421.12,26.061104075418807
421.13,26.08118834679938
421.14,26.10129365025094
421.15,26.121420023985205
421.16,26.141567506397028
421.17,26.161736136064864
421.18,26.181925951751232
421.19,26.20213699240318
421.2,26.22236929715275
421.21,26.242622905317457
421.22,26.262897856400766
421.23,26.28319419009256
421.24,26.303511946269634
421.25,26.32385116499618
421.26,26.34421188652429
421.27,26.364594151294412
421.28,26.3849979999359
421.29,26.405423473267486
421.3,26.425870612297786
421.31,26.446339458225815
421.32,26.46683005244151
421.33,26.487342436526227
421.34,26.507876652253287
421.35,26.528432741588478
421.36,26.5490107466906
421.37,26.569610709911984
421.38,26.590232673799047
421.39,26.61087668109282
421.4,26.63154277472949
421.41,26.652230997840956
421.42,26.672941393755384
421.43,26.69367400599775
421.44,26.714428878290416
421.45,26.735206054553686
421.46,26.756005578906375
421.47,26.77682749566638
421.48,26.797671849351264
421.49,26.818538684678828
421.5,26.839428046567697
421.51,26.860339980137912
421.52,26.881274530711522
421.53,26.902231743813182
421.54,26.92321166517075
421.55,26.9442143407159
421.56,26.965239816584713
421.57,26.986288139118315
421.58,27.007359354863482
421.59,27.028453510573264
421.6,27.049570653207606
421.61,27.070710829933986
421.62,27.091874088128048
421.63,27.113060475374237
421.64,27.134270039466447
421.65,27.15550282840867
421.66,27.176758890415645
421.67,27.19803827391351
421.68,27.219341027540473
421.69,27.24066720014747
421.7,27.26201684079884
421.71,27.283389998772986
421.72,27.304786723563076
421.73,27.326207064877707
421.74,27.3476510726416
421.75,27.36911879699629
421.76,27.390610288300827
421.77,27.412125597132473
421.78,27.43366477428741
421.79,27.455227870781453
421.8,27.47681493785075
421.81,27.49842602695253
421.82,27.520061189765794
421.83,27.541720478192076
421.84,27.56340394435615
421.85,27.585111640606787
421.86,27.60684361951749
421.87,27.628599933887248
421.88,27.65038063674128
421.89,27.672185781331795
421.9,27.69401542113876
421.91,27.71586960987067
421.92,27.737748401465304
421.93,27.75965185009052
421.94,27.781580010145035
421.95,27.803532936259195
421.96,27.82551068329579
421.97,27.847513306350834
421.98,27.869540860754377
421.99,27.89159340207131
422.0,27.91367098610218
422.01,27.935773668883993
422.02,27.95790150669106
422.03,27.980054556035803
422.04,28.002232873669605
422.05,28.024436516583638
422.06,28.046665542009706
422.07,28.0689200074211
422.08,28.09119997053345
422.09,28.113505489305577
422.1,28.13583662194037
422.11,28.158193426885646
422.12,28.180575962835025
422.13,28.202984288728825
422.14,28.225418463754927
422.15,28.24787854734969
422.16,28.27036459919882
422.17,28.292876679238304
422.18,28.315414847655294
422.19,28.33797916488903
422.2,28.360569691631767
422.21,28.383186488829683
422.22,28.405829617683825
422.23,28.428499139651038
422.24,28.451195116444914
422.25,28.47391761003673
422.26,28.496666682656407
422.27,28.519442396793476
422.28,28.542244815198035
422.29,28.565074000881722
422.3,28.587930017118694
422.31,28.610812927446606
422.32,28.633722795667612
422.33,28.65665968584935
422.34,28.679623662325938
422.35,28.702614789699002
422.36,28.72563313283867
422.37,28.748678756884598
422.38,28.771751727246993
422.39,28.79485210960766
422.4,28.81797996992102
422.41,28.84113537441516
422.42,28.864318389592896
422.43,28.88752908223282
422.44,28.91076751939036
422.45,28.934033768398866
422.46,28.957327896870662
422.47,28.98064997269815
422.48,29.004000064054893
422.49,29.027378239396707
422.5,29.050784567462774
422.51,29.074219117276733
422.52,29.097681958147817
422.53,29.12117315967196
422.54,29.14469279173294
422.55,29.168240924503497
422.56,29.191817628446493
422.57,29.215422974316056
422.58,29.23905703315873
422.59,29.262719876314648
422.6,29.286411575418704
422.61,29.310132202401718
422.62,29.33388182949163
422.63,29.357660529214698
422.64,29.38146837439668
422.65,29.40530543816405
422.66,29.429171793945216
422.67,29.45306751547173
422.68,29.476992676779528
422.69,29.500947352210147
422.7,29.524931616411983
422.71,29.548945544341542
422.72,29.572989211264684
422.73,29.5970626927579
422.74,29.621166064709573
422.75,29.645299403321278
422.76,29.669462785109047
422.77,29.693656286904677
422.78,29.717879985857024
422.79,29.742133959433332
422.8,29.766418285420528
422.81,29.790733041926565
422.82,29.815078307381754
422.83,29.839454160540097
422.84,29.86386068048065
422.85,29.88829794660887
422.86,29.91276603865799
422.87,29.937265036690388
422.88,29.96179502109898
422.89,29.986356072608594
422.9,30.010948272277382
422.91,30.035571701498224
422.92,30.060226442000147
422.93,30.084912575849742
422.94,30.109630185452602
422.95,30.134379353554767
422.96,30.159160163244167
422.97,30.183972697952083
422.98,30.208817041454616
422.99,30.233693277874163
423.0,30.258601491680903
423.01,30.283541767694285
423.02,30.308514191084537
423.03,30.333518847374176
423.04,30.358555822439524
423.05,30.383625202512242
423.06,30.408727074180874
423.07,30.433861524392384
423.08,30.459028640453717
423.09,30.484228510033372
423.1,30.50946122116297
423.11,30.534726862238838
423.12,30.56002552202361
423.13,30.58535728964784
423.14,30.61072225461158
423.15,30.636120506786053
423.16,30.661552136415246
423.17,30.687017234117572
423.18,30.712515890887516
423.19,30.738048198097303
423.2,30.76361424749857
423.21,30.789214131224035
423.22,30.81484794178921
423.23,30.840515772094093
423.24,30.866217715424877
423.25,30.89195386545568
423.26,30.917724316250276
423.27,30.94352916226384
423.28,30.969368498344696
423.29,30.995242419736094
423.3,31.021151022077973
423.31,31.04709440140875
423.32,31.073072654167124
423.33,31.099085877193872
423.34,31.125134167733677
423.35,31.15121762343695
423.36,31.17733634236167
423.37,31.203490422975246
423.38,31.229679964156368
423.39,31.25590506519688
423.4,31.282165825803673
423.41,31.308462346100576
423.42,31.33479472663026
423.43,31.361163068356166
423.44,31.38756747266443
423.45,31.41400804136582
423.46,31.4404848766977
423.47,31.466998081325986
423.48,31.493547758347137
423.49,31.520134011290132
423.5,31.546756944118467
423.51,31.573416661232187
423.52,31.600113267469894
423.53,31.626846868110796
423.54,31.65361756887675
423.55,31.68042547593433
423.56,31.7072706958969
423.57,31.734153335826694
423.58,31.761073503236933
423.59,31.78803130609392
423.6,31.81502685281918
423.61,31.842060252291592
423.62,31.86913161384954
423.63,31.896241047293078
423.64,31.92338866288611
423.65,31.950574571358583
423.66,31.977798883908683
423.67,32.00506171220506
423.68,32.03236316838907
423.69,32.05970336507698
423.7,32.087082415362275
423.71,32.114500432817906
423.72,32.141957531498576
423.73,32.16945382594305
423.74,32.196989431176455
423.75,32.22456446271262
423.76,32.25217903655641
423.77,32.27983326920611
423.78,32.30752727765574
423.79,32.33526117939749
423.8,32.36303509242412
423.81,32.390849135231335
423.82,32.41870342682026
423.83,32.44659808669986
423.84,32.47453323488939
423.85,32.50250899192092
423.86,32.53052547884175
423.87,32.558582817216994
423.88,32.58668112913203
423.89,32.614820537195094
423.9,32.64300116453979
423.91,32.67122313482769
423.92,32.6994865722509
423.93,32.72779160153465
423.94,32.75613834793994
423.95,32.78452693726614
423.96,32.812957495853674
423.97,32.84143015058664
423.98,32.86994502889552
423.99,32.89850225875988
424.0,32.92710196871108
424.01,32.95574428783498
424.02,32.984429345774736
424.03,33.01315727273352
424.04,33.04192819947734
424.05,33.070742257337805
424.06,33.09959957821496
424.07,33.12850029458014
424.08,33.15744453947878
424.09,33.18643244653331
424.1,33.21546414994605
424.11,33.2445397845021
424.12,33.27365948557228
424.13,33.30282338911605
424.14,33.332031631684494
424.15,33.3612843504233
424.16,33.39058168307572
424.17,33.41992376798566
424.18,33.44931074410063
424.19,33.47874275097486
424.2,33.50821992877236
424.21,33.537742418270014
424.22,33.56731036086067
424.23,33.5969238985563
424.24,33.62658317399116
424.25,33.65628833042492
424.26,33.68603951174591
424.27,33.71583686247429
424.28,33.7456805277653
424.29,33.77557065341253
424.3,33.80550738585115
424.31,33.83549087216125
424.32,33.865521260071134
424.33,33.89559869796066
424.34,33.925723334864585
424.35,33.95589532047599
424.36,33.98611480514962
424.37,34.016381939905344
424.38,34.04669687643159
424.39,34.07705976708881
424.4,34.10747076491298
424.41,34.13793002361909
424.42,34.16843769760469
424.43,34.19899394195344
424.44,34.2295989124387
424.45,34.260252765527134
424.46,34.2909556583823
424.47,34.321707748868334
424.48,34.35250919555361
424.49,34.383360157714435
424.5,34.41426079533876
424.51,34.44521126912994
424.52,34.47621174051048
424.53,34.507262371625835
424.54,34.538363325348236
424.55,34.569514765280516
424.56,34.60071685575998
424.57,34.63196976186229
424.58,34.66327364940538
424.59,34.69462868495342
424.6,34.72603503582074
424.61,34.757492870075865
424.62,34.789002356545495
424.63,34.82056366481857
424.64,34.85217696525035
424.65,34.88384242896648
424.66,34.91556022786714
424.67,34.94733053463118
424.68,34.9791535227203
424.69,35.01102936638329
424.7,35.04295824066019
424.71,35.07494032138661
424.72,35.106975785198
424.73,35.139064809533956
424.74,35.17120757264257
424.75,35.20340425358482
424.76,35.23565503223895
424.77,35.2679600893049
424.78,35.300319606308776
424.79,35.33273376560734
424.8,35.36520275039251
424.81,35.39772674469595
424.82,35.4303059333936
424.83,35.46294050221031
424.84,35.49563063772448
424.85,35.52837652737272
424.86,35.561178359454566
424.87,35.594036323137196
424.88,35.6269506084602
424.89,35.65992140634037
424.9,35.69294890857656
424.91,35.72603330785449
424.92,35.75917479775168
424.93,35.79237357274236
424.94,35.82562982820244
424.95,35.858943760414455
424.96,35.89231556657266
424.97,35.92574544478805
424.98,35.95923359409342
424.99,35.99278021444856
425.0,36.02638550674535
425.01,36.06004967281301
425.02,36.09377291542328
425.03,36.127555438295715
425.04,36.16139744610299
425.05,36.19529914447621
425.06,36.22926074001031
425.07,36.26328244026944
425.08,36.29736445379243
425.09,36.33150699009826
425.1,36.365710259691575
425.11,36.39997447406826
425.12,36.434299845721014
425.13,36.468686588145
425.14,36.5031349158435
425.15,36.53764504433365
425.16,36.57221719015215
425.17,36.60685157086108
425.18,36.641548405053726
425.19,36.67630791236043
425.2,36.71113031345451
425.21,36.746015830058205
425.22,36.780964684948664
425.23,36.81597710196398
425.24,36.85105330600925
425.25,36.88619352306269
425.26,36.921397980181794
425.27,36.956666905509536
425.28,36.9920005282806
425.29,37.027399078827656
425.3,37.062862788587715
425.31,37.098391890108466
425.32,37.13398661705472
425.33,37.169647204214826
425.34,37.20537388750723
425.35,37.24116690398698
425.36,37.27702649185233
425.37,37.312952890451406
425.38,37.34894634028885
425.39,37.385007083032576
425.4,37.42113536152056
425.41,37.45733141976764
425.42,37.49359550297241
425.43,37.52992785752414
425.44,37.56632873100975
425.45,37.6027983722208
425.46,37.63933703116062
425.47,37.675944959051364
425.48,37.71262240834122
425.49,37.74936963271162
425.5,37.786186887084504
425.51,37.823074427629656
425.52,37.860032511772054
425.53,37.89706139819932
425.54,37.93416134686919
425.55,37.971332619017026
425.56,38.00857547716343
425.57,38.04589018512188
425.58,38.083277008006384
425.59,38.12073621223928
425.6,38.15826806555899
425.61,38.195872837027935
425.62,38.23355079704038
425.63,38.27130221733046
425.64,38.30912737098017
425.65,38.34702653242749
425.66,38.38499997747449
425.67,38.423047983295554
425.68,38.46117082844561
425.69,38.499368792868495
425.7,38.5376421579053
425.71,38.57599120630283
425.72,38.614416222222076
425.73,38.6529174912468
425.74,38.69149530039215
425.75,38.73014993811336
425.76,38.76888169431447
425.77,38.80769086035717
425.78,38.846577729069644
425.79,38.88554259475554
425.8,38.924585753202955
425.81,38.9637075016935
425.82,39.00290813901147
425.83,39.042187965453
425.84,39.081547282835395
425.85,39.120986394506396
425.86,39.16050560535365
425.87,39.20010522181414
425.88,39.23978555188376
425.89,39.27954690512693
425.9,39.319389592686235
425.91,39.35931392729224
425.92,39.3993202232733
425.93,39.43940879656543
425.94,39.47957996472232
425.95,39.519834046925354
425.96,39.560171363993746
425.97,39.60059223839473
425.98,39.64109699425384
425.99,39.68168595736525
426.0,39.72235945520218
426.01,39.76311781692745
426.02,39.80396137340399
426.03,39.84489045720558
426.04,39.88590540262751
426.05,39.92700654569744
426.06,39.9681942241863
426.07,40.009468777619254
426.08,40.05083054728678
426.09,40.0922798762558
426.1,40.13381710938093
426.11,40.17544259331576
426.12,40.21715667652428
426.13,40.25895970929238
426.14,40.30085204373935
426.15,40.342834033829625
426.16,40.38490603538448
426.17,40.42706840609388
426.18,40.46932150552839
426.19,40.51166569515122
426.2,40.554101338330305
426.21,40.5966288003505
426.22,40.63924844842589
426.23,40.68196065171216
426.24,40.72476578131909
426.25,40.767664210323105
426.26,40.81065631377995
426.27,40.85374246873749
426.28,40.896923054248504
426.29,40.94019845138372
426.3,40.98356904324484
426.31,41.02703521497771
426.32,41.070597353785566
426.33,41.11425584894243
426.34,41.15801109180655
426.35,41.201863475834
426.36,41.24581339659234
426.37,41.289861251774376
426.38,41.3340074412121
426.39,41.37825236689064
426.4,41.4225964329624
426.41,41.467040045761244
426.42,41.51158361381684
426.43,41.55622754786909
426.44,41.6009722608827
426.45,41.64581816806179
426.46,41.690765686864715
426.47,41.73581523701896
426.48,41.78096724053612
426.49,41.82622212172705
426.5,41.87158030721709
426.51,41.91704222596144
426.52,41.96260830926065
426.53,42.008278990776226
426.54,42.054054706546346
426.55,42.09993589500173
426.56,42.145922996981604
426.57,42.19201645574983
426.58,42.238216717011106
426.59,42.28452422892736
426.6,42.330939442134216
426.61,42.37746280975763
426.62,42.42409478743064
426.63,42.470835833310254
426.64,42.51768640809446
426.65,42.56464697503942
426.66,42.61171799997673
426.67,42.658899951330866
426.68,42.70619330013674
426.69,42.75359852005745
426.7,42.80111608740211
426.71,42.84874648114384
426.72,42.896490182937946
426.73,42.944347677140165
426.74,42.99231945082514
426.75,43.040405993804995
426.76,43.088607798648056
426.77,43.13692536069775
426.78,43.185359178091666
426.79,43.23390975178071
426.8,43.28257758554848
426.81,43.33136318603078
426.82,43.38026706273527
426.83,43.42928972806131
426.84,43.47843169731994
426.85,43.52769348875403
426.86,43.5770756235586
426.87,43.626578625901296
426.88,43.676203022943064
426.89,43.72594934485895
426.9,43.77581812485908
426.91,43.825809899209865
426.92,43.8759252072553
426.93,43.9261645914385
426.94,43.97652859732338
426.95,44.02701777361654
426.96,44.0776326721893
426.97,44.12837384809995
426.98,44.17924185961615
426.99,44.23023726823755
427.0,44.2813606387186
427.01,44.3326125390915
427.02,44.38399354068938
427.03,44.43550421816969
427.04,44.48714514953773
427.05,44.53891691617045
427.06,44.59082010284037
427.07,44.642855297739764
427.08,44.69502309250501
427.09,44.74732408224118
427.1,44.799758865546764
427.11,44.852328044538716
427.12,44.9050322248776
427.13,44.957872015793015
427.14,45.01084803010921
427.15,45.063960884270934
427.16,45.117211198369475
427.17,45.17059959616894
427.18,45.22412670513278
427.19,45.277793156450485
427.2,45.33159958506455
427.21,45.38554662969768
427.22,45.43963493288015
427.23,45.49386514097753
427.24,45.54823790421852
427.25,45.60275387672307
427.26,45.6574137165308
427.27,45.71221808562956
427.28,45.7671676499843
427.29,45.822263079566206
427.3,45.877505048382
427.31,45.9328942345036
427.32,45.988431320097966
427.33,46.04411699145723
427.34,46.09995193902906
427.35,46.15593685744735
427.36,46.212072445563095
427.37,46.2683594064756
427.38,46.32479844756392
427.39,46.38139028051862
427.4,46.43813562137374
427.41,46.4950351905391
427.42,46.55208971283289
427.43,46.60929991751449
427.44,46.66666653831765
427.45,46.72419031348389
427.46,46.78187198579624
427.47,46.83971230261329
427.48,46.89771201590348
427.49,46.95587188227974
427.5,47.014192663034436
427.51,47.072675124174616
427.52,47.131320036457545
427.53,47.190128175426594
427.54,47.249100321447436
427.55,47.30823725974454
427.56,47.367539780438015
427.57,47.427008678580805
427.58,47.48664475419615
427.59,47.54644881231543
427.6,47.606421663016356
427.61,47.66656412146146
427.62,47.72687700793699
427.63,47.78736114789208
427.64,47.84801737197833
427.65,47.90884651608975
427.66,47.96984942140301
427.67,48.03102693441809
427.68,48.092379906999284
427.69,48.15390919641662
427.7,48.21561566538759
427.71,48.27750018211927
427.72,48.33956362035088
427.73,48.40180685939668
427.74,48.46423078418925
427.75,48.526836285323206
427.76,48.5896242590993
427.77,48.6525956075689
427.78,48.715751238578896
427.79,48.77909206581703
427.8,48.84261900885763
427.81,48.906332993207755
427.82,48.970234950353785
427.83,49.03432581780842
427.84,49.09860653915815
427.85,49.1630780641111
427.86,49.22774134854538
427.87,49.29259735455788
427.88,49.35764705051345
427.89,49.422891411094625
427.9,49.48833141735175
427.91,49.553968056753625
427.92,49.61980232323855
427.93,49.68583521726594
427.94,49.752067745868324
427.95,49.81850092270392
427.96,49.885135768109656
427.97,49.95197330915469
427.98,50.01901457969443
427.99,50.08626062042511
428.0,50.153712478938814
428.01,50.22137120977907
428.02,50.28923787449694
428.03,50.357313541707654
428.04,50.42559928714778
428.05,50.49409619373296
428.06,50.56280535161612
428.07,50.63172785824634
428.08,50.70086481842821
428.09,50.77021734438176
428.1,50.839786555803016
428.11,50.90957357992505
428.12,50.979579551579704
428.13,51.04980561325984
428.14,51.12025291518224
428.15,51.19092261535105
428.16,51.26181587962189
428.17,51.33293388176659
428.18,51.40427780353848
428.19,51.47584883473838
428.2,51.54764817328122
428.21,51.61967702526326
428.22,51.69193660503004
428.23,51.76442813524492
428.24,51.837152846958325
428.25,51.91011197967766
428.26,51.9833067814379
428.27,52.05673850887289
428.28,52.1304084272873
428.29,52.204317810729364
428.3,52.278467942064246
428.31,52.35286011304818
428.32,52.42749562440334
428.33,52.502375785893435
428.34,52.577501916400024
428.35,52.65287534399967
428.36,52.72849740604174
428.37,52.80436944922711
428.38,52.88049282968752
428.39,52.95686891306582
428.4,53.03349907459697
428.41,53.110384699189844
428.42,53.18752718150987
428.43,53.2649279260625
428.44,53.34258834727748
428.45,53.420509869594014
428.46,53.49869392754675
428.47,53.577141965852654
428.48,53.655855439498715
428.49,53.734835813830614
428.5,53.814084564642194
428.51,53.89360317826593
428.52,53.97339315166421
428.53,54.05345599252168
428.54,54.13379321933836
428.55,54.214406361523864
428.56,54.295296959492475
428.57,54.376466564759234
428.58,54.457916740037014
428.59,54.53964905933457
428.6,54.62166510805559
428.61,54.703966483098775
428.62,54.78655479295897
428.63,54.86943165782927
428.64,54.952598709704255
428.65,55.036057592484234
428.66,55.119809962080595
428.67,55.203857486522224
428.68,55.28820184606305
428.69,55.37284473329071
428.7,55.45778785323629
428.71,55.543032923485285
428.72,55.62858167428966
428.73,55.714435848681106
428.74,55.80059720258546
428.75,55.88706750493835
428.76,55.973848537802034
428.77,56.060942096483465
428.78,56.148349989653596
428.79,56.236074039467965
428.8,56.324116081688516
428.81,56.41247796580674
428.82,56.50116155516807
428.83,56.59016872709766
428.84,56.679501373027456
428.85,56.769161398624604
428.86,56.85915072392125
428.87,56.94947128344574
428.88,57.040125026355156
428.89,57.13111391656934
428.9,57.222439932906305
428.91,57.314105069219096
428.92,57.40611133453417
428.93,57.498460753191175
428.94,57.591155364984346
428.95,57.68419722530532
428.96,57.77758840528754
428.97,57.871330991952235
428.98,57.96542708835594
428.99,58.059878813739644
429.0,58.15468830367956
429.01,58.24985771023951
429.02,58.34538920212496
429.03,58.441284964838815
429.04,58.5375472008388
429.05,58.63417812969664
429.06,58.73117998825898
429.07,58.828555030810016
429.08,58.92630552923598
429.09,59.02443377319138
429.1,59.12294207026712
429.11,59.22183274616042
429.12,59.321108144846676
429.13,59.42077062875315
429.14,59.520822578934656
429.15,59.621266395251155
429.16,59.72210449654733
429.17,59.823339320834165
429.18,59.92497332547255
429.19,60.02700898735892
429.2,60.12944880311299
429.21,60.23229528926761
429.22,60.33555098246068
429.23,60.4392184396293
429.24,60.54330023820605
429.25,60.64779897631752
429.26,60.752717272985024
429.27,60.85805776832768
429.28,60.963823123767675
429.29,61.07001602223792
429.3,61.176639168392086
429.31,61.283695288816936
429.32,61.39118713224719
429.33,61.499117469782746
429.34,61.60748909510842
429.35,61.716304824716225
429.36,61.825567498130134
429.37,61.93527997813349
429.38,62.04544515099896
429.39,62.15606592672121
429.4,62.267145239252194
429.41,62.37868604673919
429.42,62.4906913317656
429.43,62.60316410159453
429.44,62.71610738841514
429.45,62.82952424959196
429.46,62.943417767917026
429.47,63.05779105186495
429.48,63.17264723585105
429.49,63.28798948049238
429.5,63.40382097287189
429.51,63.5201449268057
429.52,63.63696458311342
429.53,63.75428320989173
429.54,63.872104102791184
429.55,63.99043058529619
429.56,64.1092660090084
429.57,64.22861375393339
429.58,64.34847722877078
429.59,64.46885987120773
429.6,64.589765148216
429.61,64.7111965563525
429.62,64.83315762206344
429.63,64.95565190199207
429.64,65.07868298329021
429.65,65.20225448393333
429.66,65.32637005303964
429.67,65.45103337119278
429.68,65.57624815076855
429.69,65.70201813626555
429.7,65.82834710463973
429.71,65.95523886564311
429.72,66.08269726216648
429.73,66.21072617058634
429.74,66.33932950111601
429.75,66.46851119816104
429.76,66.59827524067892
429.77,66.7286256425432
429.78,66.85956645291203
429.79,66.99110175660131
429.8,67.12323567446224
429.81,67.25597236376365
429.82,67.389316018579
429.83,67.52327087017811
429.84,67.65784118742377
429.85,67.7930312771732
429.86,67.92884548468452
429.87,68.06528819402821
429.88,68.20236382850376
429.89,68.34007685106143
429.9,68.47843176472924
429.91,68.61743311304541
429.92,68.75708548049603
429.93,68.89739349295837
429.94,69.03836181814964
429.95,69.1799951660814
429.96,69.32229828951971
429.97,69.46527598445107
429.98,69.6089330905542
429.99,69.75327449167786
430.0,69.89830511632455
430.01,70.04402993814057
430.02,70.19045397641212
430.03,70.33758229656773
430.04,70.4854200106872
430.05,70.6339722780169
430.06,70.78324430549166
430.07,70.93324134826348
430.08,71.0839687102368
430.09,71.23543174461084
430.1,71.38763585442875
430.11,71.54058649313393
430.12,71.69428916513348
430.13,71.84874942636897
430.14,72.00397288489447
430.15,72.15996520146227
430.16,72.316732090116
430.17,72.4742793187916
430.18,72.63261270992602
430.19,72.7917381410739
430.2,72.95166154553235
430.21,73.11238891297373
430.22,73.27392629008695
430.23,73.43627978122703
430.24,73.59945554907323
430.25,73.76345981529585
430.26,73.92829886123181
430.27,74.0939790285692
430.28,74.26050672004077
430.29,74.42788840012678
430.3,74.59613059576697
430.31,74.76523989708214
430.32,74.93522295810534
430.33,75.10608649752265
430.34,75.27783729942405
430.35,75.45048221406417
430.36,75.62402815863334
430.37,75.79848211803893
430.38,75.97385114569722
430.39,76.15014236433585
430.4,76.3273629668072
430.41,76.50552021691269
430.42,76.68462145023818
430.43,76.86467407500085
430.44,77.04568557290733
430.45,77.22766350002371
430.46,77.41061548765725
430.47,77.59454924325016
430.48,77.77947255128558
430.49,77.96539327420598
430.5,78.15231935334404
430.51,78.34025880986641
430.52,78.52921974573037
430.53,78.71921034465367
430.54,78.91023887309778
430.55,79.10231368126462
430.56,79.29544320410714
430.57,79.48963596235393
430.58,79.6849005635479
430.59,79.88124570309957
430.6,80.07868016535487
430.61,80.2772128246779
430.62,80.4768526465488
430.63,80.67760868867693
430.64,80.87949010212962
430.65,81.08250613247688
430.66,81.28666612095199
430.67,81.4919795056286
430.68,81.69845582261433
430.69,81.90610470726118
430.7,82.11493589539315
430.71,82.32495922455112
430.72,82.53618463525554
430.73,82.74862217228686
430.74,82.96228198598432
430.75,83.1771743335632
430.76,83.39330958045082
430.77,83.61069820164168
430.78,83.82935078307204
430.79,84.04927802301407
430.8,84.27049073349012
430.81,84.49299984170734
430.82,84.7168163915129
430.83,84.94195154487021
430.84,85.16841658335646
430.85,85.39622290968194
430.86,85.62538204923118
430.87,85.85590565162661
430.88,86.08780549231493
430.89,86.32109347417646
430.9,86.55578162915815
430.91,86.79188211993021
430.92,87.02940724156717
430.93,87.26836942325347
430.94,87.50878123001405
430.95,87.75065536447038
430.96,87.99400466862238
430.97,88.23884212565659
430.98,88.4851808617809
430.99,88.73303414808659
431.0,88.98241540243781
431.01,89.23333819138908
431.02,89.48581623213136
431.03,89.73986339446687
431.04,89.99549370281353
431.05,90.2527213382392
431.06,90.5115606405262
431.07,90.7720261102669
431.08,91.03413241099065
431.09,91.29789437132247
431.1,91.56332698717439
431.11,91.83044542396962
431.12,92.0992650189003
431.13,92.36980128321929
431.14,92.6420699045666
431.15,92.91608674933103
431.16,93.19186786504764
431.17,93.46942948283154
431.18,93.74878801984875
431.19,94.02996008182457
431.2,94.3129624655903
431.21,94.59781216166878
431.22,94.88452635689941
431.23,95.17312243710343
431.24,95.46361798979004
431.25,95.75603080690401
431.26,96.0503788876156
431.27,96.34668044115332
431.28,96.64495388968055
431.29,96.94521787121627
431.3,97.24749124260126
431.31,97.55179308250993
431.32,97.85814269450904
431.33,98.16655961016373
431.34,98.47706359219193
431.35,98.78967463766777
431.36,99.10441298127503
431.37,99.42129909861119
431.38,99.74035370954319
431.39,100.06159778161569
431.4,100.38505253351268
431.41,100.71073943857337
431.42,101.03868022836335
431.43,101.36889689630179
431.44,101.70141170134592
431.45,102.03624717173335
431.46,102.37342610878368
431.47,102.71297159075999
431.48,103.05490697679159
431.49,103.39925591085877
431.5,103.74604232584083
431.51,104.09529044762832
431.52,104.44702479930069
431.53,104.80127020537046
431.54,105.15805179609488
431.55,105.51739501185659
431.56,105.87932560761399
431.57,106.24386965742298
431.58,106.61105355903088
431.59,106.98090403854415
431.6,107.35344815517085
431.61,107.7287133060393
431.62,108.10672723109415
431.63,108.48751801807141
431.64,108.87111410755337
431.65,109.25754429810522
431.66,109.64683775149449
431.67,110.0390239979949
431.68,110.4341329417759
431.69,110.83219486637951
431.7,111.23324044028595
431.71,111.63730072256945
431.72,112.04440716864592
431.73,112.45459163611405
431.74,112.86788639069135
431.75,113.28432411224688
431.76,113.70393790093212
431.77,114.12676128341198
431.78,114.5528282191974
431.79,114.98217310708132
431.8,115.41483079167996
431.81,115.85083657008094
431.82,116.29022619860034
431.83,116.73303589965037
431.84,117.17930236871966
431.85,117.62906278146794
431.86,118.08235480093725
431.87,118.53921658488159
431.88,118.99968679321691
431.89,119.46380459559373
431.9,119.9316096790942
431.91,120.40314225605594
431.92,120.87844307202474
431.93,121.3575534138382
431.94,121.8405151178427
431.95,122.32737057824578
431.96,122.81816275560644
431.97,123.31293518546542
431.98,123.81173198711804
431.99,124.31459787253183
432.0,124.82157815541159
432.01,125.33271876041402
432.02,125.84806623251485
432.03,126.36766774653064
432.04,126.89157111679802
432.05,127.41982480701297
432.06,127.95247794023278
432.07,128.48958030904336
432.08,129.03118238589462
432.09,129.57733533360687
432.1,130.12809101605075
432.11,130.68350200900372
432.12,131.24362161118614
432.13,131.80850385547953
432.14,132.37820352033015
432.15,132.95277614134105
432.16,133.5322780230554
432.17,134.1167662509342
432.18,134.70629870353173
432.19,135.3009340648716
432.2,135.90073183702677
432.21,136.5057523529068
432.22,137.11605678925545
432.23,137.73170717986207
432.24,138.35276642899012
432.25,138.97929832502612
432.26,139.61136755435254
432.27,140.24903971544808
432.28,140.89238133321874
432.29,141.54145987356333
432.3,142.19634375817682
432.31,142.85710237959535
432.32,143.5238061164862
432.33,144.19652634918685
432.34,144.87533547549614
432.35,145.5603069267219
432.36,146.25151518398837
432.37,146.94903579480737
432.38,147.65294538991682
432.39,148.36332170039066
432.4,149.08024357502364
432.41,149.80379099799538
432.42,150.5340451068168
432.43,151.27108821056353
432.44,152.01500380839974
432.45,152.7658766083963
432.46,153.52379254664737
432.47,154.2888388066892
432.48,155.06110383922498
432.49,155.84067738215978
432.5,156.6276504809492
432.51,157.422115509266
432.52,158.22416618998827
432.53,159.033897616513
432.54,159.851406274399
432.55,160.67679006334293
432.56,161.51014831949195
432.57,162.3515818380972
432.58,163.20119289651126
432.59,164.05908527753363
432.6,164.92536429310735
432.61,165.8001368083709
432.62,166.68351126606802
432.63,167.57559771131966
432.64,168.4765078167605
432.65,169.38635490804393
432.66,170.30525398971807
432.67,171.23332177147617
432.68,172.1706766947839
432.69,173.11743895988656
432.7,174.07373055319854
432.71,175.03967527507777
432.72,176.01539876798705
432.73,177.00102854504473
432.74,177.99669401896645
432.75,179.00252653139967
432.76,180.0186593826526
432.77,181.04522786181877
432.78,182.08236927729823
432.79,183.1302229877162
432.8,184.1889304332398
432.81,185.25863516729282
432.82,186.33948288866887
432.83,187.43162147404198
432.84,188.53520101087435
432.85,189.65037383071987
432.86,190.7772945429221
432.87,191.91612006870454
432.88,193.06700967565115
432.89,194.23012501257406
432.9,195.4056301447654
432.91,196.5936915896293
432.92,197.79447835268965
432.93,199.00816196396934
432.94,200.23491651473452
432.95,201.47491869459859
432.96,202.72834782897888
432.97,203.99538591689844
432.98,205.276217669125
432.99,206.57103054663807
433.0,207.8800147994144
433.01,209.20336350552137
433.02,210.54127261050667
433.03,211.89394096707215
433.04,213.26157037501838
433.05,214.64436562144556
433.06,216.04253452119553
433.07,217.45628795751827
433.08,218.8858399229453
433.09,220.33140756035115
433.1,221.7932112041828
433.11,223.27147442183568
433.12,224.76642405515332
433.13,226.27829026202667
433.14,227.80730655806713
433.15,229.35370985832614
433.16,230.91774051903246
433.17,232.49964237931647
433.18,234.0996628028891
433.19,235.71805271964143
433.2,237.35506666712868
433.21,239.01096283190037
433.22,240.68600309063703
433.23,242.3804530510506
433.24,244.09458209250434
433.25,245.82866340630537
433.26,247.58297403562057
433.27,249.35779491496427
433.28,251.15341090920325
433.29,252.97011085202212
433.3,254.80818758378965
433.31,256.6679379887629
433.32,258.5496630315642
433.33,260.45366779286167
433.34,262.3802615041821
433.35,264.32975758178077
433.36,266.3024736594894
433.37,268.2987316204611
433.38,270.3188576277258
433.39,272.3631821534671
433.4,274.43204000692816
433.41,276.5257703608479
433.42,278.6447167763281
433.43,280.7892272260246
433.44,282.9596541155538
433.45,285.156354303
433.46,287.3796891164051
433.47,289.6300243691169
433.48,291.9077303728691
433.49,294.2131819484585
433.5,296.54675843388287
433.51,298.9088436897954
433.52,301.29982610212824
433.53,303.7200985817311
433.54,306.1700585608659
433.55,308.65010798639304
433.56,311.1606533094791
433.57,313.70210547165
433.58,316.27487988700784
433.59,318.87939642042414
433.6,321.51607936151527
433.61,324.1853573942012
433.62,326.88766356164166
433.63,329.6234352263373
433.64,332.39311402517916
433.65,335.19714581922096
433.66,338.03598063794476
433.67,340.9100726177829
433.68,343.8198799346535
433.69,346.7658647302613
433.7,349.74849303190734
433.71,352.7682346655479
433.72,355.82556316183434
433.73,358.9209556548621
433.74,362.0548927733488
433.75,365.2278585239581
433.76,368.4403401664794
433.77,371.692828080568
433.78,374.9858156237462
433.79,378.31979898036036
433.8,381.69527700118505
433.81,385.11275103336027
433.82,388.5727247403456
433.83,392.0757039115703
433.84,395.6221962614556
433.85,399.21271121748384
433.86,402.8477596969863
433.87,406.52785387232046
433.88,410.253506924106
433.89,414.02523278219
433.9,417.8435458540111
433.91,421.70896074003343
433.92,425.62199193592494
433.93,429.5831535211554
433.94,433.5929588336944
433.95,437.65192013049483
433.96,441.7605482334513
433.97,445.9193521605319
433.98,450.1288387417883
433.99,454.38951221995814
434.0,458.7018738353858
434.01,463.0664213949967
434.02,467.4836488250759
434.03,471.95404570761383
434.04,476.4780968000009
434.05,481.05628153786654
434.06,485.6890735208807
434.07,490.37693998135455
434.08,495.1203412355004
434.09,499.91973011723474
434.1,504.7755513944345
434.11,509.68824116758475
434.12,514.6582262507849
434.13,519.6859235351135
434.14,524.7717393343846
434.15,529.9160687133641
434.16,535.119294798553
434.17,540.3817880716837
434.18,545.7039056461172
434.19,551.0859905263732
434.2,556.5283708510713
434.21,562.0313591196078
434.22,567.5952514029452
434.23,573.2203265389403
434.24,578.9068453126944
434.25,584.6550496224601
434.26,590.4651616317018
434.27,596.3373829079621
434.28,602.2718935492503
434.29,608.2688512987287
434.3,614.3283906485402
434.31,620.4506219336823
434.32,626.6356304169005
434.33,632.8834753656423
434.34,639.1941891221802
434.35,645.5677761680806
434.36,652.0042121842671
434.37,658.5034431079927
434.38,665.0653841881093
434.39,671.6899190400889
434.4,678.37689870232
434.41,685.1261406952749
434.42,691.937428085204
434.43,698.8105085540853
434.44,705.745093477617
434.45,712.7408570131056
434.46,719.7974351991611
434.47,726.9144250691676
434.48,734.0913837805525
434.49,741.3278277619286
434.5,748.6232318802292
434.51,755.9770286300021
434.52,763.3886073470642
434.53,770.8573134487552
434.54,778.3824477030573
434.55,785.9632655288688
434.56,793.5989763297423
434.57,801.2887428634062
434.58,809.0316806493945
434.59,816.8268574171088
434.6,824.6732925966302
434.61,832.5699568545782
434.62,840.5157716772981
434.63,848.5096090036195
434.64,856.5502909093983
434.65,864.6365893460007
434.66,872.7672259348391
434.67,880.9408718200019
434.68,889.1561475809525
434.69,897.4116232071887
434.7,905.7058181366692
434.71,914.0372013597167
434.72,922.4041915900007
434.73,930.8051575040937
434.74,939.2384180509721
434.75,947.7022428327045
434.76,956.1948525574369
434.77,964.7144195656379
434.78,973.2590684304221
434.79,981.8268766326096
434.8,990.4158753110198
434.81,999.0240500883302
434.82,1007.6493419726573
434.83,1016.289648334841
434.84,1024.9428239612312
434.85,1033.6066821815925
434.86,1042.2789960715554
434.87,1050.9574997288507
434.88,1059.6398896223793
434.89,1068.3238260129694
434.9,1077.0069344444914
434.91,1085.6868073038013
434.92,1094.3610054478004
434.93,1103.027059895709
434.94,1111.682473584469
434.95,1120.324723185007
434.96,1128.9512609769176
434.97,1137.5595167789522
434.98,1146.146899932533
434.99,1154.710801335355
435.0,1163.2485955219863
435.01,1171.75764278823
435.02,1180.235291355879
435.03,1188.6788795743685
435.04,1197.0857381557048
435.05,1205.4531924389576
435.06,1213.7785646804864
435.07,1222.0591763660025
435.08,1230.2923505404806
435.09,1238.4754141518779
435.1,1246.6057004045617
435.11,1254.6805511183095
435.12,1262.6973190887156
435.13,1270.6533704448245
435.14,1278.5460869998067
435.15,1286.3728685905012
435.16,1294.1311354016711
435.17,1301.8183302708524
435.18,1309.43192096972
435.19,1316.9694024579533
435.2,1324.4282991056525
435.21,1331.8061668804364
435.22,1339.1005954954444
435.23,1346.3092105145636
435.24,1353.4296754113209
435.25,1360.4596935779912
435.26,1367.3970102816127
435.27,1374.2394145637325
435.28,1380.984741080857
435.29,1387.630871882734
435.3,1394.1757381257537
435.31,1400.6173217189275
435.32,1406.9536569000713
435.33,1413.1828317400007
435.34,1419.302989572727
435.35,1425.3123303498287
435.36,1431.209111917359
435.37,1436.9916512138439
435.38,1442.6583253881145
435.39,1448.2075728359093
435.4,1453.6378941543762
435.41,1458.9478530137956
435.42,1464.1360769460337
435.43,1469.2012580494295
435.44,1474.1421536099974
435.45,1478.9575866390178
435.46,1483.6464463272628
435.47,1488.2076884162811
435.48,1492.6403354873366
435.49,1496.9434771687606
435.5,1501.1162702626377
435.51,1505.1579387918991
435.52,1509.0677739690464
435.53,1512.845134087865
435.54,1516.48944433963
435.55,1520.0001965554209
435.56,1523.3769488762957
435.57,1526.6193253531749
435.58,1529.727015478395
435.59,1532.6997736509913
435.6,1535.5374185778485
435.61,1538.2398326129467
435.62,1540.806961037
435.63,1543.2388112798465
435.64,1545.5354520880087
435.65,1547.6970126398905
435.66,1549.7236816111165
435.67,1551.6157061925544
435.68,1553.3733910635876
435.69,1554.9970973232187
435.7,1556.4872413816024
435.71,1557.8442938146065
435.72,1559.0687781839995
435.73,1560.1612698258516
435.74,1561.1223946097268
435.75,1561.952827671217
435.76,1562.6532921203468
435.77,1563.2245577283456
435.78,1563.6674395952468
435.79,1563.982796800731
435.8,1564.1715310405891
435.81,1564.234585251128
435.82,1564.172942223789
435.83,1563.9876232121946
435.84,1563.6796865337767
435.85,1563.2502261680786
435.86,1562.700370353758
435.87,1562.0312801862515
435.88,1561.244148217989
435.89,1560.3401970629807
435.9,1559.3206780075225
435.91,1558.1868696286958
435.92,1556.9400764222623
435.93,1555.581627441479
435.94,1554.1128749482857
435.95,1552.5351930782415
435.96,1550.8499765205097
435.97,1549.0586392141206
435.98,1547.1626130616617
435.99,1545.163346661477
436.0,1543.0623040593794
436.01,1540.8609635208127
436.02,1538.5608163243257
436.03,1536.163365577155
436.04,1533.6701250536414
436.05,1531.082618057142
436.06,1528.4023763060347
436.07,1525.6309388443433
436.08,1522.769850977461
436.09,1519.8206632333788
436.1,1516.7849303497755
436.11,1513.6642102872681
436.12,1510.4600632690658
436.13,1507.1740508472221
436.14,1503.8077349956293
436.15,1500.3626772298494
436.16,1496.8404377538336
436.17,1493.2425746335366
436.18,1489.5706429973923
436.19,1485.8261942635756
436.2,1482.0107753939433
436.21,1478.1259281745015
436.22,1474.1731885222275
436.23,1470.1540858180304
436.24,1466.0701422656123
436.25,1461.9228722759624
436.26,1457.713781877191
436.27,1453.444368149387
436.28,1449.1161186841587
436.29,1444.7305110684995
436.3,1440.2890123926022
436.31,1435.7930787812234
436.32,1431.2441549481914
436.33,1426.6436737736317
436.34,1421.9930559034726
436.35,1417.293709370786
436.36,1412.5470292385019
436.37,1407.7543972630342
436.38,1402.9171815783432
436.39,1398.036736399955
436.4,1393.1144017484569
436.41,1388.151503191975
436.42,1383.1493516071519
436.43,1378.1092429581229
436.44,1373.032458093006
436.45,1367.9202625574062
436.46,1362.773906424444
436.47,1357.594624140818
436.48,1352.383634388411
436.49,1347.1421399609562
436.5,1341.8713276552778
436.51,1336.572368176632
436.52,1331.2464160576728
436.53,1325.8946095905753
436.54,1320.518070771852
436.55,1315.1179052594105
436.56,1309.695202341396
436.57,1304.2510349163833
436.58,1298.7864594844748
436.59,1293.3025161488806
436.6,1287.80022862756
436.61,1282.280604274508
436.62,1276.7446341102861
436.63,1271.1932928613974
436.64,1265.6275390081203
436.65,1260.0483148404198
436.66,1254.4565465215665
436.67,1248.853144159099
436.68,1243.2390018827791
436.69,1237.6149979291936
436.7,1231.9819947326657
436.71,1226.3408390221514
436.72,1220.692361923801
436.73,1215.0373790688768
436.74,1209.3766907067272
436.75,1203.7110818225228
436.76,1198.041322259474
436.77,1192.368166845255
436.78,1186.6923555223646
436.79,1181.014613482171
436.8,1175.335651302387
436.81,1169.656165087736
436.82,1163.9768366135747
436.83,1158.2983334722476
436.84,1152.6213092219552
436.85,1146.9464035379265
436.86,1141.2742423656912
436.87,1135.6054380762607
436.88,1129.940589623025
436.89,1124.2802827001888
436.9,1118.6250899025706
436.91,1112.975570886599
436.92,1107.3322725323444
436.93,1101.6957291064346
436.94,1096.0664624257026
436.95,1090.444982021431
436.96,1084.8317853040517
436.97,1079.227357728174
436.98,1073.6321729578185
436.99,1068.0466930317366
437.0,1062.4713685287013
437.01,1056.906638732666
437.02,1051.352931797684
437.03,1045.8106649124945
437.04,1040.2802444646798
437.05,1034.762066204306
437.06,1029.2565154069657
437.07,1023.7639670361395
437.08,1018.2847859048044
437.09,1012.8193268362154
437.1,1007.367934823796
437.11,1001.9309451900713
437.12,996.5086837445864
437.13,991.1014669407524
437.14,985.7096020315686
437.15,980.3333872241701
437.16,974.9731118331566
437.17,969.6290564326572
437.18,964.3014930070925
437.19,958.9906851005962
437.2,953.6968879650616
437.21,948.4203487067814
437.22,943.1613064316512
437.23,937.9199923889093
437.24,932.6966301133898
437.25,927.4914355662638
437.26,922.3046172742517
437.27,917.1363764672858
437.28,911.9869072146088
437.29,906.8563965592923
437.3,901.7450246511643
437.31,896.6529648781335
437.32,891.5803839959027
437.33,886.527442256062
437.34,881.4942935325575
437.35,876.4810854465289
437.36,871.4879594895148
437.37,866.5150511450216
437.38,861.5624900084578
437.39,856.63039990543
437.4,851.7188990084071
437.41,846.8280999517516
437.42,841.9581099451226
437.43,837.1090308852555
437.44,832.2809594661234
437.45,827.4739872874859
437.46,822.6882009618339
437.47,817.923682219736
437.48,813.180508013597
437.49,808.4587506198367
437.5,803.7584777394983
437.51,799.0797525972981
437.52,794.4226340391266
437.53,789.7871766280119
437.54,785.173430738559
437.55,780.581442649875
437.56,776.0112546369961
437.57,771.4629050608256
437.58,766.9364284566002
437.59,762.431855620896
437.6,757.9492136971894
437.61,753.4885262599867
437.62,749.0498133975376
437.63,744.6330917931476
437.64,740.238374805103
437.65,735.8656725452257
437.66,731.514991956072
437.67,727.186336886791
437.68,722.8797081676588
437.69,718.5951036833043
437.7,714.3325184446413
437.71,710.0919446595248
437.72,705.8733718021452
437.73,701.6767866811795
437.74,697.5021735067114
437.75,693.3495139559411
437.76,689.2187872376968
437.77,685.1099701557664
437.78,681.023037171065
437.79,676.9579604626533
437.8,672.9147099876245
437.81,668.8932535398739
437.82,664.8935568077683
437.83,660.915583430731
437.84,656.9592950547567
437.85,653.0246513868746
437.86,649.1116102485718
437.87,645.2201276281963
437.88,641.3501577323518
437.89,637.5016530363011
437.9,633.6745643333933
437.91,629.8688407835289
437.92,626.0844299606791
437.93,622.3212778994729
437.94,618.5793291408665
437.95,614.8585267769117
437.96,611.1588124946342
437.97,607.4801266190393
437.98,603.8224081552574
437.99,600.1855948298432
438.0,596.5696231312436
438.01,592.9744283494463
438.02,589.3999446148244
438.03,585.8461049361892
438.04,582.3128412380644
438.05,578.8000843971951
438.06,575.3077642783051
438.07,571.835809769114
438.08,568.3841488146277
438.09,564.9527084507135
438.1,561.5414148369745
438.11,558.1501932889315
438.12,554.7789683095295
438.13,551.4276636199753
438.14,548.0962021899214
438.15,544.784506267007
438.16,541.4924974057659
438.17,538.2200964959145
438.18,534.9672237900296
438.19,531.7337989306272
438.2,528.5197409766533
438.21,525.3249684293966
438.22,522.149399257834
438.23,518.9929509234198
438.24,515.8555404043261
438.25,512.7370842191478
438.26,509.6374984500798
438.27,506.5566987655758
438.28,503.4946004425001
438.29,500.4511183877798
438.3,497.4261671595675
438.31,494.4196609879237
438.32,491.4315137950269
438.33,488.46163921492166
438.34,485.5099506128116
438.35,482.5763611039072
438.36,479.66078357183545
438.37,476.7631306866215
438.38,473.8833149222477
438.39,471.02124857380073
438.4,468.1768437742128
438.41,465.35001251060515
438.42,462.5406666402419
438.43,459.74871790610086
438.44,456.97407795206914
438.45,454.21665833777087
438.46,451.4763705530337
438.47,448.75312603200103
438.48,446.04683616689744
438.49,443.3574123214533
438.5,440.6847658439955
438.51,438.02880808021075
438.52,435.3894503855881
438.53,432.76660413754604
438.54,430.16018074725196
438.55,427.57009167113813
438.56,424.99624842212154
438.57,422.43856258053313
438.58,419.8969458047616
438.59,417.371309841618
438.6,414.8615665364268
438.61,412.3676278428481
438.62,409.88940583243726
438.63,407.42681270394627
438.64,404.979760792373
438.65,402.5481625777625
438.66,400.1319306937662
438.67,397.7309779359627
438.68,395.34521726994643
438.69,392.97456183918786
438.7,390.61892497266996
438.71,388.278220192306
438.72,385.9523612201425
438.73,383.64126198535257
438.74,381.3448366310227
438.75,379.06299952073846
438.76,376.79566524497255
438.77,374.54274862727937
438.78,372.3041647303004
438.79,370.07982886158385
438.8,367.8696565792229
438.81,365.67356369731607
438.82,363.49146629125306
438.83,361.32328070283074
438.84,359.1689235452018
438.85,357.0283117076599
438.86,354.90136236026535
438.87,352.78799295831357
438.88,350.68812124665067
438.89,348.6016652638389
438.9,346.5285433461755
438.91,344.46867413156724
438.92,342.42197656326493
438.93,340.3883698934603
438.94,338.36777368674785
438.95,336.3601078234552
438.96,334.3652925028447
438.97,332.38324824618854
438.98,330.41389589972107
438.99,328.4571566374699
439.0,326.5129519639694
439.01,324.58120371685845
439.02,322.6618340693658
439.03,320.75476553268436
439.04,318.8599209582382
439.05,316.9772235398436
439.06,315.1065968157669
439.07,313.247964670682
439.08,311.40125133752844
439.09,309.5663813992738
439.1,307.7432797905813
439.11,305.93187179938593
439.12,304.13208306838004
439.13,302.3438395964113
439.14,300.5670677397948
439.15,298.801694213541
439.16,297.04764609250174
439.17,295.30485081243637
439.18,293.57323617099934
439.19,291.8527303286517
439.2,290.1432618094978
439.21,288.444759502049
439.22,286.75715265991676
439.23,285.0803709024356
439.24,283.4143442152191
439.25,281.75900295064895
439.26,280.1142778282999
439.27,278.4800999353018
439.28,276.8564007266396
439.29,275.2431120253944
439.3,273.64016602292475
439.31,272.047495278992
439.32,270.46503272182946
439.33,268.89271164815733
439.34,267.3304657231449
439.35,265.7782289803214
439.36,264.2359358214358
439.37,262.70352101626884
439.38,261.1809197023963
439.39,259.6680673849063
439.4,258.1648999360713
439.41,256.671353594976
439.42,255.187364967102
439.43,253.71287102387123
439.44,252.2478091021481
439.45,250.79211690370255
439.46,249.34573249463426
439.47,247.90859430475945
439.48,246.4806411269613
439.49,245.0618121165049
439.5,243.65204679031768
439.51,242.25128502623627
439.52,240.85946706222103
439.53,239.47653349553877
439.54,238.1024252819148
439.55,236.73708373465513
439.56,235.38045052373974
439.57,234.03246767488767
439.58,232.69307756859493
439.59,231.36222293914588
439.6,230.03984687359898
439.61,228.72589281074767
439.62,227.42030454005712
439.63,226.1230262005777
439.64,224.8340022798357
439.65,223.55317761270229
439.66,222.28049738024134
439.67,221.01590710853648
439.68,219.75935266749866
439.69,218.51078026965436
439.7,217.27013646891535
439.71,216.03736815933067
439.72,214.8124225738212
439.73,213.59524728289773
439.74,212.38579019336288
439.75,211.18399954699774
439.76,209.98982391923346
439.77,208.80321221780852
439.78,207.62411368141238
439.79,206.45247787831573
439.8,205.28825470498808
439.81,204.13139438470316
439.82,202.98184746613256
439.83,201.8395648219283
439.84,200.70449764729446
439.85,199.57659745854875
439.86,198.45581609167405
439.87,197.3421057008609
439.88,196.23541875704083
439.89,195.13570804641122
439.9,194.04292666895225
439.91,192.95702803693604
439.92,191.87796587342868
439.93,190.80569421078528
439.94,189.74016738913858
439.95,188.6813400548815
439.96,187.62916715914392
439.97,186.58360395626408
439.98,185.54460600225508
439.99,184.51212915326641
440.0,183.48612956404148
440.01,182.4665636863709
440.02,181.45338826754218
440.03,180.44656034878594
440.04,179.4460372637191
440.05,178.45177663678533
440.06,177.4637363816929
440.07,176.48187469985044
440.08,175.5061500788006
440.09,174.53652129065225
440.1,173.5729473905111
440.11,172.61538771490936
440.12,171.66380188023433
440.13,170.71814978115646
440.14,169.77839158905692
440.15,168.8444877504552
440.16,167.9163989854364
440.17,166.99408628607927
440.18,166.07751091488433
440.19,165.1666344032029
440.2,164.26141854966704
440.21,163.3618254186206
440.22,162.46781733855153
440.23,161.57935690052565
440.24,160.6964069566223
440.25,159.81893061837167
440.26,158.94689125519423
440.27,158.08025249284242
440.28,157.2189782118447
440.29,156.36303254595208
440.3,155.5123798805875
440.31,154.66698485129788
440.32,153.8268123422094
440.33,152.99182748448567
440.34,152.16199565478948
440.35,151.3372824737478
440.36,150.51765380442035
440.37,149.70307575077197
440.38,148.8935146561488
440.39,148.08893710175823
440.4,147.2893099051532
440.41,146.4946001187205
440.42,145.70477502817337
440.43,144.91980215104857
440.44,144.13964923520797
440.45,143.36428425734465
440.46,142.59367542149386
440.47,141.82779115754863
440.48,141.06660011978045
440.49,140.31007118536482
440.5,139.55817345291192
440.51,138.81087624100243
440.52,138.06814908672868
440.53,137.32996174424102
440.54,136.59628418329962
440.55,135.86708658783178
440.56,135.14233935449482
440.57,134.4220130912445
440.58,133.70607861590915
440.59,132.99450695476958
440.6,132.28726934114482
440.61,131.58433721398364
440.62,130.88568221646213
440.63,130.19127619458703
440.64,129.50109119580546
440.65,128.81509946762034
440.66,128.13327345621224
440.67,127.45558580506719
440.68,126.78200935361092
440.69,126.1125171358492
440.7,125.44708237901462
440.71,124.78567850221957
440.72,124.12827911511572
440.73,123.4748580165599
440.74,122.82538919328643
440.75,122.17984681858582
440.76,121.53820525099022
440.77,120.90043903296517
440.78,120.26652288960808
440.79,119.63643172735327
440.8,119.01014063268353
440.81,118.38762487084848
440.82,117.76885988458952
440.83,117.15382129287136
440.84,116.54248488962047
440.85,115.93482664247003
440.86,115.33082269151177
440.87,114.73044934805446
440.88,114.1336830933892
440.89,113.54050057756143
440.9,112.95087861814986
440.91,112.364794199052
440.92,111.78222446927661
440.93,111.20314674174297
440.94,110.62753849208686
440.95,110.05537735747343
440.96,109.4866411354169
440.97,108.92130778260704
440.98,108.35935541374248
440.99,107.80076230037085
441.0,107.24550686973579
441.01,106.69356770363072
441.02,106.14492353725942
441.03,105.59955325810351
441.04,105.05743590479669
441.05,104.51855066600577
441.06,103.98287687931852
441.07,103.45039403013843
441.08,102.92108175058598
441.09,102.39491981840706
441.1,101.87188815588783
441.11,101.35196682877658
441.12,100.8351360452122
441.13,100.32137615465948
441.14,99.81066764685109
441.15,99.30299115073633
441.16,98.79832743343654
441.17,98.29665739920723
441.18,97.79796208840688
441.19,97.3022226764724
441.2,96.80942047290128
441.21,96.31953692024034
441.22,95.83255359308107
441.23,95.34845219706169
441.24,94.86721456787564
441.25,94.38882267028671
441.26,93.91325859715081
441.27,93.44050456844408
441.28,92.97054293029768
441.29,92.50335615403897
441.3,92.03892683523921
441.31,91.57723769276774
441.32,91.11827156785249
441.33,90.662011423147
441.34,90.20844034180381
441.35,89.75754152655412
441.36,89.30929829879396
441.37,88.86369409767654
441.38,88.42071247921098
441.39,87.98033711536726
441.4,87.54255179318749
441.41,87.1073404139033
441.42,86.67468699205958
441.43,86.24457565464425
441.44,85.81699064022432
441.45,85.39191629808796
441.46,84.96933708739274
441.47,84.54923757631997
441.48,84.131602441235
441.49,83.71641646585368
441.5,83.30366454041469
441.51,82.89333166085791
441.52,82.48540292800875
441.53,82.07986354676838
441.54,81.67669882530984
441.55,81.27589417428005
441.56,80.87743510600762
441.57,80.48130723371652
441.58,80.08749627074548
441.59,79.6959880297732
441.6,79.30676842204926
441.61,78.91982345663071
441.62,78.53513923962441
441.63,78.15270197343492
441.64,77.77249795601803
441.65,77.39451358013996
441.66,77.018735332642
441.67,76.64514979371076
441.68,76.2737436361539
441.69,75.90450362468128
441.7,75.53741661519167
441.71,75.17246955406478
441.72,74.80964947745863
441.73,74.44894351061248
441.74,74.09033886715483
441.75,73.73382284841689
441.76,73.37938284275131
441.77,73.02700632485602
441.78,72.67668085510343
441.79,72.3283940788747
441.8,71.98213372589925
441.81,71.6378876095993
441.82,71.29564362643961
441.83,70.95538975528213
441.84,70.61711405674583
441.85,70.28080467257148
441.86,69.94644982499132
441.87,69.61403781610385
441.88,69.28355702725335
441.89,68.95499591841441
441.9,68.62834302758124
441.91,68.30358697016185
441.92,67.98071643837697
441.93,67.65972020066387
441.94,67.3405871010847
441.95,67.0233060587397
441.96,66.70786606718512
441.97,66.39425619385557
441.98,66.08246557949121
441.99,65.77248343756948
442.0,65.46429905374126
442.01,65.15790178527173
442.02,64.85328106048564
442.03,64.55042637821705
442.04,64.24932730726354
442.05,63.94997348584483
442.06,63.65235462106577
442.07,63.356460488383696
442.08,63.062280931080124
442.09,62.76980585973669
442.1,62.47902525171544
442.11,62.18992915064329
442.12,61.902507665900714
442.13,61.61675097211466
442.14,61.33264930865554
442.15,61.05019297913843
442.16,60.769372350928286
442.17,60.49017785464931
442.18,60.21259998369828
442.19,59.93662929376196
442.2,59.66225640233844
442.21,59.38947198826247
442.22,59.11826679123471
442.23,58.84863161135486
442.24,58.580557308658705
442.25,58.31403480265898
442.26,58.049055071890045
442.27,57.78560915345637
442.28,57.523688142584774
442.29,57.2632831921804
442.3,57.004385512386406
442.31,56.746986370147326
442.32,56.49107708877609
442.33,56.23664904752467
442.34,55.983693681158364
442.35,55.73220247953356
442.36,55.48216698717918
442.37,55.23357880288151
442.38,54.98642957927264
442.39,54.74071102242229
442.4,54.49641489143314
442.41,54.25353299803954
442.42,54.0120572062096
442.43,53.77197943175069
442.44,53.533291641918254
442.45,53.29598585502793
442.46,53.060054140070974
442.47,52.82548861633294
442.48,52.59228145301559
442.49,52.36042486886204
442.5,52.12991113178508
442.51,51.90073255849864
442.52,51.67288151415244
442.53,51.44635041196968
442.54,51.22113171288794
442.55,50.997217925202975
442.56,50.77460160421571
442.57,50.55327535188218
442.58,50.33323181646643
442.59,50.11446369219646
442.6,49.89696371892306
442.61,49.6807246817816
442.62,49.46573941085665
442.63,49.25200078084958
442.64,49.03950171074892
442.65,48.8282351635036
442.66,48.61819414569895
442.67,48.409371707235536
442.68,48.201760941010704
442.69,47.99535498260288
442.7,47.790147009958616
442.71,47.58613024308224
442.72,47.38329794372828
442.73,47.18164341509646
442.74,46.98116000152934
442.75,46.78184108821258
442.76,46.58368010087776
442.77,46.38667050550775
442.78,46.190805808044665
442.79,45.99607955410027
442.8,45.80248532866894
442.81,45.610016755843056
442.82,45.41866749853085
442.83,45.22843125817673
442.84,45.03930177448394
442.85,44.851272825139695
442.86,44.66433822554261
442.87,44.478491828532505
442.88,44.29372752412257
442.89,44.11003923923381
442.9,43.92742093743173
442.91,43.7458666186654
442.92,43.56537031900869
442.93,43.38592611040374
442.94,43.20752810040663
442.95,43.03017043193531
442.96,42.85384728301963
442.97,42.67855286655354
442.98,42.50428143004941
442.99,42.33102725539451
443.0,42.15878465860954
443.01,41.987547989609254
443.02,41.81731163196515
443.03,41.648070002670146
443.04,41.479817551905384
443.05,41.31254876280892
443.06,41.14625815124649
443.07,40.98094026558417
443.08,40.816589686463026
443.09,40.65320102657573
443.1,40.49076893044501
443.11,40.32928807420403
443.12,40.168753165378696
443.13,40.00915894267175
443.14,39.85050017574877
443.15,39.692771665025944
443.16,39.535968241459706
443.17,39.38008476633813
443.18,39.22511613107414
443.19,39.071057257000426
443.2,38.917903095166174
443.21,38.76564862613547
443.22,38.61428885978744
443.23,38.46381883511809
443.24,38.314233620043815
443.25,38.16552831120661
443.26,38.01769803378085
443.27,37.87073794128184
443.28,37.72464321537581
443.29,37.57940906569167
443.3,37.4350307296343
443.31,37.29150347219936
443.32,37.14882258578974
443.33,37.006983390033504
443.34,36.86598123160341
443.35,36.72581148403789
443.36,36.58646954756355
443.37,36.44795084891921
443.38,36.310250841181336
443.39,36.173365003590966
443.4,36.03728884138211
443.41,35.90201788561152
443.42,35.76754769298994
443.43,35.63387384571472
443.44,35.5009919513038
443.45,35.36889764243118
443.46,35.237586576763576
443.47,35.107054436798606
443.48,34.97729692970419
443.49,34.84830978715933
443.5,34.720088765196195
443.51,34.592629644043484
443.52,34.465928227971105
443.53,34.33998034513611
443.54,34.2147818474299
443.55,34.09032861032665
443.56,33.96661653273304
443.57,33.84364153683913
443.58,33.72139956797049
443.59,33.59988659444153
443.6,33.47909860741003
443.61,33.359031620732814
443.62,33.23968167082261
443.63,33.12104481650609
443.64,33.003117138882985
443.65,32.88589474118641
443.66,32.76937374864427
443.67,32.65355030834176
443.68,32.538420589085014
443.69,32.4239807812658
443.7,32.3102270967273
443.71,32.197155768631
443.72,32.08476305132453
443.73,31.9730452202107
443.74,31.861998571617438
443.75,31.75161942266883
443.76,31.641904111157153
443.77,31.532848995415897
443.78,31.424450454193824
443.79,31.31670488652997
443.8,31.20960871162964
443.81,31.103158368741383
443.82,30.99735031703489
443.83,30.892181035479876
443.84,30.787647022725874
443.85,30.683744796982964
443.86,30.58047089590343
443.87,30.477821876464315
443.88,30.37579431485088
443.89,30.274384806340958
443.9,30.173589965190196
443.91,30.07340642451816
443.92,29.97383083619531
443.93,29.874859870730837
443.94,29.77649021716134
443.95,29.67871858294035
443.96,29.581541693828687
443.97,29.48495629378564
443.98,29.38895914486095
443.99,29.29354702708762
444.0,29.198716738375506
444.01,29.104465094405715
444.02,29.010788928525777
444.03,28.9176850916456
444.04,28.825150452134178
444.05,28.733181895717088
444.06,28.641776325374703
444.07,28.550930661241182
444.08,28.460641840504184
444.09,28.37090681730531
444.1,28.281722562641285
444.11,28.19308606426583
444.12,28.104994326592276
444.13,28.01744437059685
444.14,27.930433233722667
444.15,27.84395796978444
444.16,27.758015648873815
444.17,27.67260335726543
444.18,27.587718197323618
444.19,27.50335728740978
444.2,27.419517761790416
444.21,27.3361967705458
444.22,27.2533914794793
444.23,27.17109907002734
444.24,27.08931673916997
444.25,27.008041699342098
444.26,26.92727117834531
444.27,26.847002419260313
444.28,26.76723268035998
444.29,26.68795923502301
444.3,26.60917937164815
444.31,26.530890393569056
444.32,26.453089618969685
444.33,26.375774380800294
444.34,26.298942026694014
444.35,26.22258991888397
444.36,26.14671543412098
444.37,26.07131596359181
444.38,25.996388912837958
444.39,25.921931701675003
444.4,25.847941764112505
444.41,25.774416548274402
444.42,25.701353516319976
444.43,25.628750144365313
444.44,25.556603922405312
444.45,25.484912354236183
444.46,25.41367295737847
444.47,25.34288326300057
444.48,25.27254081584277
444.49,25.20264317414176
444.5,25.133187909555634
444.51,25.064172607089418
444.52,24.995594865021026
444.53,24.927452294827727
444.54,24.859742521113077
444.55,24.792463181534327
444.56,24.725611926730274
444.57,24.659186420249604
444.58,24.593184338479663
444.59,24.5276033705757
444.6,24.462441218390545
444.61,24.39769559640473
444.62,24.33336423165707
444.63,24.26944486367566
444.64,24.20593524440929
444.65,24.14283313815934
444.66,24.080136321512047
444.67,24.017842583271207
444.68,23.95594972439132
444.69,23.894455557911105
444.7,23.833357908887454
444.71,23.772654614329788
444.72,23.712343523134813
444.73,23.652422496021664
444.74,23.592889405467456
444.75,23.533742135643227
444.76,23.47497858235026
444.77,23.416596652956805
444.78,23.358594266335167
444.79,23.300969352799182
444.8,23.243719854042062
444.81,23.18684372307462
444.82,23.130338924163855
444.83,23.074203432771906
444.84,23.018435235495378
444.85,22.963032330005007
444.86,22.907992724985696
444.87,22.85331444007691
444.88,22.79899550581341
444.89,22.74503396356632
444.9,22.69142786548459
444.91,22.638175274436744
444.92,22.58527426395299
444.93,22.532722918167682
444.94,22.48051933176209
444.95,22.428661609907515
444.96,22.377147868208727
444.97,22.325976232647736
444.98,22.27514483952788
444.99,22.22465183541822
445.0,22.17449537709829
445.01,22.12467363150312
445.02,22.075184775668607
445.03,22.026026996677164
445.04,21.97719849160371
445.05,21.92869746746193
445.06,21.880522141150887
445.07,21.832670739401873
445.08,21.785141498725615
445.09,21.737932665359736
445.1,21.69104249521654
445.11,21.64446925383107
445.12,21.598211216309462
445.13,21.55226666727759
445.14,21.506633900829982
445.15,21.46131122047905
445.16,21.416296939104555
445.17,21.371589378903394
445.18,21.32718687133964
445.19,21.28308775709487
445.2,21.23929038601874
445.21,21.195793117079877
445.22,21.15259431831699
445.23,21.109692366790288
445.24,21.06708564853313
445.25,21.02477255850397
445.26,20.98275150053853
445.27,20.94102088730227
445.28,20.899579140243073
445.29,20.858424689544233
445.3,20.81755597407765
445.31,20.77697144135731
445.32,20.736669547493012
445.33,20.696648757144317
445.34,20.656907543474787
445.35,20.61744438810643
445.36,20.578257781074416
445.37,20.539346220782015
445.38,20.500708213955793
445.39,20.462342275601035
445.4,20.42424692895741
445.41,20.386420705454867
445.42,20.348862144669777
445.43,20.311569794281294
445.44,20.27454221002795
445.45,20.23777795566449
445.46,20.201275602918926
445.47,20.165033731449807
445.48,20.129050928803743
445.49,20.09332579037313
445.5,20.057856919354098
445.51,20.02264292670469
445.52,19.98768243110326
445.53,19.95297405890707
445.54,19.918516444111138
445.55,19.88430822830727
445.56,19.850348060643316
445.57,19.81663459778266
445.58,19.78316650386387
445.59,19.749942450460626
445.6,19.716961116541793
445.61,19.684221188431746
445.62,19.651721359770885
445.63,19.619460331476347
445.64,19.58743681170294
445.65,19.555649515804262
445.66,19.52409716629404
445.67,19.492778492807656
445.68,19.46169223206386
445.69,19.43083712782672
445.7,19.40021193086773
445.71,19.36981539892814
445.72,19.33964629668145
445.73,19.309703395696147
445.74,19.27998547439857
445.75,19.250491318036023
445.76,19.221219718640057
445.77,19.19216947498992
445.78,19.163339392576237
445.79,19.134728283564836
445.8,19.106334966760794
445.81,19.07815826757264
445.82,19.05019701797676
445.83,19.022450056481983
445.84,18.99491622809433
445.85,18.967594384281977
445.86,18.940483382940364
445.87,18.91358208835751
445.88,18.886889371179493
445.89,18.860404108376088
445.9,18.83412518320663
445.91,18.80805148518601
445.92,18.78218191005085
445.93,18.75651535972587
445.94,18.731050742290417
445.95,18.705786971945155
445.96,18.680722968978944
445.97,18.65585765973588
445.98,18.63118997658249
445.99,18.60671885787513
446.0,18.582443247927504
446.01,18.55836209697839
446.02,18.534474361159504
446.03,18.510779002463547
446.04,18.487274988712404
446.05,18.463961293525497
446.06,18.440836896288324
446.07,18.417900782121144
446.08,18.39515194184782
446.09,18.372589371964832
446.1,18.350212074610425
446.11,18.328019057533954
446.12,18.306009334065347
446.13,18.284181923084752
446.14,18.262535848992318
446.15,18.241070141678144
446.16,18.219783836492375
446.17,18.198675974215465
446.18,18.177745601028573
446.19,18.15699176848411
446.2,18.13641353347647
446.21,18.116009958212864
446.22,18.095780110184332
446.23,18.075723062136902
446.24,18.05583789204289
446.25,18.036123683072354
446.26,18.016579523564673
446.27,17.997204507000305
446.28,17.97799773197267
446.29,17.95895830216018
446.3,17.94008532629841
446.31,17.92137791815241
446.32,17.902835196489182
446.33,17.88445628505026
446.34,17.866240312524464
446.35,17.848186412520782
446.36,17.830293723541377
446.37,17.812561388954762
446.38,17.794988556969095
446.39,17.777574380605603
446.4,17.76031801767217
446.41,17.74321863073703
446.42,17.726275387102625
446.43,17.709487458779574
446.44,17.692854022460782
446.45,17.676374259495702
446.46,17.660047355864698
446.47,17.643872502153563
446.48,17.627848893528164
446.49,17.611975729709215
446.5,17.596252214947178
446.51,17.580677557997305
446.52,17.565250972094795
446.53,17.549971674930084
446.54,17.53483888862428
446.55,17.51985183970469
446.56,17.505009759080515
446.57,17.490311882018638
446.58,17.475757448119552
446.59,17.46134570129341
446.6,17.447075889736215
446.61,17.432947265906098
446.62,17.418959086499758
446.63,17.405110612429002
446.64,17.39140110879741
446.65,17.377829844877127
446.66,17.364396094085777
446.67,17.35109913396349
446.68,17.337938246150056
446.69,17.324912716362185
446.7,17.312021834370913
446.71,17.299264893979096
446.72,17.28664119299904
446.73,17.274150033230235
446.74,17.261790720437233
446.75,17.2495625643276
446.76,17.23746487853002
446.77,17.22549698057249
446.78,17.213658191860656
446.79,17.201947837656224
446.8,17.190365247055524
446.81,17.178909752968163
446.82,17.167580692095797
446.83,17.156377404911012
446.84,17.145299235636323
446.85,17.134345532223275
446.86,17.123515646331665
446.87,17.112808933308862
446.88,17.102224752169242
446.89,17.091762465573733
446.9,17.081421439809468
446.91,17.07120104476954
446.92,17.061100653932872
446.93,17.051119644344183
446.94,17.04125739659408
446.95,17.031513294799225
446.96,17.021886726582647
446.97,17.012377083054115
446.98,17.00298375879065
446.99,16.993706151817122
447.0,16.98454366358696
447.01,16.975495698962963
447.02,16.966561666198196
447.03,16.957740976917016
447.04,16.949033046096186
447.05,16.940437292046084
447.06,16.93195313639202
447.07,16.92358000405565
447.08,16.915317323236497
447.09,16.90716452539355
447.1,16.89912104522699
447.11,16.891186320659994
447.12,16.88335979282064
447.13,16.87564090602392
447.14,16.86802910775383
447.15,16.86052384864557
447.16,16.853124582467846
447.17,16.845830766105248
447.18,16.838641859540736
447.19,16.831557325838222
447.2,16.824576631125232
447.21,16.81769924457568
447.22,16.81092463839272
447.23,16.804252287791698
447.24,16.7976816709832
447.25,16.791212269156173
447.26,16.784843566461166
447.27,16.77857504999364
447.28,16.77240620977737
447.29,16.766336538747943
447.3,16.76036553273635
447.31,16.75449269045267
447.32,16.7487175134698
447.33,16.74303950620735
447.34,16.737458175915553
447.35,16.731973032659308
447.36,16.72658358930229
447.37,16.721289361491145
447.38,16.716089867639788
447.39,16.710984628913767
447.4,16.70597316921473
447.41,16.70105501516496
447.42,16.696229696092015
447.43,16.691496744013424
447.44,16.68685569362149
447.45,16.68230608226817
447.46,16.677847449950043
447.47,16.67347933929334
447.48,16.66920129553908
447.49,16.66501286652827
447.5,16.660913602687206
447.51,16.65690305701284
447.52,16.652980785058222
447.53,16.64914634491804
447.54,16.645399297214222
447.55,16.641739205081635
447.56,16.638165634153847
447.57,16.634678152548975
447.58,16.631276330855616
447.59,16.627959742118847
447.6,16.624727961826295
447.61,16.621580567894313
447.62,16.6185171406542
447.63,16.615537262838515
447.64,16.612640519567467
447.65,16.609826498335376
447.66,16.607094788997205
447.67,16.604444983755172
447.68,16.60187667714544
447.69,16.599389466024874
447.7,16.59698294955788
447.71,16.594656729203297
447.72,16.592410408701397
447.73,16.590243594060922
447.74,16.588155893546215
447.75,16.58614691766441
447.76,16.58421627915271
447.77,16.582363592965713
447.78,16.580588476262836
447.79,16.57889054839578
447.8,16.577269430896088
447.81,16.57572474746276
447.82,16.574256123949954
447.83,16.572863188354727
447.84,16.571545570804872
447.85,16.570302903546807
447.86,16.569134820933545
447.87,16.568040959412713
447.88,16.567020957514657
447.89,16.56607445584061
447.9,16.565201097050917
447.91,16.564400525853326
447.92,16.563672388991364
447.93,16.56301633523276
447.94,16.562432015357935
447.95,16.561919082148563
447.96,16.561477190376202
447.97,16.561105996790968
447.98,16.56080516011029
447.99,16.560574341007737
448.0,16.560413202101877
448.01,16.56032140794523
448.02,16.560298625013278
448.03,16.560344521693505
448.04,16.560458768274554
448.05,16.5606410369354
448.06,16.560891001734607
448.07,16.56120833859963
448.08,16.561592725316203
448.09,16.562043841517756
448.1,16.562561368674924
448.11,16.56314499008508
448.12,16.56379439086196
448.13,16.56450925792534
448.14,16.565289279990743
448.15,16.566134147559254
448.16,16.567043552907343
448.17,16.568017190076784
448.18,16.569054754864617
448.19,16.57015594481316
448.2,16.571320459200084
448.21,16.57254799902856
448.22,16.573838267017432
448.23,16.57519096759147
448.24,16.57660580687167
448.25,16.578082492665608
448.26,16.579620734457862
448.27,16.581220243400463
448.28,16.58288073230343
448.29,16.584601915625342
448.3,16.58638350946396
448.31,16.588225231546925
448.32,16.59012680122248
448.33,16.59208793945027
448.34,16.59410836879218
448.35,16.596187813403244
448.36,16.598325999022567
448.37,16.60052265296435
448.38,16.60277750410893
448.39,16.605090282893883
448.4,16.60746072130519
448.41,16.609888552868433
448.42,16.612373512640048
448.43,16.61491533719864
448.44,16.617513764636335
448.45,16.620168534550196
448.46,16.622879388033663
448.47,16.625646067668075
448.48,16.62846831751422
448.49,16.631345883103933
448.5,16.63427851143176
448.51,16.63726595094664
448.52,16.64030795154368
448.53,16.643404264555922
448.54,16.646554642746214
448.55,16.649758840299086
448.56,16.65301661281269
448.57,16.656327717290786
448.58,16.659691912134782
448.59,16.663108957135798
448.6,16.666578613466793
448.61,16.670100643674747
448.62,16.67367481167286
448.63,16.677300882732826
448.64,16.680978623477127
448.65,16.68470780187139
448.66,16.688488187216777
448.67,16.692319550142432
448.68,16.696201662597957
448.69,16.70013429784594
448.7,16.70411723045452
448.71,16.70815023629002
448.72,16.712233092509578
448.73,16.716365577553866
448.74,16.720547471139824
448.75,16.724778554253447
448.76,16.72905860914261
448.77,16.73338741930993
448.78,16.737764769505695
448.79,16.742190445720798
448.8,16.74666423517974
448.81,16.751185926333658
448.82,16.755755308853402
448.83,16.760372173622653
448.84,16.765036312731073
448.85,16.769747519467508
448.86,16.774505588313215
448.87,16.779310314935145
448.88,16.78416149617926
448.89,16.789058930063867
448.9,16.79400241577304
448.91,16.79899175365003
448.92,16.804026745190743
448.93,16.809107193037253
448.94,16.81423290097134
448.95,16.81940367390808
448.96,16.824619317889464
448.97,16.829879640078065
448.98,16.835184448750727
448.99,16.840533553292303
449.0,16.845926764189425
449.01,16.851363893024317
449.02,16.856844752468636
449.03,16.862369156277346
449.04,16.867936919282645
449.05,16.873547857387916
449.06,16.87920178756171
449.07,16.884898527831766
449.08,16.89063789727909
449.09,16.896419716032025
449.1,16.902243805260394
449.11,16.908109987169663
449.12,16.91401808499513
449.13,16.91996792299617
449.14,16.925959326450496
449.15,16.93199212164845
449.16,16.93806613588735
449.17,16.94418119746586
449.18,16.950337135678375
449.19,16.95653378080947
449.2,16.962770964128357
449.21,16.969048517883397
449.22,16.97536627529662
449.23,16.98172407055829
449.24,16.988121738821516
449.25,16.994559116196864
449.26,17.00103603974703
449.27,17.007552347481532
449.28,17.014107878351425
449.29,17.02070247224406
449.3,17.02733596997788
449.31,17.034008213297227
449.32,17.040719044867192
449.33,17.047468308268495
449.34,17.0542558479924
449.35,17.06108150943565
449.36,17.06794513889543
449.37,17.074846583564373
449.38,17.0817856915256
449.39,17.088762311747757
449.4,17.095776294080125
449.41,17.10282748924772
449.42,17.109915748846454
449.43,17.1170409253383
449.44,17.124202872046503
449.45,17.13140144315081
449.46,17.138636493682736
449.47,17.145907879520845
449.48,17.153215457386075
449.49,17.160559084837086
449.5,17.167938620265623
449.51,17.175353922891926
449.52,17.18280485276016
449.53,17.190291270733866
449.54,17.19781303849144
449.55,17.205370018521656
449.56,17.21296207411919
449.57,17.220589069380193
449.58,17.228250869197876
449.59,17.23594733925813
449.6,17.24367834603516
449.61,17.25144375678717
449.62,17.259243439552048
449.63,17.267077263143076
449.64,17.2749450971447
449.65,17.28284681190828
449.66,17.290782278547898
449.67,17.298751368936184
449.68,17.306753955700156
449.69,17.314789912217087
449.7,17.322859112610416
449.71,17.330961431745664
449.72,17.33909674522637
449.73,17.34726492939008
449.74,17.355465861304317
449.75,17.363699418762632
449.76,17.37196548028062
449.77,17.38026392509199
449.78,17.388594633144677
449.79,17.39695748509692
449.8,17.405352362313426
449.81,17.413779146861526
449.82,17.422237721507344
449.83,17.43072796971202
449.84,17.439249775627935
449.85,17.447803024094952
449.86,17.456387600636706
449.87,17.46500339145689
449.88,17.47365028343557
449.89,17.48232816412555
449.9,17.491036921748705
449.91,17.499776445192385
449.92,17.50854662400582
449.93,17.51734734839654
449.94,17.52617850922684
449.95,17.535039998010227
449.96,17.543931706907948
449.97,17.552853528725475
449.98,17.56180535690905
449.99,17.570787085542246
450.0,17.57979860934254
450.01,17.588839823657903
450.02,17.597910624463434
450.03,17.60701090835799
450.04,17.616140572560838
450.05,17.625299514908352
450.06,17.634487633850696
450.07,17.643704828448552
450.08,17.652950998369857
450.09,17.662226043886562
450.1,17.67152986587141
450.11,17.68086236579473
450.12,17.69022344572127
450.13,17.699613008307015
450.14,17.709030956796052
450.15,17.718477195017453
450.16,17.727951627382147
450.17,17.73745415887986
450.18,17.746984695076023
450.19,17.75654314210874
450.2,17.766129406685746
450.21,17.7757433960814
450.22,17.785385018133685
450.23,17.79505418124124
450.24,17.804750794360398
450.25,17.814474767002242
450.26,17.824226009229683
450.27,17.834004431654567
450.28,17.843809945434774
450.29,17.85364246227136
450.3,17.863501894405697
450.31,17.873388154616645
450.32,17.883301156217726
450.33,17.89324081305434
450.34,17.90320703950097
450.35,17.91319975045841
450.36,17.923218861351042
450.37,17.93326428812407
450.38,17.94333594724084
450.39,17.953433755680106
450.4,17.963557630933376
450.41,17.973707491002234
450.42,17.983883254395685
450.43,17.994084840127538
450.44,18.00431216771377
450.45,18.01456515716994
450.46,18.024843729008598
450.47,18.03514780423671
450.48,18.045477304353117
450.49,18.055832151345978
450.5,18.066212267690272
450.51,18.07661757634527
450.52,18.087048000752052
450.53,18.097503464831032
450.54,18.107983892979497
450.55,18.118489210069157
450.56,18.129019341443712
450.57,18.139574212916443
450.58,18.15015375076781
450.59,18.160757881743063
450.6,18.17138653304987
450.61,18.182039632355956
450.62,18.19271710778677
450.63,18.203418887923153
450.64,18.21414490179902
450.65,18.224895078899063
450.66,18.23566934915647
450.67,18.246467642950645
450.68,18.25728989110496
450.69,18.268136024884505
450.7,18.279005975993858
450.71,18.289899676574876
450.72,18.30081705920449
450.73,18.311758056892515
450.74,18.322722603079473
450.75,18.333710631634435
450.76,18.34472207685288
450.77,18.355756873454542
450.78,18.366814956581308
450.79,18.377896261795097
450.8,18.38900072507577
450.81,18.40012828281905
450.82,18.411278871834448
450.83,18.422452429343203
450.84,18.43364889297625
450.85,18.44486820077218
450.86,18.456110291175225
450.87,18.467375103033252
450.88,18.47866257559577
450.89,18.489972648511944
450.9,18.501305261828637
450.91,18.512660355988444
450.92,18.524037871827755
450.93,18.53543775057482
450.94,18.54685993384782
450.95,18.558304363652983
450.96,18.569770982382664
450.97,18.58125973281347
450.98,18.592770558104394
450.99,18.604303401794944
451.0,18.6158582078033
451.01,18.627434920424474
451.02,18.639033484328486
451.03,18.650653844558555
451.04,18.662295946529284
451.05,18.673959736024877
451.06,18.685645159197353
451.07,18.69735216256479
451.08,18.709080693009547
451.09,18.720830697776535
451.1,18.73260212447147
451.11,18.74439492105915
451.12,18.756209035861747
451.13,18.768044417557096
451.14,18.779901015177007
451.15,18.79177877810558
451.16,18.80367765607754
451.17,18.815597599176566
451.18,18.827538557833652
451.19,18.83950048282546
451.2,18.851483325272696
451.21,18.86348703663848
451.22,18.875511568726758
451.23,18.88755687368068
451.24,18.899622903981026
451.25,18.91170961244463
451.26,18.923816952222793
451.27,18.93594487679976
451.28,18.94809333999113
451.29,18.960262295942346
451.3,18.97245169912716
451.31,18.98466150434611
451.32,18.996891666725016
451.33,19.009142141713475
451.34,19.02141288508338
451.35,19.033703852927427
451.36,19.046015001657658
451.37,19.05834628800399
451.38,19.07069766901277
451.39,19.083069102045325
451.4,19.095460544776536
451.41,19.10787195519341
451.42,19.120303291593665
451.43,19.132754512584324
451.44,19.145225577080325
451.45,19.15771644430312
451.46,19.170227073779312
451.47,19.182757425339275
451.48,19.195307459115796
451.49,19.20787713554272
451.5,19.220466415353613
451.51,19.233075259580424
451.52,19.24570362955216
451.53,19.258351486893563
451.54,19.27101879352381
451.55,19.283705511655217
451.56,19.296411603791928
451.57,19.309137032728646
451.58,19.321881761549363
451.59,19.334645753626084
451.6,19.347428972617568
451.61,19.360231382468086
451.62,19.373052947406173
451.63,19.385893631943397
451.64,19.398753400873133
451.65,19.41163221926935
451.66,19.424530052485398
451.67,19.4374468661528
451.68,19.450382626180076
451.69,19.463337298751537
451.7,19.476310850326126
451.71,19.489303247636236
451.72,19.502314457686555
451.73,19.515344447752906
451.74,19.528393185381102
451.75,19.541460638385818
451.76,19.55454677484944
451.77,19.56765156312096
451.78,19.580774971814847
451.79,19.593916969809943
451.8,19.607077526248364
451.81,19.62025661053441
451.82,19.633454192333456
451.83,19.64667024157091
451.84,19.659904728431105
451.85,19.673157623356257
451.86,19.686428897045403
451.87,19.69971852045334
451.88,19.7130264647896
451.89,19.7263527015174
451.9,19.739697202352616
451.91,19.753059939262766
451.92,19.76644088446599
451.93,19.779840010430043
451.94,19.793257289871296
451.95,19.80669269575374
451.96,19.820146201287997
451.97,19.833617779930346
451.98,19.847107405381742
451.99,19.860615051586848
452.0,19.874140692733082
452.01,19.887684303249657
452.02,19.90124585780664
452.03,19.914825331314
452.04,19.928422698920684
452.05,19.94203793601369
452.06,19.955671018217142
452.07,19.969321921391373
452.08,19.982990621632023
452.09,19.99667709526913
452.1,20.010381318866248
452.11,20.024103269219534
452.12,20.03784292335689
452.13,20.05160025853708
452.14,20.065375252248838
452.15,20.07916788221004
452.16,20.09297812636682
452.17,20.10680596289272
452.18,20.12065137018786
452.19,20.134514326878083
452.2,20.14839481181412
452.21,20.162292804070777
452.22,20.1762082829461
452.23,20.190141227960563
452.24,20.20409161885626
452.25,20.218059435596103
452.26,20.232044658363012
452.27,20.24604726755914
452.28,20.260067243805064
452.29,20.274104567939034
452.3,20.28815922101617
452.31,20.302231184307704
452.32,20.31632043930022
452.33,20.33042696769489
452.34,20.34455075140672
452.35,20.358691772563812
452.36,20.37285001350661
452.37,20.38702545678718
452.38,20.40121808516846
452.39,20.415427881623554
452.4,20.429654829335
452.41,20.443898911694063
452.42,20.458160112300025
452.43,20.472438414959477
452.44,20.486733803685624
452.45,20.5010462626976
452.46,20.515375776419766
452.47,20.52972232948104
452.48,20.544085906714216
452.49,20.558466493155294
452.5,20.57286407404281
452.51,20.587278634817174
452.52,20.601710161120028
452.53,20.616158638793575
452.54,20.63062405387994
452.55,20.645106392620548
452.56,20.659605641455453
452.57,20.674121787022735
452.58,20.688654816157868
452.59,20.703204715893094
452.6,20.717771473456807
452.61,20.732355076272952
452.62,20.74695551196041
452.63,20.761572768332403
452.64,20.776206833395886
452.65,20.790857695350972
452.66,20.805525342590336
452.67,20.82020976369863
452.68,20.83491094745192
452.69,20.849628882817097
452.7,20.864363558951318
452.71,20.87911496520145
452.72,20.893883091103493
452.73,20.90866792638205
452.74,20.92346946094976
452.75,20.93828768490676
452.76,20.95312258854015
452.77,20.967974162323447
452.78,20.982842396916066
452.79,20.997727283162792
452.8,21.01262881209325
452.81,21.0275469749214
452.82,21.042481763045018
452.83,21.057433168045186
452.84,21.072401181685795
452.85,21.08738579591304
452.86,21.102387002854933
452.87,21.117404794820807
452.88,21.132439164300827
452.89,21.147490103965513
452.9,21.162557606665267
452.91,21.177641665429896
452.92,21.192742273468134
452.93,21.2078594241672
452.94,21.222993111092315
452.95,21.238143327986258
452.96,21.253310068768915
452.97,21.26849332753683
452.98,21.283693098562757
452.99,21.298909376295224
453.0,21.314142155358105
453.01,21.329391430550178
453.02,21.344657196844707
453.03,21.359939449389014
453.04,21.375238183504063
453.05,21.390553394684048
453.06,21.40588507859598
453.07,21.421233231079277
453.08,21.436597848145368
453.09,21.451978925977293
453.1,21.467376460929312
453.11,21.482790449526505
453.12,21.49822088846439
453.13,21.513667774608553
453.14,21.52913110499425
453.15,21.54461087682604
453.16,21.56010708747743
453.17,21.575619734490477
453.18,21.59114881557545
453.19,21.606694328610466
453.2,21.622256271641128
453.21,21.637834642880176
453.22,21.653429440707146
453.23,21.669040663668024
453.24,21.684668310474898
453.25,21.700312380005627
453.26,21.715972871303514
453.27,21.731649783576966
453.28,21.747343116199186
453.29,21.76305286870783
453.3,21.77877904080471
453.31,21.794521632355465
453.32,21.81028064338926
453.33,21.82605607409847
453.34,21.841847924838397
453.35,21.857656196126946
453.36,21.873480888644345
453.37,21.889322003232845
453.38,21.90517954089644
453.39,21.921053502800582
453.4,21.936943890271884
453.41,21.952850704797864
453.42,21.96877394802666
453.43,21.984713621766755
453.44,22.000669727986722
453.45,22.01664226881495
453.46,22.032631246539392
453.47,22.0486366636073
453.48,22.064658522624985
453.49,22.08069682635755
453.5,22.09675157772866
453.51,22.11282277982029
453.52,22.128910435872495
453.53,22.145014549283157
453.54,22.161135123607778
453.55,22.177272162559223
453.56,22.19342567000752
453.57,22.209595649979626
453.58,22.225782106659203
453.59,22.24198504438641
453.6,22.2582044676577
453.61,22.274440381125586
453.62,22.290692789598467
453.63,22.3069616980404
453.64,22.323247111570918
453.65,22.339549035464827
453.66,22.355867475152017
453.67,22.372202436217272
453.68,22.388553924400085
453.69,22.404921945594477
453.7,22.42130650584882
453.71,22.43770761136565
453.72,22.454125268501517
453.73,22.470559483766795
453.74,22.48701026382553
453.75,22.50347761549526
453.76,22.519961545746884
453.77,22.53646206170448
453.78,22.552979170645166
453.79,22.569512879998943
453.8,22.58606319734855
453.81,22.602630130429333
453.82,22.619213687129083
453.83,22.63581387548792
453.84,22.65243070369814
453.85,22.669064180104108
453.86,22.68571431320211
453.87,22.702381111640232
453.88,22.719064584218255
453.89,22.735764739887514
453.9,22.7524815877508
453.91,22.769215137062243
453.92,22.7859653972272
453.93,22.802732377802155
453.94,22.819516088494613
453.95,22.836316539163
453.96,22.853133739816577
453.97,22.869967700615334
453.98,22.886818431869898
453.99,22.903685944041463
454.0,22.920570247741693
454.01,22.937471353732644
454.02,22.954389272926683
454.03,22.971324016386422
454.04,22.988275595324637
454.05,23.005244021104208
454.06,23.022229305238042
454.07,23.039231459389026
454.08,23.05625049536995
454.09,23.073286425143472
454.1,23.090339260822038
454.11,23.10740901466785
454.12,23.124495699092826
454.13,23.141599326658525
454.14,23.158719910076133
454.15,23.17585746220642
454.16,23.193011996059692
454.17,23.210183524795774
454.18,23.22737206172397
454.19,23.244577620303037
454.2,23.261800214141175
454.21,23.279039856995986
454.22,23.29629656277447
454.23,23.313570345533
454.24,23.330861219477335
454.25,23.348169198962577
454.26,23.365494298493186
454.27,23.38283653272298
454.28,23.400195916455118
454.29,23.41757246464212
454.3,23.434966192385865
454.31,23.4523771149376
454.32,23.46980524769796
454.33,23.487250606216968
454.34,23.504713206194072
454.35,23.522193063478145
454.36,23.539690194067525
454.37,23.557204614110034
454.38,23.574736339903012
454.39,23.59228538789334
454.4,23.609851774677495
454.41,23.627435517001565
454.42,23.645036631761304
454.43,23.662655136002176
454.44,23.680291046919397
454.45,23.69794438185799
454.46,23.715615158312833
454.47,23.73330339392872
454.48,23.751009106500415
454.49,23.768732313972723
454.5,23.78647303444054
454.51,23.804231286148934
454.52,23.822007087493205
454.53,23.83980045701897
454.54,23.857611413422227
454.55,23.875439975549444
454.56,23.893286162397633
454.57,23.911149993114442
454.58,23.929031486998245
454.59,23.946930663498218
454.6,23.96484754221445
454.61,23.98278214289803
454.62,24.000734485451158
454.63,24.018704589927225
454.64,24.036692476530938
454.65,24.054698165618426
454.66,24.07272167769734
454.67,24.090763033426988
454.68,24.10882225361843
454.69,24.12689935923461
454.7,24.14499437139047
454.71,24.163107311353095
454.72,24.181238200541816
454.73,24.199387060528363
454.74,24.21755391303699
454.75,24.23573877994461
454.76,24.253941683280946
454.77,24.272162645228658
454.78,24.29040168812351
454.79,24.3086588344545
454.8,24.326934106864027
454.81,24.345227528148033
454.82,24.363539121256174
454.83,24.381868909291974
454.84,24.400216915512985
454.85,24.418583163330965
454.86,24.436967676312037
454.87,24.455370478176867
454.88,24.473791592800843
454.89,24.492231044214247
454.9,24.51068885660244
454.91,24.529165054306045
454.92,24.54765966182114
454.93,24.566172703799438
454.94,24.584704205048492
454.95,24.603254190531885
454.96,24.621822685369434
454.97,24.640409714837382
454.98,24.659015304368616
454.99,24.67763947955287
455.0,24.696282266136937
455.01,24.71494369002488
455.02,24.73362377727826
455.03,24.752322554116343
455.04,24.77104004691633
455.05,24.789776282213584
455.06,24.808531286701857
455.07,24.827305087233526
455.08,24.846097710819826
455.09,24.864909184631088
455.1,24.883739535996984
455.11,24.902588792406767
455.12,24.92145698150952
455.13,24.940344131114415
455.14,24.95925026919095
455.15,24.978175423869217
455.16,24.997119623440163
455.17,25.01608289635585
455.18,25.035065271229723
455.19,25.054066776836873
455.2,25.073087442114314
455.21,25.092127296161262
455.22,25.111186368239405
455.23,25.13026468777319
455.24,25.14936228435011
455.25,25.168479187720983
455.26,25.18761542780025
455.27,25.206771034666268
455.28,25.225946038561606
455.29,25.245140469893347
455.3,25.264354359233387
455.31,25.283587737318747
455.32,25.30284063505188
455.33,25.32211308350098
455.34,25.34140511390031
455.35,25.36071675765051
455.36,25.380048046318926
455.37,25.399399011639925
455.38,25.41876968551524
455.39,25.43816010001429
455.4,25.457570287374523
455.41,25.477000280001747
455.42,25.49645011047048
455.43,25.515919811524284
455.44,25.535409416076128
455.45,25.554918957208727
455.46,25.574448468174904
455.47,25.593997982397944
455.48,25.61356753347196
455.49,25.63315715516225
455.5,25.65276688140568
455.51,25.67239674631103
455.52,25.692046784159395
455.53,25.711717029404554
455.54,25.73140751667334
455.55,25.751118280766043
455.56,25.770849356656782
455.57,25.79060077949391
455.58,25.8103725846004
455.59,25.830164807474247
455.6,25.849977483788866
455.61,25.869810649393504
455.62,25.889664340313637
455.63,25.909538592751392
455.64,25.929433443085962
455.65,25.949348927874023
455.66,25.96928508385015
455.67,25.989241947927248
455.68,26.009219557196985
455.69,26.02921794893022
455.7,26.04923716057744
455.71,26.069277229769202
455.72,26.08933819431657
455.73,26.10942009221157
455.74,26.12952296162763
455.75,26.14964684092005
455.76,26.169791768626443
455.77,26.189957783467204
455.78,26.21014492434598
455.79,26.23035323035012
455.8,26.250582740751167
455.81,26.270833495005327
455.82,26.291105532753946
455.83,26.311398893823988
455.84,26.33171361822853
455.85,26.352049746167257
455.86,26.372407318026937
455.87,26.392786374381938
455.88,26.413186955994718
455.89,26.433609103816334
455.9,26.454052858986955
455.91,26.474518262836366
455.92,26.495005356884487
455.93,26.5155141828419
455.94,26.536044782610368
455.95,26.55659719828336
455.96,26.577171472146585
455.97,26.59776764667853
455.98,26.618385764551
455.99,26.63902586862966
456.0,26.659688001974573
456.01,26.68037220784077
456.02,26.701078529678785
456.03,26.721807011135233
456.04,26.74255769605336
456.05,26.76333062847361
456.06,26.7841258526342
456.07,26.804943412971703
456.08,26.825783354121608
456.09,26.846645720918918
456.1,26.867530558398734
456.11,26.88843791179684
456.12,26.90936782655031
456.13,26.930320348298093
456.14,26.951295522881626
456.15,26.972293396345442
456.16,26.99331401493778
456.17,27.014357425111193
456.18,27.03542367352318
456.19,27.056512807036807
456.2,27.07762487272133
456.21,27.098759917852835
456.22,27.119917989914867
456.23,27.141099136599085
456.24,27.162303405805886
456.25,27.18353084564508
456.26,27.204781504436525
456.27,27.226055430710794
456.28,27.247352673209836
456.29,27.268673280887647
456.3,27.290017302910936
456.31,27.311384788659804
456.32,27.33277578772843
456.33,27.35419034992574
456.34,27.37562852527612
456.35,27.397090364020087
456.36,27.418575916615005
456.37,27.44008523373578
456.38,27.46161836627557
456.39,27.483175365346497
456.4,27.50475628228036
456.41,27.526361168629368
456.42,27.54799007616685
456.43,27.569643056888008
456.44,27.591320163010625
456.45,27.613021446975825
456.46,27.63474696144882
456.47,27.65649675931964
456.48,27.678270893703917
456.49,27.700069417943617
456.5,27.721892385607816
456.51,27.743739850493473
456.52,27.765611866626198
456.53,27.787508488261032
456.54,27.809429769883238
456.55,27.831375766209074
456.56,27.853346532186606
456.57,27.87534212299649
456.58,27.897362594052787
456.59,27.919408001003767
456.6,27.941478399732727
456.61,27.963573846358802
456.62,27.9856943972378
456.63,28.007840108963023
456.64,28.030011038366105
456.65,28.05220724251785
456.66,28.074428778729075
456.67,28.096675704551473
456.68,28.118948077778448
456.69,28.141245956445992
456.7,28.163569398833545
456.71,28.185918463464866
456.72,28.20829320910891
456.73,28.230693694780708
456.74,28.253119979742262
456.75,28.275572123503437
456.76,28.298050185822845
456.77,28.320554226708772
456.78,28.343084306420067
456.79,28.365640485467075
456.8,28.38822282461254
456.81,28.410831384872548
456.82,28.43346622751745
456.83,28.456127414072796
456.84,28.478815006320293
456.85,28.50152906629874
456.86,28.52426965630499
456.87,28.54703683889491
456.88,28.56983067688435
456.89,28.592651233350107
456.9,28.615498571630912
456.91,28.638372755328415
456.92,28.66127384830817
456.93,28.684201914700633
456.94,28.70715701890217
456.95,28.73013922557605
456.96,28.753148599653485
456.97,28.776185206334628
456.98,28.799249111089605
456.99,28.82234037965956
457.0,28.845459078057683
457.01,28.868605272570253
457.02,28.891779029757704
457.03,28.914980416455666
457.04,28.938209499776043
457.05,28.96146634710808
457.06,28.984751026119433
457.07,29.008063604757268
457.08,29.031404151249337
457.09,29.054772734105082
457.1,29.07816942211674
457.11,29.101594284360445
457.12,29.125047390197356
457.13,29.148528809274772
457.14,29.172038611527267
457.15,29.19557686717782
457.16,29.219143646738967
457.17,29.24273902101395
457.18,29.26636306109787
457.19,29.290015838378856
457.2,29.313697424539235
457.21,29.33740789155671
457.22,29.361147311705537
457.23,29.38491575755774
457.24,29.408713301984285
457.25,29.432540018156303
457.26,29.456395979546297
457.27,29.48028125992937
457.28,29.50419593338444
457.29,29.528140074295493
457.3,29.552113757352807
457.31,29.576117057554224
457.32,29.600150050206388
457.33,29.624212810926025
457.34,29.648305415641207
457.35,29.672427940592637
457.36,29.696580462334936
457.37,29.720763057737937
457.38,29.744975803987995
457.39,29.769218778589288
457.4,29.793492059365143
457.41,29.817795724459362
457.42,29.842129852337553
457.43,29.866494521788486
457.44,29.890889811925422
457.45,29.91531580218749
457.46,29.939772572341045
457.47,29.96426020248105
457.48,29.988778773032447
457.49,30.013328364751562
457.5,30.037909058727493
457.51,30.062520936383528
457.52,30.087164079478555
457.53,30.11183857010849
457.54,30.136544490707703
457.55,30.16128192405047
457.56,30.186050953252423
457.57,30.210851661771994
457.58,30.235684133411898
457.59,30.260548452320602
457.6,30.285444702993818
457.61,30.31037297027599
457.62,30.33533333936179
457.63,30.360325895797647
457.64,30.385350725483256
457.65,30.410407914673108
457.66,30.435497549978034
457.67,30.46061971836675
457.68,30.48577450716741
457.69,30.51096200406918
457.7,30.536182297123815
457.71,30.561435474747235
457.72,30.586721625721122
457.73,30.61204083919453
457.74,30.6373932046855
457.75,30.662778812082674
457.76,30.688197751646932
457.77,30.713650114013035
457.78,30.739135990191283
457.79,30.764655471569167
457.8,30.79020864991305
457.81,30.81579561736985
457.82,30.841416466468722
457.83,30.867071290122766
457.84,30.89276018163075
457.85,30.91848323467881
457.86,30.944240543342207
457.87,30.970032202087058
457.88,30.995858305772085
457.89,31.021718949650396
457.9,31.047614229371245
457.91,31.073544240981825
457.92,31.09950908092906
457.93,31.125508846061415
457.94,31.151543633630713
457.95,31.177613541293965
457.96,31.203718667115208
457.97,31.229859109567354
457.98,31.25603496753406
457.99,31.282246340311588
458.0,31.3084933276107
458.01,31.334776029558554
458.02,31.361094546700595
458.03,31.3874489800025
458.04,31.413839430852082
458.05,31.440266001061254
458.06,31.466728792867958
458.07,31.493227908938152
458.08,31.51976345236778
458.09,31.546335526684754
458.1,31.57294423585096
458.11,31.599589684264277
458.12,31.626271976760584
458.13,31.65299121861582
458.14,31.679747515548016
458.15,31.706540973719363
458.16,31.73337169973829
458.17,31.760239800661545
458.18,31.787145383996297
458.19,31.814088557702252
458.2,31.84106943019377
458.21,31.868088110342008
458.22,31.89514470747707
458.23,31.922239331390166
458.24,31.949372092335807
458.25,31.97654310103397
458.26,32.00375246867232
458.27,32.03100030690841
458.28,32.058286727871945
458.29,32.085611844166976
458.3,32.11297576887421
458.31,32.14037861555323
458.32,32.16782049824483
458.33,32.19530153147328
458.34,32.22282183024864
458.35,32.25038151006912
458.36,32.27798068692338
458.37,32.305619477292915
458.38,32.33329799815441
458.39,32.36101636698212
458.4,32.38877470175031
458.41,32.416573120935595
458.42,32.44441174351945
458.43,32.4722906889906
458.44,32.50021007734748
458.45,32.52817002910075
458.46,32.556170665275744
458.47,32.584212107414984
458.48,32.61229447758071
458.49,32.640417898357406
458.5,32.66858249285435
458.51,32.696788384708185
458.52,32.72503569808551
458.53,32.75332455768546
458.54,32.781655088742326
458.55,32.810027417028195
458.56,32.838441668855594
458.57,32.866897971080135
458.58,32.895396451103224
458.59,32.923937236874735
458.6,32.95252045689573
458.61,32.9811462402212
458.62,33.00981471646278
458.63,33.03852601579155
458.64,33.06728026894079
458.65,33.096077607208805
458.66,33.124918162461704
458.67,33.15380206713626
458.68,33.18272945424276
458.69,33.211700457367854
458.7,33.24071521067746
458.71,33.26977384891966
458.72,33.29887650742765
458.73,33.32802332212262
458.74,33.35721442951677
458.75,33.38644996671628
458.76,33.41573007142426
458.77,33.445054881943825
458.78,33.47442453718111
458.79,33.5038391766483
458.8,33.53329894046673
458.81,33.562803969369966
458.82,33.59235440470692
458.83,33.62195038844496
458.84,33.651592063173105
458.85,33.681279572105154
458.86,33.711013059082894
458.87,33.74079266857931
458.88,33.770618545701815
458.89,33.8004908361955
458.9,33.83040968644641
458.91,33.860375243484825
458.92,33.89038765498859
458.93,33.92044706928643
458.94,33.950553635361345
458.95,33.98070750285393
458.96,34.01090882206582
458.97,34.04115774396308
458.98,34.07145442017968
458.99,34.101799003020915
459.0,34.13219164546694
459.01,34.16263250117624
459.02,34.193121724489174
459.03,34.223659470431535
459.04,34.25424589471812
459.05,34.28488115375632
459.06,34.31556540464975
459.07,34.34629880520192
459.08,34.37708151391985
459.09,34.4079136900178
459.1,34.43879549342099
459.11,34.4697270847693
459.12,34.5007086254211
459.13,34.531740277456954
459.14,34.56282220368351
459.15,34.59395456763729
459.16,34.62513753358858
459.17,34.656371266545285
459.18,34.68765593225689
459.19,34.718991697218335
459.2,34.750378728674036
459.21,34.78181719462184
459.22,34.813307263817045
459.23,34.84484910577645
459.24,34.876442890782414
459.25,34.90808878988696
459.26,34.93978697491588
459.27,34.9715376184729
459.28,35.00334089394382
459.29,35.035196975500774
459.3,35.067106038106395
459.31,35.09906825751811
459.32,35.13108381029243
459.33,35.16315287378923
459.34,35.19527562617612
459.35,35.2274522464328
459.36,35.259682914355444
459.37,35.291967810561175
459.38,35.32430711649247
459.39,35.356701014421674
459.4,35.38914968745549
459.41,35.42165331953957
459.42,35.454212095463035
459.43,35.48682620086312
459.44,35.519495822229786
459.45,35.552221146910405
459.46,35.58500236311444
459.47,35.6178396599182
459.48,35.65073322726955
459.49,35.68368325599277
459.5,35.71668993779332
459.51,35.74975346526273
459.52,35.782874031883466
459.53,35.81605183203387
459.54,35.849287060993106
459.55,35.88257991494614
459.56,35.91593059098877
459.57,35.94933928713267
459.58,35.98280620231049
459.59,36.01633153638096
459.6,36.049915490134055
459.61,36.0835582652962
459.62,36.117260064535465
459.63,36.15102109146685
459.64,36.18484155065759
459.65,36.218721647632435
459.66,36.252661588879086
459.67,36.286661581853544
459.68,36.320721834985584
459.69,36.35484255768422
459.7,36.38902396034323
459.71,36.42326625434668
459.72,36.45756965207455
459.73,36.49193436690833
459.74,36.52636061323672
459.75,36.5608486064613
459.76,36.59539856300229
459.77,36.63001070030435
459.78,36.664685236842345
459.79,36.69942239212729
459.8,36.73422238671218
459.81,36.76908544219798
459.82,36.80401178123955
459.83,36.83900162755176
459.84,36.87405520591546
459.85,36.90917274218366
459.86,36.944354463287624
459.87,36.979600597243106
459.88,37.014911373156565
459.89,37.05028702123144
459.9,37.08572777277447
459.91,37.12123386020206
459.92,37.15680551704671
459.93,37.19244297796343
459.94,37.22814647873627
459.95,37.26391625628484
459.96,37.29975254867091
459.97,37.33565559510505
459.98,37.37162563595331
459.99,37.40766291274391
460.0,37.44376766817406
460.01,37.479940146116775
460.02,37.516180591627716
460.03,37.55248925095213
460.04,37.5888663715318
460.05,37.62531220201208
460.06,37.66182699224895
460.07,37.69841099331609
460.08,37.73506445751211
460.09,37.77178763836772
460.1,37.808580790653
460.11,37.84544417038472
460.12,37.8823780348337
460.13,37.91938264253225
460.14,37.95645825328161
460.15,37.99360512815951
460.16,38.030823529527694
460.17,38.06811372103962
460.18,38.10547596764809
460.19,38.14291053561301
460.2,38.1804176925092
460.21,38.21799770723421
460.22,38.255650850016266
460.23,38.2933773924222
460.24,38.33117760736549
460.25,38.36905176911433
460.26,38.40700015329977
460.27,38.4450230369239
460.28,38.48312069836811
460.29,38.52129341740141
460.3,38.55954147518877
460.31,38.5978651542996
460.32,38.636264738716186
460.33,38.674740513842295
460.34,38.71329276651175
460.35,38.75192178499714
460.36,38.790627859018535
460.37,38.82941127975231
460.38,38.86827233983998
460.39,38.90721133339719
460.4,38.946228556022646
460.41,38.985324304807214
460.42,39.02449887834304
460.43,39.06375257673275
460.44,39.10308570159871
460.45,39.14249855609233
460.46,39.1819914449035
460.47,39.22156467427005
460.48,39.26121855198725
460.49,39.300953387417444
460.5,39.340769491499735
460.51,39.380667176759715
460.52,39.420646757319275
460.53,39.46070854890652
460.54,39.50085286886571
460.55,39.54108003616731
460.56,39.58139037141811
460.57,39.621784196871396
460.58,39.66226183643721
460.59,39.70282361569271
460.6,39.74346986189254
460.61,39.78420090397938
460.62,39.82501707259448
460.63,39.865918700088294
460.64,39.906906120531254
460.65,39.94797966972454
460.66,39.98913968521097
460.67,40.030386506286014
460.68,40.07172047400878
460.69,40.113141931213185
460.7,40.154651222519185
460.71,40.19624869434405
460.72,40.23793469491377
460.73,40.27970957427452
460.74,40.32157368430421
460.75,40.363527378724164
460.76,40.40557101311081
460.77,40.447704944907535
460.78,40.489929533436595
460.79,40.532245139911105
460.8,40.574652127447145
460.81,40.61715086107593
460.82,40.659741707756105
460.83,40.70242503638611
460.84,40.74520121781665
460.85,40.788070624863245
460.86,40.83103363231889
460.87,40.874090616966825
460.88,40.917241957593355
460.89,40.96048803500083
460.9,41.00382923202068
460.91,41.04726593352655
460.92,41.09079852644759
460.93,41.134427399781764
460.94,41.178152944609316
460.95,41.22197555410634
460.96,41.26589562355845
460.97,41.3099135503745
460.98,41.354029734100536
460.99,41.3982445764337
461.0,41.44255848123636
461.01,41.48697185455033
461.02,41.53148510461114
461.03,41.57609864186248
461.04,41.62081287897071
461.05,41.66562823083955
461.06,41.7105451146248
461.07,41.75556394974924
461.08,41.800685157917606
461.09,41.84590916313173
461.1,41.89123639170573
461.11,41.9366672722814
461.12,41.98220223584363
461.13,42.02784171573605
461.14,42.073586147676714
461.15,42.119435969773924
461.16,42.16539162254223
461.17,42.21145354891849
461.18,42.25762219427809
461.19,42.30389800645131
461.2,42.35028143573977
461.21,42.39677293493303
461.22,42.44337295932537
461.23,42.49008196673263
461.24,42.5369004175092
461.25,42.583828774565184
461.26,42.630867503383676
461.27,42.67801707203816
461.28,42.72527795121008
461.29,42.772650614206526
461.3,42.82013553697807
461.31,42.867733198136754
461.32,42.915444078974204
461.33,42.96326866347991
461.34,43.01120743835963
461.35,43.059260893053974
461.36,43.107429519757126
461.37,43.15571381343568
461.38,43.204114271847686
461.39,43.252631395561814
461.4,43.30126568797669
461.41,43.35001765534039
461.42,43.39888780677006
461.43,43.44787665427177
461.44,43.49698471276041
461.45,43.546212500079896
461.46,43.59556053702342
461.47,43.64502934735391
461.48,43.6946194578247
461.49,43.744331398200266
461.5,43.79416570127725
461.51,43.844122902905575
461.52,43.894203542009755
461.53,43.9444081606104
461.54,43.99473730384589
461.55,44.04519151999419
461.56,44.09577136049492
461.57,44.146477379971536
461.58,44.19731013625373
461.59,44.248270190400035
461.6,44.29935810672054
461.61,44.350574452799904
461.62,44.40191979952048
461.63,44.453394721085644
461.64,44.50499979504336
461.65,44.5567356023099
461.66,44.60860272719376
461.67,44.660601757419826
461.68,44.712733284153686
461.69,44.764997902026174
461.7,44.817396209158126
461.71,44.869928807185325
461.72,44.92259630128366
461.73,44.97539930019453
461.74,45.02833841625041
461.75,45.081414265400674
461.76,45.134627467237614
461.77,45.18797864502269
461.78,45.241468425713
461.79,45.295097439988
461.8,45.348866322276386
461.81,45.40277571078329
461.82,45.45682624751762
461.83,45.51101857831973
461.84,45.56535335288923
461.85,45.61983122481312
461.86,45.67445285159408
461.87,45.72921889467911
461.88,45.78413001948827
461.89,45.83918689544385
461.9,45.89439019599962
461.91,45.94974059867043
461.92,46.005238785062055
461.93,46.06088544090126
461.94,46.11668125606618
461.95,46.17262692461691
461.96,46.22872314482639
461.97,46.28497061921156
461.98,46.34137005456479
461.99,46.39792216198555
462.0,46.454627656912386
462.01,46.51148725915519
462.02,46.56850169292771
462.03,46.62567168688038
462.04,46.68299797413342
462.05,46.74048129231023
462.06,46.79812238357108
462.07,46.8559219946471
462.08,46.913880876874565
462.09,46.971999786229496
462.1,47.03027948336253
462.11,47.088720733634126
462.12,47.147324307150114
462.13,47.206090978797484
462.14,47.26502152828056
462.15,47.324116740157464
462.16,47.383377403876906
462.17,47.442804313815316
462.18,47.5023982693143
462.19,47.562160074718406
462.2,47.6220905394133
462.21,47.68219047786419
462.22,47.74246070965466
462.23,47.80290205952584
462.24,47.86351535741592
462.25,47.92430143850001
462.26,47.98526114323039
462.27,48.0463953173771
462.28,48.107704812068896
462.29,48.1691904838346
462.3,48.23085319464479
462.31,48.292693811953896
462.32,48.35471320874269
462.33,48.41691226356111
462.34,48.479291860571536
462.35,48.54185288959242
462.36,48.60459624614232
462.37,48.66752283148437
462.38,48.730633552671094
462.39,48.79392932258972
462.4,48.85741106000781
462.41,48.9210796896194
462.42,48.984936142091485
462.43,49.04898135411102
462.44,49.11321626843227
462.45,49.17764183392464
462.46,49.242259005620966
462.47,49.307068744766205
462.48,49.372072018866625
462.49,49.43726980173941
462.5,49.50266307356277
462.51,49.568252820926475
462.52,49.63404003688289
462.53,49.70002572099848
462.54,49.766210879405804
462.55,49.832596524855965
462.56,49.89918367677159
462.57,49.9659733613003
462.58,50.03296661136864
462.59,50.100164466736615
462.6,50.16756797405261
462.61,50.23517818690894
462.62,50.30299616589787
462.63,50.371022978668194
462.64,50.43925969998229
462.65,50.507707411773815
462.66,50.57636720320586
462.67,50.64524017072972
462.68,50.714327418144165
462.69,50.78363005665534
462.7,50.853149204937196
462.71,50.922885989192515
462.72,50.99284154321452
462.73,51.063017008449044
462.74,51.13341353405738
462.75,51.20403227697964
462.76,51.274874401998765
462.77,51.34594108180519
462.78,51.41723349706205
462.79,51.488752836471114
462.8,51.56050029683927
462.81,51.63247708314572
462.82,51.7046844086098
462.83,51.77712349475944
462.84,51.84979557150033
462.85,51.92270187718576
462.86,51.99584365868709
462.87,52.069222171465
462.88,52.142838679641315
462.89,52.216694456071664
462.9,52.29079078241877
462.91,52.365128949226474
462.92,52.43971025599452
462.93,52.51453601125404
462.94,52.58960753264381
462.95,52.664926146987256
462.96,52.740493190370195
462.97,52.816310008219396
462.98,52.89237795538189
462.99,52.96869839620507
463.0,53.04527270461759
463.01,53.12210226421108
463.02,53.19918846832269
463.03,53.2765327201184
463.04,53.354136432677244
463.05,53.43200102907633
463.06,53.51012794247673
463.07,53.5885186162102
463.08,53.66717450386685
463.09,53.746097069383616
463.1,53.825287787133675
463.11,53.90474814201675
463.12,53.98447962955032
463.13,54.064483755961795
463.14,54.14476203828155
463.15,54.225316004437
463.16,54.30614719334756
463.17,54.38725715502061
463.18,54.46864745064843
463.19,54.55031965270613
463.2,54.63227534505056
463.21,54.71451612302029
463.22,54.79704359353656
463.23,54.8798593752053
463.24,54.96296509842019
463.25,55.04636240546679
463.26,55.13005295062772
463.27,55.21403840028899
463.28,55.298320433047365
463.29,55.38290073981887
463.3,55.46778102394844
463.31,55.552963001320684
463.32,55.63844840047181
463.33,55.724238962702735
463.34,55.81033644219336
463.35,55.89674260611804
463.36,55.98345923476227
463.37,56.070488121640615
463.38,56.15783107361583
463.39,56.24548991101929
463.4,56.33346646777265
463.41,56.42176259151081
463.42,56.51038014370617
463.43,56.5993209997942
463.44,56.68858704930036
463.45,56.77818019596834
463.46,56.868102357889676
463.47,56.95835546763477
463.48,57.04894147238525
463.49,57.13986233406782
463.5,57.23112002948945
463.51,57.32271655047412
463.52,57.414653904000915
463.53,57.50693411234372
463.54,57.59955921321233
463.55,57.69253125989512
463.56,57.78585232140325
463.57,57.87952448261641
463.58,57.97354984443019
463.59,58.06793052390497
463.6,58.16266865441652
463.61,58.25776638580815
463.62,58.35322588454455
463.63,58.44904933386736
463.64,58.54523893395233
463.65,58.64179690206829
463.66,58.73872547273785
463.67,58.83602689789977
463.68,58.93370344707327
463.69,59.031757407524
463.7,59.13019108443192
463.71,59.229006801061026
463.72,59.328206898930915
463.73,59.427793737990285
463.74,59.52776969679233
463.75,59.62813717267212
463.76,59.72889858192588
463.77,59.83005635999238
463.78,59.93161296163621
463.79,60.033570861133214
463.8,60.13593255245793
463.81,60.23870054947317
463.82,60.341877386121695
463.83,60.445465616620055
463.84,60.549467815654616
463.85,60.653886578579794
463.86,60.758724521618504
463.87,60.863984282064905
463.88,60.96966851848943
463.89,61.07577991094611
463.9,61.1823211611823
463.91,61.28929499285075
463.92,61.396704151724116
463.93,61.5045514059119
463.94,61.61283954607986
463.95,61.72157138567198
463.96,61.830749761134896
463.97,61.940377532144986
463.98,62.050457581838
463.99,62.16099281704138
464.0,62.271986168509216
464.01,62.38344059115995
464.02,62.49535906431683
464.03,62.607744591951075
464.04,62.72060020292797
464.05,62.833928951255736
464.06,62.94773391633733
464.07,63.06201820322514
464.08,63.17678494287875
464.09,63.292037292425555
464.1,63.40777843542458
464.11,63.52401158213331
464.12,63.64073996977766
464.13,63.75796686282515
464.14,63.87569555326123
464.15,63.993929360868954
464.16,64.11267163351188
464.17,64.23192574742036
464.18,64.3516951074812
464.19,64.47198314753078
464.2,64.59279333065157
464.21,64.71412914947234
464.22,64.8359941264718
464.23,64.95839181428593
464.24,65.08132579601897
464.25,65.20479968555813
464.26,65.32881712789207
464.27,65.45338179943323
464.28,65.57849740834406
464.29,65.70416769486708
464.3,65.830396431659
464.31,65.95718742412889
464.32,66.08454451078042
464.33,66.21247156355821
464.34,66.34097248819847
464.35,66.47005122458384
464.36,66.59971174710255
464.37,66.729958065012
464.38,66.86079422280677
464.39,66.99222430059115
464.4,67.12425241445615
464.41,67.25688271686127
464.42,67.39011939702085
464.43,67.52396668129526
464.44,67.65842883358687
464.45,67.7935101557409
464.46,67.9292149879513
464.47,68.06554770917154
464.48,68.20251273753064
464.49,68.34011453075428
464.5,68.47835758659114
464.51,68.61724644324467
464.52,68.75678567981006
464.53,68.89697991671694
464.54,69.03783381617734
464.55,69.17935208263947
464.56,69.32153946324716
464.57,69.46440074830505
464.58,69.60794077174967
464.59,69.75216441162641
464.6,69.89707659057267
464.61,70.04268227630695
464.62,70.1889864821243
464.63,70.33599426739795
464.64,70.48371073808738
464.65,70.6321410472529
464.66,70.78129039557672
464.67,70.93116403189073
464.68,71.08176725371108
464.69,71.23310540777952
464.7,71.38518389061178
464.71,71.538008149053
464.72,71.69158368084025
464.73,71.84591603517244
464.74,72.00101081328741
464.75,72.15687366904673
464.76,72.3135103095279
464.77,72.47092649562433
464.78,72.62912804265308
464.79,72.7881208209706
464.8,72.94791075659644
464.81,73.10850383184511
464.82,73.26990608596628
464.83,73.43212361579333
464.84,73.59516257640043
464.85,73.75902918176824
464.86,73.9237297054585
464.87,74.08927048129735
464.88,74.25565790406782
464.89,74.42289843021143
464.9,74.59099857853914
464.91,74.7599649309517
464.92,74.9298041331696
464.93,75.10052289547276
464.94,75.27212799345014
464.95,75.44462626875925
464.96,75.61802462989594
464.97,75.79233005297449
464.98,75.96754958251816
464.99,76.14369033226039
465.0,76.3207594859568
465.01,76.49876429820816
465.02,76.67771209529445
465.03,76.8576102760203
465.04,77.03846631257174
465.05,77.22028775138482
465.06,77.40308221402582
465.07,77.58685739808357
465.08,77.77162107807398
465.09,77.95738110635686
465.1,78.14414541406533
465.11,78.33192201204797
465.12,78.52071899182391
465.13,78.71054452655112
465.14,78.90140687200791
465.15,79.09331436758814
465.16,79.28627543731004
465.17,79.48029859083911
465.18,79.67539242452517
465.19,79.87156562245377
465.2,80.06882695751227
465.21,80.26718529247081
465.22,80.46664958107829
465.23,80.66722886917368
465.24,80.86893229581302
465.25,81.071769094412
465.26,81.27574859390477
465.27,81.48088021991896
465.28,81.68717349596731
465.29,81.89463804465608
465.3,82.1032835889105
465.31,82.31311995321767
465.32,82.52415706488698
465.33,82.73640495532851
465.34,82.94987376134955
465.35,83.16457372646958
465.36,83.38051520225409
465.37,83.59770864966738
465.38,83.81616464044475
465.39,84.03589385848437
465.4,84.25690710125909
465.41,84.4792152812486
465.42,84.70282942739217
465.43,84.92776068656241
465.44,85.15402032506016
465.45,85.38161973013123
465.46,85.61057041150497
465.47,85.84088400295514
465.48,86.0725722638836
465.49,86.30564708092696
465.5,86.54012046958663
465.51,86.77600457588275
465.52,87.01331167803228
465.53,87.25205418815162
465.54,87.49224465398424
465.55,87.73389576065372
465.56,87.9770203324425
465.57,88.22163133459695
465.58,88.46774187515895
465.59,88.71536520682467
465.6,88.96451472883075
465.61,89.21520398886852
465.62,89.46744668502662
465.63,89.72125666776242
465.64,89.97664794190298
465.65,90.23363466867565
465.66,90.4922311677691
465.67,90.75245191942521
465.68,91.0143115665622
465.69,91.27782491692966
465.7,91.54300694529597
465.71,91.80987279566861
465.72,92.07843778354791
465.73,92.34871739821484
465.74,92.62072730505335
465.75,92.89448334790785
465.76,93.17000155147645
465.77,93.44729812374045
465.78,93.72638945843089
465.79,94.00729213753243
465.8,94.29002293382563
465.81,94.57459881346784
465.82,94.86103693861371
465.83,95.14935467007561
465.84,95.43956957002503
465.85,95.73169940473531
465.86,96.0257621473666
465.87,96.32177598079365
465.88,96.61975930047714
465.89,96.9197307173795
465.9,97.22170906092555
465.91,97.5257133820092
465.92,97.83176295604656
465.93,98.13987728607653
465.94,98.45007610590953
465.95,98.76237938332528
465.96,99.0768073233203
465.97,99.39338037140618
465.98,99.71211921695931
465.99,100.03304479662303
466.0,100.35617829776307
466.01,100.68154116197714
466.02,101.00915508865965
466.03,101.33904203862254
466.04,101.67122423777298
466.05,102.00572418084911
466.06,102.3425646352148
466.07,102.68176864471421
466.08,103.02335953358747
466.09,103.3673609104483
466.1,103.71379667232475
466.11,104.06269100876409
466.12,104.41406840600293
466.13,104.7679536512037
466.14,105.12437183675868
466.15,105.48334836466265
466.16,105.8449089509553
466.17,106.20907963023487
466.18,106.57588676024378
466.19,106.94535702652787
466.2,107.31751744717045
466.21,107.69239537760214
466.22,108.07001851548829
466.23,108.45041490569483
466.24,108.83361294533427
466.25,109.21964138889298
466.26,109.60852935344127
466.27,110.00030632392759
466.28,110.39500215855847
466.29,110.79264709426545
466.3,111.19327175226063
466.31,111.59690714368237
466.32,112.0035846753326
466.33,112.41333615550734
466.34,112.8261937999221
466.35,113.2421902377337
466.36,113.66135851766019
466.37,114.08373211420061
466.38,114.50934493395617
466.39,114.93823132205466
466.4,115.37042606867998
466.41,115.80596441570832
466.42,116.24488206345309
466.43,116.68721517752024
466.44,117.13300039577604
466.45,117.582274835429
466.46,118.03507610022825
466.47,118.49144228777995
466.48,118.951411996984
466.49,119.41502433559312
466.5,119.88231892789612
466.51,120.35333592252782
466.52,120.82811600040748
466.53,121.30670038280809
466.54,121.78913083955865
466.55,122.27544969738177
466.56,122.76569984836877
466.57,123.25992475859468
466.58,123.7581684768755
466.59,124.26047564367006
466.6,124.76689150012898
466.61,125.27746189729307
466.62,125.79223330544387
466.63,126.31125282360867
466.64,126.83456818922274
466.65,127.36222778795126
466.66,127.89428066367374
466.67,128.43077652863352
466.68,128.9717657737551
466.69,129.51729947913205
466.7,130.0674294246885
466.71,130.6222081010166
466.72,131.18168872039354
466.73,131.74592522798017
466.74,132.3149723132051
466.75,132.8888854213365
466.76,133.46772076524533
466.77,134.05153533736234
466.78,134.6403869218327
466.79,135.2343341068708
466.8,135.83343629731897
466.81,136.43775372741283
466.82,137.04734747375687
466.83,137.66227946851353
466.84,138.282612512809
466.85,138.90841029035928
466.86,139.5397373813198
466.87,140.1766592763621
466.88,140.81924239098103
466.89,141.46755408003614
466.9,142.1216626525305
466.91,142.78163738663096
466.92,143.44754854493306
466.93,144.11946738997452
466.94,144.7974662000009
466.95,145.48161828498712
466.96,146.17199800291857
466.97,146.86868077633565
466.98,147.5717431091454
466.99,148.28126260370414
467.0,148.99731797817486
467.01,149.71998908416333
467.02,150.4493569246365
467.03,151.1855036721275
467.04,151.92851268723078
467.05,152.67846853739127
467.06,153.4354570159918
467.07,154.19956516174238
467.08,154.97088127837526
467.09,155.74949495464975
467.1,156.53549708467074
467.11,157.32897988852477
467.12,158.1300369332373
467.13,158.9387631540554
467.14,159.75525487605947
467.15,160.57960983610772
467.16,161.4119272051174
467.17,162.25230761068627
467.18,163.10085316005825
467.19,163.95766746343665
467.2,164.8228556576486
467.21,165.69652443016443
467.22,166.57878204347512
467.23,167.46973835983147
467.24,168.36950486634805
467.25,169.27819470047535
467.26,170.19592267584315
467.27,171.1228053084779
467.28,172.05896084339741
467.29,173.00450928158523
467.3,173.95957240734748
467.31,174.92427381605458
467.32,175.89873894227028
467.33,176.88309508826987
467.34,177.8774714529498
467.35,178.88199916113035
467.36,179.89681129325285
467.37,180.92204291547284
467.38,181.9578311101503
467.39,183.0043150067376
467.4,184.06163581306606
467.41,185.1299368470309
467.42,186.2093635686751
467.43,187.30006361267138
467.44,188.40218682120198
467.45,189.5158852772347
467.46,190.6413133381943
467.47,191.778627670027
467.48,192.92798728165607
467.49,194.08955355982556
467.5,195.26349030432905
467.51,196.4499637636199
467.52,197.6491426707984
467.53,198.86119827997126
467.54,200.08630440297804
467.55,201.32463744647842
467.56,202.57637644939362
467.57,203.84170312069483
467.58,205.12080187753034
467.59,206.41385988368265
467.6,207.72106708834605
467.61,209.04261626521398
467.62,210.3787030518651
467.63,211.72952598943573
467.64,213.0952865625654
467.65,214.47618923960152
467.66,215.87244151304765
467.67,217.28425394023935
467.68,218.71184018422994
467.69,220.15541705486746
467.7,221.61520455004305
467.71,223.09142589708932
467.72,224.58430759430638
467.73,226.0940794525911
467.74,227.62097463714446
467.75,229.16522970922972
467.76,230.7270846679528
467.77,232.30678299203439
467.78,233.90457168154185
467.79,235.52070129954683
467.8,237.1554260136727
467.81,238.80900363749413
467.82,240.48169567174898
467.83,242.17376734532013
467.84,243.88548765594354
467.85,245.61712941059554
467.86,247.36896926551083
467.87,249.14128776577942
467.88,250.93436938446888
467.89,252.74850256121502
467.9,254.58397974022176
467.91,256.4410974076078
467.92,258.3201561280351
467.93,260.2214605805505
467.94,262.1453195935697
467.95,264.0920461789279
467.96,266.0619575649202
467.97,268.0553752282492
467.98,270.0726249247951
467.99,272.1140367191191
468.0,274.1799450126081
468.01,276.27068857016275
468.02,278.38661054532975
468.03,280.52805850377183
468.04,282.6953844449677
468.05,284.8889448220274
468.06,287.10910055950507
468.07,289.3562170690873
468.08,291.6306642630279
468.09,293.93281656519815
468.1,296.2630529196146
468.11,298.62175679630167
468.12,301.0093161943417
468.13,303.4261236419594
468.14,305.8725761934823
468.15,308.3490754230128
468.16,310.8560274146427
468.17,313.393842749035
468.18,315.96293648619104
468.19,318.563728144217
468.2,321.1966416738962
468.21,323.8621054288682
468.22,326.5605521312098
468.23,329.2924188322071
468.24,332.0581468681001
468.25,334.85818181057783
468.26,337.6929734117929
468.27,340.56297554365995
468.28,343.46864613119624
468.29,346.41044707965506
468.3,349.38884419519815
468.31,352.4043070988462
468.32,355.4573091334409
468.33,358.5483272633462
468.34,361.6778419666098
468.35,364.8463371193019
468.36,368.0542998717414
468.37,371.3022205163148
468.38,374.59059234658764
468.39,377.9199115074058
468.4,381.29067683567524
468.41,384.70338969150885
468.42,388.15855377942256
468.43,391.65667495926044
468.44,395.1982610465255
468.45,398.7838216017895
468.46,402.4138677088545
468.47,406.088911741336
468.48,409.8094671173369
468.49,413.5760480418823
468.5,417.3891692367839
468.51,421.249345657605
468.52,425.15709219739875
468.53,429.1129233768954
468.54,433.11735302081684
468.55,437.1708939200028
468.56,441.27405747903805
468.57,445.427353349076
468.58,449.631289045563
468.59,453.886369550576
468.6,458.1930968994963
468.61,462.5519697517545
468.62,466.9634829453929
468.63,471.42812703520883
468.64,475.9463878142541
468.65,480.51874581848733
468.66,485.14567581439184
468.67,489.82764626939314
468.68,494.5651188049332
468.69,499.3585476320813
468.7,504.20837896958824
468.71,509.1150504443177
468.72,514.0789904740182
468.73,519.1006176324303
468.74,524.180339996759
468.75,529.3185544775737
468.76,534.5156461312372
468.77,539.7719874550064
468.78,545.0879376649851
468.79,550.4638419571568
468.8,555.9000307517679
468.81,561.3968189213825
468.82,566.9545050029768
468.83,572.573370394494
468.84,578.2536785363359
468.85,583.9956740783205
468.86,589.7995820326929
468.87,595.6656069138373
468.88,601.5939318653968
468.89,607.584717775572
468.9,613.638102381432
468.91,619.7541993631362
468.92,625.9330974290334
468.93,632.1748593926707
468.94,638.4795212428126
468.95,644.8470912076417
468.96,651.27754881438
468.97,657.7708439456385
468.98,664.3268958938772
468.99,670.9455924154208
469.0,677.6267887855496
469.01,684.3703068562505
469.02,691.1759341182824
469.03,698.0434227692738
469.04,704.9724887896376
469.05,711.9628110281487
469.06,719.0140302990911
469.07,726.1257484929378
469.08,733.2975277025836
469.09,740.5288893672006
469.1,747.8193134358332
469.11,755.1682375528972
469.12,762.5750562677812
469.13,770.0391202707902
469.14,777.5597356576941
469.15,785.1361632251728
469.16,792.767617799469
469.17,800.4532676005663
469.18,808.1922336442246
469.19,815.9835891841988
469.2,823.8263591969597
469.21,831.7195199112265
469.22,839.6619983845906
469.23,847.6526721294879
469.24,855.690368790735
469.25,863.7738658767997
469.26,871.901890546925
469.27,880.0731194561594
469.28,888.2861786602816
469.29,896.5396435825229
469.3,904.8320390439087
469.31,913.1618393589421
469.32,921.5274684982503
469.33,929.927300319702
469.34,938.3596588693853
469.35,946.8228187537071
469.36,955.3150055837413
469.37,963.8343964928096
469.38,972.3791207281317
469.39,980.9472603172244
469.4,989.5368508095678
469.41,998.1458820938924
469.42,1006.7722992912645
469.43,1015.4140037239737
469.44,1024.0688539600437
469.45,1032.7346669330052
469.46,1041.409219136379
469.47,1050.0902478921344
469.48,1058.775452692188
469.49,1067.462496611828
469.5,1076.1490077937444
469.51,1084.8325810011672
469.52,1093.5107792384154
469.53,1102.1811354369759
469.54,1110.8411542050462
469.55,1119.4883136382953
469.56,1128.120067189413
469.57,1136.7338455938577
469.58,1145.3270588490332
469.59,1153.897098243975
469.6,1162.441338436469
469.61,1170.9571395743797
469.62,1179.4418494578308
469.63,1187.8928057387511
469.64,1196.307338154178
469.65,1204.6827707896057
469.66,1213.016424368564
469.67,1221.3056185645269
469.68,1229.547674331171
469.69,1237.7399162469442
469.7,1245.879674869843
469.71,1253.964289098265
469.72,1261.9911085337656
469.73,1269.9574958415346
469.74,1277.860829104405
469.75,1285.698504166208
469.76,1293.4679369603164
469.77,1301.1665658192412
469.78,1308.7918537612
469.79,1316.3412907496222
469.8,1323.8123959216316
469.81,1331.2027197816208
469.82,1338.509846356123
469.83,1345.7313953062896
469.84,1352.8650239943872
469.85,1359.9084295008554
469.86,1366.8593505885888
469.87,1373.7155696112509
469.88,1380.4749143625695
469.89,1387.1352598637204
469.9,1393.6945300860646
469.91,1400.150699606672
469.92,1406.5017951942393
469.93,1412.7458973231812
469.94,1418.8811416138642
469.95,1424.9057201971314
469.96,1430.8178830014551
469.97,1436.6159389612499
469.98,1442.2982571450625
469.99,1447.863267802555
470.0,1453.3094633293842
470.01,1458.63539914928
470.02,1463.8396945128038
470.03,1468.9210332124749
470.04,1473.8781642141205
470.05,1478.709902204505
470.06,1483.415128055463
470.07,1487.992789204942
470.08,1492.4418999555323
470.09,1496.7615416912229
470.1,1500.9508630132918
470.11,1505.0090797963853
470.12,1508.9354751659932
470.13,1512.729399398672
470.14,1516.3902697464969
470.15,1519.9175701873548
470.16,1523.3108511028147
470.17,1526.5697288854146
470.18,1529.6938854773216
470.19,1532.6830678424094
470.2,1535.5370873738912
470.21,1538.255819239728
470.22,1540.8392016681028
470.23,1543.287235175318
470.24,1545.5999817385334
470.25,1547.7775639158035
470.26,1549.820163915927
470.27,1551.7280226206422
470.28,1553.5014385617387
470.29,1555.1407668556694
470.3,1556.6464180982618
470.31,1558.0188572221302
470.32,1559.2586023193915
470.33,1560.3662234322774
470.34,1561.342341314224
470.35,1562.1876261639957
470.36,1562.9027963353792
470.37,1563.4886170249513
470.38,1563.9458989403852
470.39,1564.2754969517234
470.4,1564.478308727999
470.41,1564.5552733615366
470.42,1564.507369982212
470.43,1564.3356163638966
470.44,1564.0410675252472
470.45,1563.6248143269434
470.46,1563.0879820674108
470.47,1562.4317290789975
470.48,1561.6572453265057
470.49,1560.7657510099082
470.5,1559.7584951730066
470.51,1558.6367543197184
470.52,1557.4018310395998
470.53,1556.055052644144
470.54,1554.597769815315
470.55,1553.0313552676998
470.56,1551.3572024255964
470.57,1549.5767241162653
470.58,1547.6913512805145
470.59,1545.7025317016994
470.6,1543.6117287541572
470.61,1541.4204201720167
470.62,1539.1300968392575
470.63,1536.74226160182
470.64,1534.258428102503
470.65,1531.6801196393162
470.66,1529.0088680478896
470.67,1526.2462126084824
470.68,1523.3936989780682
470.69,1520.4528781479132
470.7,1517.4253054270114
470.71,1514.3125394516787
470.72,1511.1161412215586
470.73,1507.8376731622354
470.74,1504.4786982146081
470.75,1501.0407789511203
470.76,1497.525476718907
470.77,1493.9343508098655
470.78,1490.2689576576224
470.79,1486.5308500613266
470.8,1482.7215764361606
470.81,1478.8426800904274
470.82,1474.8956985290372
470.83,1470.8821627831858
470.84,1466.8035967659873
470.85,1462.661516653796
470.86,1458.4574302929263
470.87,1454.1928366314562
470.88,1449.869225175777
470.89,1445.488075471532
470.9,1441.050856608566
470.91,1436.5590267494943
470.92,1432.0140326814808
470.93,1427.4173093908005
470.94,1422.7702796597534
470.95,1418.074353685479
470.96,1413.330928720217
470.97,1408.5413887325467
470.98,1403.7071040891346
470.99,1398.8294312565072
471.0,1393.909712522367
471.01,1388.9492757359662
471.02,1383.9494340670417
471.03,1378.9114857828226
471.04,1373.8367140426162
471.05,1368.7263867094753
471.06,1363.5817561784581
471.07,1358.4040592209863
471.08,1353.1945168448108
471.09,1347.9543341691017
471.1,1342.6847003141772
471.11,1337.3867883053924
471.12,1332.061754990714
471.13,1326.7107409715125
471.14,1321.3348705461065
471.15,1315.9352516656038
471.16,1310.5129759015867
471.17,1305.0691184251966
471.18,1299.6047379971826
471.19,1294.1208769684836
471.2,1288.6185612909208
471.21,1283.0988005375875
471.22,1277.5625879325305
471.23,1272.010900389323
471.24,1266.4446985581426
471.25,1260.8649268809704
471.26,1255.2725136545428
471.27,1249.6683711006876
471.28,1244.0533954436949
471.29,1238.428466994371
471.3,1232.7944502404453
471.31,1227.1521939429945
471.32,1221.5025312385703
471.33,1215.846279746718
471.34,1210.1842416825828
471.35,1204.517203974313
471.36,1198.8459383849745
471.37,1193.171201638701
471.38,1187.4937355508116
471.39,1181.8142671616388
471.4,1176.1335088738138
471.41,1170.4521585927682
471.42,1164.7708998702183
471.43,1159.0904020504026
471.44,1153.4113204188573
471.45,1147.7342963535164
471.46,1142.0599574779346
471.47,1136.3889178164354
471.48,1130.7217779509967
471.49,1125.0591251796925
471.5,1119.4015336765153
471.51,1113.7495646524112
471.52,1108.1037665173674
471.53,1102.4646750433965
471.54,1096.8328135282698
471.55,1091.208692959857
471.56,1085.5928121809366
471.57,1079.985658054346
471.58,1074.3877056283484
471.59,1068.7994183020944
471.6,1063.221247991069
471.61,1057.6536352924115
471.62,1052.097009650008
471.63,1046.5517895192565
471.64,1041.0183825314134
471.65,1035.4971856574289
471.66,1029.9885853711912
471.67,1024.4929578120966
471.68,1019.0106689468716
471.69,1013.5420747305744
471.7,1008.0875212667087
471.71,1002.6473449663864
471.72,997.2218727064786
471.73,991.8114219866981
471.74,986.4163010855611
471.75,981.0368092151793
471.76,975.6732366748329
471.77,970.3258650032838
471.78,964.9949671297882
471.79,959.6808075237701
471.8,954.3836423431212
471.81,949.1037195810952
471.82,943.8412792117671
471.83,938.5965533340295
471.84,933.3697663141023
471.85,928.1611349265318
471.86,922.9708684936595
471.87,917.7991690235431
471.88,912.6462313463105
471.89,907.5122432489361
471.9,902.3973856084234
471.91,897.3018325233849
471.92,892.225751444009
471.93,887.1693033004069
471.94,882.1326426293327
471.95,877.115917699272
471.96,872.1192706338958
471.97,867.1428375338774
471.98,862.1867485970714
471.99,857.2511282370558
472.0,852.3360952000367
472.01,847.4417626801203
472.02,842.5682384329547
472.03,837.7156248877453
472.04,832.8840192576503
472.05,828.0735136485615
472.06,823.2841951662787
472.07,818.516146022083
472.08,813.7694436367207
472.09,809.0441607428036
472.1,804.3403654856386
472.11,799.6581215224941
472.12,794.9974881203162
472.13,790.358520251905
472.14,785.7412686905631
472.15,781.1457801032285
472.16,776.5720971421061
472.17,772.020258534808
472.18,767.4902991730189
472.19,762.982250199699
472.2,758.496139094839
472.21,754.0319897597813
472.22,749.589822600122
472.23,745.1696546072097
472.24,740.771499438254
472.25,736.3953674950608
472.26,732.0412660014098
472.27,727.709199079088
472.28,723.3991678225972
472.29,719.1111703725496
472.3,714.8452019877683
472.31,710.601255116108
472.32,706.3793194640125
472.33,702.1793820648251
472.34,698.0014273458667
472.35,693.8454371943001
472.36,689.7113910217943
472.37,685.599265828006
472.38,681.509036262894
472.39,677.4406746878839
472.4,673.3941512358961
472.41,669.3694338702564
472.42,665.3664884425036
472.43,661.3852787491088
472.44,657.4257665871246
472.45,653.4879118087781
472.46,649.571672375024
472.47,645.6770044080729
472.48,641.8038622429103
472.49,637.9521984778227
472.5,634.1219640239434
472.51,630.3131081538365
472.52,626.5255785491306
472.53,622.7593213472194
472.54,619.0142811870434
472.55,615.290401253966
472.56,611.5876233237609
472.57,607.9058878057217
472.58,604.2451337849112
472.59,600.6052990635624
472.6,596.9863202016452
472.61,593.3881325566135
472.62,589.8106703223452
472.63,586.2538665672888
472.64,582.71765327183
472.65,579.2019613648919
472.66,575.7067207597796
472.67,572.2318603892857
472.68,568.7773082400649
472.69,565.3429913862942
472.7,561.9288360226278
472.71,558.5347674964612
472.72,555.1607103395149
472.73,551.8065882987503
472.74,548.4723243666294
472.75,545.1578408107297
472.76,541.8630592027251
472.77,538.5879004467457
472.78,535.3322848071247
472.79,532.0961319355465
472.8,528.8793608976044
472.81,525.6818901987791
472.82,522.503637809849
472.83,519.3445211917416
472.84,516.2044573198372
472.85,513.0833627077335
472.86,509.9811534304824
472.87,506.8977451473074
472.88,503.83305312381174
472.89,500.7869922536869
472.9,497.7594770799296
472.91,494.75042181557774
472.92,491.7597403639732
472.93,488.7873463385608
472.94,485.83315308223166
472.95,482.89707368622015
472.96,479.9790210085619
472.97,477.078907692122
472.98,474.1966461822007
472.99,471.33214874372544
473.0,468.48532747803614
473.01,465.65609433927216
473.02,462.84436115036806
473.03,460.0500396186662
473.04,457.2730413511527
473.05,454.51327786932467
473.06,451.77066062369556
473.07,449.04510100794545
473.08,446.3365103727233
473.09,443.6448000391081
473.1,440.96988131173475
473.11,438.3116654915926
473.12,435.67006388850126
473.13,433.04498783327165
473.14,430.4363486895571
473.15,427.84405786540174
473.16,425.268026824491
473.17,422.70816709711136
473.18,420.16439029082363
473.19,417.6366081008568
473.2,415.1247323202271
473.21,412.62867484958826
473.22,410.1483477068179
473.23,407.68366303634565
473.24,405.23453311822794
473.25,402.80087037697484
473.26,400.3825873901336
473.27,397.97959689663395
473.28,395.5918118049001
473.29,393.2191452007338
473.3,390.8615103549735
473.31,388.5188207309341
473.32,386.1909899916313
473.33,383.8779320067955
473.34,381.57956085967965
473.35,379.2957908536644
473.36,377.0265365186659
473.37,374.7717126173493
473.38,372.53123415115255
473.39,370.30501636612445
473.4,368.0929747585802
473.41,365.8950250805793
473.42,363.711083345228
473.43,361.54106583181203
473.44,359.3848890907608
473.45,357.2424699484486
473.46,355.1137255118352
473.47,352.99857317294925
473.48,350.89693061321856
473.49,348.8087158076494
473.5,346.7338470288589
473.51,344.67224285096376
473.52,342.6238221533271
473.53,340.5885041241684
473.54,338.56620826403775
473.55,336.5568543891582
473.56,334.5603626346393
473.57,332.57665345756357
473.58,330.6056476399499
473.59,328.64726629159577
473.6,326.7014308528012
473.61,324.7680630969769
473.62,322.8470851331394
473.63,320.9384194082954
473.64,319.0419887097181
473.65,317.1577161671177
473.66,315.28552525470803
473.67,313.4253397931726
473.68,311.5770839515318
473.69,309.7406822489128
473.7,307.9160595562258
473.71,306.1031410977476
473.72,304.30185245261487
473.73,302.51211955622955
473.74,300.73386870157776
473.75,298.9670265404651
473.76,297.21152008466925
473.77,295.4672767070124
473.78,293.7342241423555
473.79,292.0122904885158
473.8,290.3014042071092
473.81,288.6014941243203
473.82,286.91248943160053
473.83,285.23431968629694
473.84,283.56691481221304
473.85,281.9102051001033
473.86,280.264121208103
473.87,278.62859416209454
473.88,277.0035553560127
473.89,275.38893655208955
473.9,273.78466988104043
473.91,272.19068784219326
473.92,270.6069233035617
473.93,269.03330950186404
473.94,267.4697800424891
473.95,265.9162688994104
473.96,264.37271041505
473.97,262.83903930009313
473.98,261.31519063325527
473.99,259.80109986100217
474.0,258.29670279722495
474.01,256.80193562287076
474.02,255.3167348855303
474.03,253.8410374989837
474.04,252.37478074270533
474.05,250.91790226132912
474.06,249.47034006407512
474.07,248.03203252413851
474.08,246.60291837804212
474.09,245.18293672495324
474.1,243.77202702596608
474.11,242.3701291033505
474.12,240.97718313976807
474.13,239.59312967745655
474.14,238.21790961738338
474.15,236.85146421836947
474.16,235.49373509618368
474.17,234.14466422260938
474.18,232.8041939244834
474.19,231.47226688270865
474.2,230.14882613124095
474.21,228.8338150560508
474.22,227.52717739406114
474.23,226.22885723206156
474.24,224.93879900559995
474.25,223.6569474978521
474.26,222.38324783847003
474.27,221.1176455024099
474.28,219.86008630873994
474.29,218.61051641942905
474.3,217.36888233811717
474.31,216.1351309088674
474.32,214.90920931490103
474.33,213.6910650773157
474.34,212.48064605378764
474.35,211.27790043725832
474.36,210.08277675460624
474.37,208.8952238653042
474.38,207.71519096006278
474.39,206.5426275594608
474.4,205.37748351256266
474.41,204.21970899552352
474.42,203.0692545101829
474.43,201.92607088264694
474.44,200.79010926185973
474.45,199.66132111816458
474.46,198.5396582418553
474.47,197.4250727417182
474.48,196.31751704356495
474.49,195.21694388875716
474.5,194.12330633272268
474.51,193.03655774346427
474.52,191.95665180006102
474.53,190.88354249116287
474.54,189.8171841134786
474.55,188.75753127025763
474.56,187.70453886976625
474.57,186.65816212375825
474.58,185.6183565459406
474.59,184.5850779504344
474.6,183.55828245023147
474.61,182.5379264556469
474.62,181.52396667276778
474.63,180.51636010189878
474.64,179.51506403600425
474.65,178.52003605914788
474.66,177.53123404492956
474.67,176.5486161549202
474.68,175.5721408370945
474.69,174.60176682426206
474.7,173.6374531324971
474.71,172.67915905956696
474.72,171.7268441833598
474.73,170.7804683603115
474.74,169.83999172383227
474.75,168.905374682733
474.76,167.97657791965162
474.77,167.0535623894799
474.78,166.1362893177905
474.79,165.22472019926482
474.8,164.31881679612187
474.81,163.41854113654801
474.82,162.5238555131282
474.83,161.63472248127857
474.84,160.7511048576808
474.85,159.87296571871826
474.86,159.00026839891433
474.87,158.13297648937265
474.88,157.27105383622012
474.89,156.4144645390521
474.9,155.5631729493805
474.91,154.71714366908463
474.92,153.8763415488652
474.93,153.04073168670124
474.94,152.21027942631042
474.95,151.38495035561292
474.96,150.56471030519864
474.97,149.7495253467983
474.98,148.93936179175816
474.99,148.13418618951897
475.0,147.33396532609862
475.01,146.5386662225793
475.02,145.74825613359877
475.03,144.96270254584607
475.04,144.1819731765617
475.05,143.4060359720426
475.06,142.63485910615145
475.07,141.86841097883132
475.08,141.10666021462472
475.09,140.3495756611979
475.1,139.59712638787013
475.11,138.84928168414837
475.12,138.10601105826677
475.13,137.3672842357319
475.14,136.63307115787313
475.15,135.9033419803987
475.16,135.178067071957
475.17,134.45721701270392
475.18,133.74076259287548
475.19,133.02867481136644
475.2,132.32092487431467
475.21,131.61748419369138
475.22,130.9183243858972
475.23,130.2234172703644
475.24,129.53273486816505
475.25,128.84624940062525
475.26,128.16393328794555
475.27,127.48575914782752
475.28,126.81169979410653
475.29,126.14172823539087
475.3,125.47581767370711
475.31,124.81394150315181
475.32,124.15607330854967
475.33,123.50218686411804
475.34,122.85225613213797
475.35,122.20625526163163
475.36,121.56415858704634
475.37,120.92594062694513
475.38,120.29157608270386
475.39,119.66103983721489
475.4,119.03430695359748
475.41,118.41135267391475
475.42,117.79215241789736
475.43,117.1766817816738
475.44,116.56491653650752
475.45,115.9568326275406
475.46,115.3524061725443
475.47,114.75161346067632
475.48,114.15443095124482
475.49,113.56083527247917
475.5,112.97080322030757
475.51,112.38431175714143
475.52,111.80133801066651
475.53,111.22185927264094
475.54,110.64585299769999
475.55,110.07329680216775
475.56,109.50416846287553
475.57,108.93844591598715
475.58,108.37610725583106
475.59,107.81713073373928
475.6,107.26149475689314
475.61,106.70917788717591
475.62,106.16015884003221
475.63,105.61441648333424
475.64,105.07192983625487
475.65,104.5326780681475
475.66,103.99664049743282
475.67,103.4637965904922
475.68,102.93412596056804
475.69,102.40760836667087
475.7,101.8842237124932
475.71,101.3639520453301
475.72,100.84677355500666
475.73,100.33266857281214
475.74,99.82161757044078
475.75,99.31360115893948
475.76,98.80860008766207
475.77,98.30659524323039
475.78,97.80756764850194
475.79,97.31149846154435
475.8,96.8183689746163
475.81,96.32816061315535
475.82,95.8408549347721
475.83,95.35643362825121
475.84,94.87487851255888
475.85,94.39617153585695
475.86,93.9202947745235
475.87,93.44723043218005
475.88,92.97696083872529
475.89,92.50946844937522
475.9,92.04473584370986
475.91,91.58274572472635
475.92,91.12348091789858
475.93,90.6669243702431
475.94,90.21305914939155
475.95,89.76186844266944
475.96,89.31333555618117
475.97,88.86744391390155
475.98,88.4241770567735
475.99,87.98351864181207
476.0,87.54545244121472
476.01,87.10996234147784
476.02,86.6770323425195
476.03,86.2466465568083
476.04,85.81878920849852
476.05,85.39344463257125
476.06,84.97059727398175
476.07,84.55023168681286
476.08,84.13233253343444
476.09,83.71688458366887
476.1,83.3038727139626
476.11,82.89328190656357
476.12,82.48509724870468
476.13,82.07930393179315
476.14,81.67588725060583
476.15,81.27483260249028
476.16,80.8761254865718
476.17,80.4797515029662
476.18,80.08569635199845
476.19,79.69394583342701
476.2,79.30448584567392
476.21,78.91730238506064
476.22,78.53238154504946
476.23,78.14970951549073
476.24,77.76927258187554
476.25,77.39105712459411
476.26,77.0150496181997
476.27,76.64123663067804
476.28,76.26960482272231
476.29,75.9001409470136
476.3,75.53283184750671
476.31,75.16766445872157
476.32,74.80462580503986
476.33,74.4437030000071
476.34,74.08488324564004
476.35,73.72815383173936
476.36,73.37350213520764
476.37,73.02091561937257
476.38,72.6703818333154
476.39,72.32188841120453
476.4,71.97542307163427
476.41,71.63097361696882
476.42,71.28852793269117
476.43,70.94807398675721
476.44,70.60959982895486
476.45,70.27309359026809
476.46,69.93854348224612
476.47,69.60593779637738
476.48,69.27526490346847
476.49,68.94651325302806
476.5,68.61967137265553
476.51,68.29472786743455
476.52,67.97167141933139
476.53,67.65049078659806
476.54,67.33117480318012
476.55,67.01371237812927
476.56,66.6980924950206
476.57,66.38430421137446
476.58,66.07233665808297
476.59,65.76217903884121
476.6,65.4538206295828
476.61,65.14725077792018
476.62,64.84245890258933
476.63,64.53943449289893
476.64,64.23816710818406
476.65,63.938646377264185
476.66,63.6408619979057
476.67,63.344803736288696
476.68,63.05046142647811
476.69,62.757824969899175
476.7,62.46688433481715
476.71,62.1776295558213
476.72,61.89005073331304
476.73,61.60413803299834
476.74,61.319881685384274
476.75,61.037271985279624
476.76,60.756299291299705
476.77,60.47695402537516
476.78,60.19922667226487
476.79,59.92310777907285
476.8,59.64858795476913
476.81,59.37565786971461
476.82,59.10430825518986
476.83,58.83452990292781
476.84,58.566313664650295
476.85,58.2996504516085
476.86,58.03453123412719
476.87,57.770947041152766
476.88,57.508888959805034
476.89,57.2483481349328
476.9,56.98931576867307
476.91,56.73178312001407
476.92,56.47574150436178
476.93,56.2211822931102
476.94,55.96809691321522
476.95,55.716476846772
476.96,55.46631363059595
476.97,55.21759885580727
476.98,54.970324167418894
476.99,54.72448126392802
477.0,54.480061896910975
477.01,54.23705787062159
477.02,53.99546104159294
477.03,53.75526331824242
477.04,53.51645666048023
477.05,53.279033079321124
477.06,53.04298463649947
477.07,52.80830344408758
477.08,52.57498166411727
477.09,52.34301150820467
477.1,52.11238523717818
477.11,51.88309516070963
477.12,51.65513363694855
477.13,51.428493072159576
477.14,51.20316592036296
477.15,50.979144682978145
477.16,50.75642190847034
477.17,50.53499019200016
477.18,50.314842175076286
477.19,50.09597054521102
477.2,49.87836803557884
477.21,49.66202742467788
477.22,49.4469415359943
477.23,49.23310323766952
477.24,49.02050544217033
477.25,48.80914110596184
477.26,48.59900322918318
477.27,48.39008485532605
477.28,48.182379070916
477.29,47.97587900519646
477.3,47.77057782981549
477.31,47.56646875851518
477.32,47.363545046823795
477.33,47.16179999175052
477.34,46.961226931482834
477.35,46.761819245086514
477.36,46.563570352208195
477.37,46.36647371278052
477.38,46.17052282672979
477.39,45.97571123368618
477.4,45.782032512696425
477.41,45.58948028193899
477.42,45.39804819844167
477.43,45.207729957801675
477.44,45.018519293908085
477.45,44.830409978666715
477.46,44.64339582172735
477.47,44.45747067021334
477.48,44.272628408453485
477.49,44.0888629577163
477.5,43.90616827594652
477.51,43.72453835750388
477.52,43.54396723290418
477.53,43.36444896856253
477.54,43.18597766653885
477.55,43.00854746428555
477.56,42.83215253439739
477.57,42.656787084363444
477.58,42.482445356321286
477.59,42.30912162681322
477.6,42.13681020654465
477.61,41.96550544014449
477.62,41.79520170592766
477.63,41.62589341565965
477.64,41.45757501432302
477.65,41.29024097988603
477.66,41.12388582307313
477.67,40.95850408713751
477.68,40.79409034763556
477.69,40.63063921220327
477.7,40.46814532033456
477.71,40.30660334316147
477.72,40.14600798323631
477.73,39.98635397431558
477.74,39.82763608114578
477.75,39.6698490992511
477.76,39.51298785472281
477.77,39.35704720401054
477.78,39.20202203371534
477.79,39.04790726038442
477.8,38.894697830307734
477.81,38.742388719316246
477.82,38.5909749325819
477.83,38.44045150441933
477.84,38.290813498089214
477.85,38.142056005603344
477.86,37.994174147531275
477.87,37.84716307280869
477.88,37.701017958547325
477.89,37.55573400984654
477.9,37.41130645960645
477.91,37.26773056834267
477.92,37.12500162400257
477.93,36.983114941783136
477.94,36.842065863950296
477.95,36.70184975965982
477.96,36.562462024779705
477.97,36.423898081714036
477.98,36.28615337922832
477.99,36.1492233922763
478.0,36.01310362182821
478.01,35.87778959470045
478.02,35.74327686338669
478.03,35.60956100589036
478.04,35.476637625558574
478.05,35.344502350917374
478.06,35.213150835508394
478.07,35.08257875772685
478.08,34.95278182066086
478.09,34.823755751932104
478.1,34.69549630353779
478.11,34.56799925169391
478.12,34.441260396679844
478.13,34.31527556268413
478.14,34.19004059765159
478.15,34.065551373131676
478.16,33.94180378412804
478.17,33.818793748949346
478.18,33.6965172090613
478.19,33.57497012893985
478.2,33.45414849592564
478.21,33.33404832007955
478.22,33.21466563403952
478.23,33.09599649287841
478.24,32.97803697396309
478.25,32.86078317681463
478.26,32.7442312229696
478.27,32.62837725584253
478.28,32.51321744058939
478.29,32.398747963972255
478.3,32.28496503422496
478.31,32.171864880919884
478.32,32.05944375483576
478.33,31.947697927826553
478.34,31.83662369269134
478.35,31.726217363045258
478.36,31.616475273191444
478.37,31.507393777993986
478.38,31.398969252751865
478.39,31.291198093073895
478.4,31.184076714754625
478.41,31.07760155365122
478.42,30.971769065561297
478.43,30.866575726101694
478.44,30.762018030588205
478.45,30.658092493916214
478.46,30.554795650442273
478.47,30.452124053866573
478.48,30.350074277116324
478.49,30.248642912230036
478.5,30.14782657024266
478.51,30.04762188107163
478.52,29.94802549340376
478.53,29.849034074582995
478.54,29.750644310499013
478.55,29.652852905476674
478.56,29.555656582166293
478.57,29.459052081434745
478.58,29.363036162257377
478.59,29.267605601610736
478.6,29.172757194366092
478.61,29.078487753183754
478.62,28.98479410840817
478.63,28.891673107963808
478.64,28.79912161725179
478.65,28.70713651904731
478.66,28.615714713397786
478.67,28.524853117521765
478.68,28.434548665708576
478.69,28.34479830921869
478.7,28.255599016184824
478.71,28.166947771513776
478.72,28.078841576788918
478.73,27.991277450173452
478.74,27.904252426314322
478.75,27.817763556246828
478.76,27.731807907299928
478.77,27.646382563002202
478.78,27.561484622988498
478.79,27.47711120290724
478.8,27.393259434328368
478.81,27.309926464651973
478.82,27.22710945701753
478.83,27.144805590213792
478.84,27.06301205858931
478.85,26.981726071963582
478.86,26.900944855538796
478.87,26.820665649812238
478.88,26.74088571048924
478.89,26.661602308396787
478.9,26.582812729397677
478.91,26.504514274305297
478.92,26.426704258798974
478.93,26.349380013339893
478.94,26.272538883087606
478.95,26.19617822781709
478.96,26.120295421836385
478.97,26.044887853904772
478.98,25.969952927151503
478.99,25.895488058995088
479.0,25.821490681063118
479.01,25.747958239112606
479.02,25.67488819295089
479.03,25.602278016357026
479.04,25.530125197003734
479.05,25.458427236379837
479.06,25.38718164971321
479.07,25.31638596589425
479.08,25.24603772739983
479.09,25.176134490217777
479.1,25.10667382377179
479.11,25.037653310846903
479.12,24.96907054751539
479.13,24.90092314306317
479.14,24.833208719916673
479.15,24.76592491357017
479.16,24.6990693725136
479.17,24.63263975816081
479.18,24.566633744778297
479.19,24.501049019414367
479.2,24.43588328182876
479.21,24.371134244422723
479.22,24.306799632169497
479.23,24.242877182545282
479.24,24.17936464546059
479.25,24.11625978319206
479.26,24.053560370314674
479.27,23.991264193634414
479.28,23.92936905212132
479.29,23.86787275684296
479.3,23.806773130898325
479.31,23.74606800935212
479.32,23.685755239169453
479.33,23.62583267915094
479.34,23.56629819986817
479.35,23.507149683599614
479.36,23.44838502426687
479.37,23.39000212737133
479.38,23.331998909931205
479.39,23.274373300418954
479.4,23.21712323869906
479.41,23.160246675966192
479.42,23.103741574683745
479.43,23.047605908522726
479.44,22.991837662301016
479.45,22.936434831922988
479.46,22.881395424319482
479.47,22.826717457388135
479.48,22.77239895993405
479.49,22.718437971610843
479.5,22.66483254286199
479.51,22.61158073486256
479.52,22.55868061946126
479.53,22.506130279122825
479.54,22.453927806870745
479.55,22.402071306230308
479.56,22.350558891171996
479.57,22.299388686055188
479.58,22.24855882557219
479.59,22.198067454692584
479.6,22.147912728607906
479.61,22.09809281267663
479.62,22.048605882369458
479.63,21.999450123214935
479.64,21.95062373074537
479.65,21.90212491044305
479.66,21.853951877686768
479.67,21.806102857698658
479.68,21.758576085491313
479.69,21.711369805815206
479.7,21.66448227310641
479.71,21.61791175143461
479.72,21.57165651445139
479.73,21.525714845338825
479.74,21.480085036758354
479.75,21.434765390799928
479.76,21.389754218931454
479.77,21.345049841948494
479.78,21.300650589924274
479.79,21.256554802159933
479.8,21.212760827135074
479.81,21.169267022458577
479.82,21.126071754819662
479.83,21.08317339993925
479.84,21.040570342521566
479.85,20.99826097620602
479.86,20.956243703519338
479.87,20.91451693582796
479.88,20.873079093290695
479.89,20.831928604811626
479.9,20.791063907993276
479.91,20.750483449090023
479.92,20.710185682961768
479.93,20.670169073027854
479.94,20.63043209122122
479.95,20.590973217942818
479.96,20.551790942016257
479.97,20.512883760642705
479.98,20.47425017935602
479.99,20.435888711978123
480.0,20.39779788057462
480.01,20.359976215410626
480.02,20.322422254906876
480.03,20.285134545596016
480.04,20.248111642079163
480.05,20.21135210698267
480.06,20.17485451091514
480.07,20.138617432424645
480.08,20.102639457956194
480.09,20.066919181809403
480.1,20.0314552060964
480.11,19.99624614069995
480.12,19.96129060323179
480.13,19.926587218991212
480.14,19.892134620923805
480.15,19.857931449580487
480.16,19.82397635307668
480.17,19.79026798705176
480.18,19.75680501462866
480.19,19.723586106373737
480.2,19.690609940256813
480.21,19.657875201611436
480.22,19.62538058309534
480.23,19.593124784651128
480.24,19.56110651346714
480.25,19.529324483938538
480.26,19.49777741762857
480.27,19.466464043230065
480.28,19.435383096527115
480.29,19.40453332035694
480.3,19.373913464571974
480.31,19.343522286002127
480.32,19.31335854841726
480.33,19.283421022489833
480.34,19.253708485757763
480.35,19.22421972258747
480.36,19.1949535241371
480.37,19.16590868831996
480.38,19.13708401976811
480.39,19.10847832979619
480.4,19.080090436365367
480.41,19.051919164047536
480.42,19.023963343989653
480.43,18.996221813878275
480.44,18.968693417904287
480.45,18.941377006727787
480.46,18.91427143744317
480.47,18.887375573544386
480.48,18.860688284890383
480.49,18.834208447670704
480.5,18.807934944371286
480.51,18.78186666374042
480.52,18.756002500754896
480.53,18.730341356586308
480.54,18.704882138567537
480.55,18.679623760159412
480.56,18.65456514091753
480.57,18.629705206459256
480.58,18.605042888430884
480.59,18.580577124474974
480.6,18.556306858197846
480.61,18.532231039137248
480.62,18.508348622730185
480.63,18.48465857028092
480.64,18.461159848929128
480.65,18.437851431618213
480.66,18.4147322970638
480.67,18.391801429722378
480.68,18.3690578197601
480.69,18.34650046302176
480.7,18.324128360999886
480.71,18.301940520804063
480.72,18.27993595513034
480.73,18.258113682230835
480.74,18.236472725883484
480.75,18.215012115361944
480.76,18.193730885405653
480.77,18.17262807619004
480.78,18.151702733296894
480.79,18.13095390768487
480.8,18.110380655660165
480.81,18.089982038847335
480.82,18.06975712416025
480.83,18.049704983773225
480.84,18.029824695092266
480.85,18.010115340726493
480.86,17.990576008459694
480.87,17.971205791222022
480.88,17.95200378706185
480.89,17.932969099117763
480.9,17.91410083559068
480.91,17.895398109716155
480.92,17.87686003973678
480.93,17.85848574887476
480.94,17.84027436530461
480.95,17.82222502212599
480.96,17.804336857336722
480.97,17.786609013805865
480.98,17.76904063924702
480.99,17.7516308861917
481.0,17.734378911962875
481.01,17.717283878648647
481.02,17.700344953076055
481.03,17.683561306785016
481.04,17.666932116002403
481.05,17.650456561616256
481.06,17.634133829150123
481.07,17.617963108737545
481.08,17.601943595096653
481.09,17.586074487504913
481.1,17.570354989774
481.11,17.554784310224786
481.12,17.539361661662486
481.13,17.524086261351904
481.14,17.508957330992825
481.15,17.49397409669552
481.16,17.479135788956402
481.17,17.46444164263378
481.18,17.449890896923762
481.19,17.43548279533627
481.2,17.421216585671175
481.21,17.40709151999458
481.22,17.393106854615198
481.23,17.379261850060868
481.24,17.365555771055195
481.25,17.351987886494307
481.26,17.338557469423726
481.27,17.325263797015378
481.28,17.3121061505447
481.29,17.299083815367897
481.3,17.28619608089928
481.31,17.273442240588754
481.32,17.260821591899408
481.33,17.248333436285233
481.34,17.23597707916894
481.35,17.22375182991991
481.36,17.211657001832247
481.37,17.19969191210297
481.38,17.187855881810286
481.39,17.176148235891997
481.4,17.16456830312402
481.41,17.153115416099023
481.42,17.14178891120515
481.43,17.130588128604895
481.44,17.119512412214053
481.45,17.10856110968081
481.46,17.09773357236492
481.47,17.08702915531701
481.48,17.07644721725797
481.49,17.065987120558503
481.5,17.055648231218704
481.51,17.045429918847827
481.52,17.035331556644103
481.53,17.0253525213747
481.54,17.015492193355765
481.55,17.005749956432588
481.56,16.99612519795986
481.57,16.986617308782044
481.58,16.977225683213845
481.59,16.967949719020794
481.6,16.958788817399917
481.61,16.949742382960522
481.62,16.940809823705088
481.63,16.931990551010244
481.64,16.92328397960787
481.65,16.914689527566267
481.66,16.90620661627147
481.67,16.897834670408614
481.68,16.889573117943446
481.69,16.881421390103895
481.7,16.873378921361773
481.71,16.865445149414555
481.72,16.857619515167254
481.73,16.84990146271442
481.74,16.8422904393222
481.75,16.834785895410516
481.76,16.827387284535344
481.77,16.820094063371066
481.78,16.81290569169293
481.79,16.805821632359617
481.8,16.79884135129588
481.81,16.791964317475284
481.82,16.785190002903047
481.83,16.778517882598962
481.84,16.771947434580426
481.85,16.76547813984554
481.86,16.759109482356326
481.87,16.75284094902201
481.88,16.746672029682408
481.89,16.74060221709141
481.9,16.73463100690054
481.91,16.728757897642602
481.92,16.72298239071544
481.93,16.717303990365753
481.94,16.71172220367302
481.95,16.706236540533506
481.96,16.700846513644365
481.97,16.695551638487803
481.98,16.690351433315364
481.99,16.68524541913227
482.0,16.680233119681855
482.01,16.67531406143011
482.02,16.67048777355027
482.03,16.665753787907512
482.04,16.661111639043735
482.05,16.65656086416242
482.06,16.652101003113557
482.07,16.6477315983787
482.08,16.643452195056042
482.09,16.639262340845626
482.1,16.635161586034606
482.11,16.6311494834826
482.12,16.62722558860712
482.13,16.623389459369097
482.14,16.619640656258454
482.15,16.615978742279786
482.16,16.612403282938118
482.17,16.608913846224723
482.18,16.605510002603037
482.19,16.60219132499464
482.2,16.598957388765314
482.21,16.5958077717112
482.22,16.592742054045004
482.23,16.589759818382284
482.24,16.586860649727825
482.25,16.58404413546209
482.26,16.581309865327732
482.27,16.57865743141619
482.28,16.576086428154362
482.29,16.57359645229134
482.3,16.571187102885244
482.31,16.568857981290087
482.32,16.566608691142765
482.33,16.564438838350075
482.34,16.56234803107583
482.35,16.560335879728047
482.36,16.55840199694618
482.37,16.55654599758846
482.38,16.554767498719283
482.39,16.55306611959667
482.4,16.55144148165982
482.41,16.54989320851668
482.42,16.548420925931655
482.43,16.547024261813334
482.44,16.5457028462023
482.45,16.54445631125901
482.46,16.54328429125176
482.47,16.542186422544667
482.48,16.541162343585786
482.49,16.540211694895245
482.5,16.53933411905346
482.51,16.538529260689423
482.52,16.537796766469047
482.53,16.537136285083587
482.54,16.536547467238112
482.55,16.536029965640058
482.56,16.535583434987828
482.57,16.53520753195948
482.58,16.53490191520145
482.59,16.53466624531736
482.6,16.534500184856892
482.61,16.534403398304697
482.62,16.534375552069402
482.63,16.534416314472654
482.64,16.534525355738243
482.65,16.53470234798127
482.66,16.53494696519739
482.67,16.53525888325211
482.68,16.53563777987015
482.69,16.536083334624866
482.7,16.53659522892772
482.71,16.537173146017835
482.72,16.537816770951586
482.73,16.53852579059226
482.74,16.539299893599775
482.75,16.54013877042046
482.76,16.54104211327688
482.77,16.542009616157742
482.78,16.543040974807838
482.79,16.544135886718053
482.8,16.54529405111543
482.81,16.54651516895329
482.82,16.547798942901426
482.83,16.54914507733631
482.84,16.550553278331403
482.85,16.552023253647498
482.86,16.553554712723116
482.87,16.555147366664965
482.88,16.556800928238452
482.89,16.558515111858252
482.9,16.560289633578915
482.91,16.562124211085546
482.92,16.56401856368454
482.93,16.565972412294357
482.94,16.56798547943634
482.95,16.57005748922563
482.96,16.572188167362075
482.97,16.57437724112124
482.98,16.576624439345444
482.99,16.57892949243485
483.0,16.581292132338614
483.01,16.583712092546083
483.02,16.586189108078035
483.03,16.588722915477984
483.04,16.591313252803523
483.05,16.59395985961773
483.06,16.596662476980597
483.07,16.599420847440552
483.08,16.602234715025983
483.09,16.605103825236846
483.1,16.608027925036303
483.11,16.611006762842415
483.12,16.614040088519886
483.13,16.617127653371845
483.14,16.620269210131685
483.15,16.623464512954943
483.16,16.62671331741123
483.17,16.630015380476216
483.18,16.633370460523643
483.19,16.636778317317404
483.2,16.640238712003644
483.21,16.643751407102936
483.22,16.647316166502485
483.23,16.650932755448373
483.24,16.65460094053787
483.25,16.65832048971176
483.26,16.66209117224674
483.27,16.66591275874785
483.28,16.669785021140942
483.29,16.673707732665207
483.3,16.67768066786573
483.31,16.681703602586104
483.32,16.68577631396107
483.33,16.689898580409224
483.34,16.694070181625737
483.35,16.698290898575134
483.36,16.702560513484126
483.37,16.706878809834464
483.38,16.711245572355832
483.39,16.71566058701881
483.4,16.72012364102785
483.41,16.724634522814302
483.42,16.729193022029488
483.43,16.73379892953781
483.44,16.738452037409886
483.45,16.743152138915757
483.46,16.74789902851811
483.47,16.75269250186554
483.48,16.757532355785866
483.49,16.762418388279475
483.5,16.76735039851271
483.51,16.7723281868113
483.52,16.77735155465381
483.53,16.782420304665152
483.54,16.787534240610135
483.55,16.792693167387032
483.56,16.797896891021196
483.57,16.803145218658717
483.58,16.808437958560113
483.59,16.81377492009406
483.6,16.819155913731155
483.61,16.824580751037722
483.62,16.830049244669645
483.63,16.835561208366247
483.64,16.841116456944196
483.65,16.846714806291462
483.66,16.85235607336129
483.67,16.85804007616622
483.68,16.863766633772144
483.69,16.869535566292395
483.7,16.875346694881863
483.71,16.881199841731164
483.72,16.88709483006082
483.73,16.893031484115504
483.74,16.89900962915828
483.75,16.90502909146491
483.76,16.911089698318193
483.77,16.917191278002306
483.78,16.923333659797212
483.79,16.929516673973087
483.8,16.935740151784785
483.81,16.942003925466327
483.82,16.94830782822544
483.83,16.954651694238095
483.84,16.961035358643123
483.85,16.967458657536827
483.86,16.973921427967642
483.87,16.98042350793082
483.88,16.98696473636315
483.89,16.993544953137707
483.9,17.00016399905865
483.91,17.006821715856006
483.92,17.01351794618054
483.93,17.02025253359861
483.94,17.027025322587093
483.95,17.0338361585283
483.96,17.04068488770495
483.97,17.04757135729517
483.98,17.05449541536751
483.99,17.061456910876007
484.0,17.068455693655263
484.01,17.075491614415565
484.02,17.082564524738018
484.03,17.089674277069722
484.04,17.096820724718977
484.05,17.104003721850507
484.06,17.111223123480713
484.07,17.11847878547297
484.08,17.125770564532928
484.09,17.133098318203867
484.1,17.140461904862054
484.11,17.147861183712152
484.12,17.155296014782632
484.13,17.162766258921238
484.14,17.17027177779046
484.15,17.177812433863043
484.16,17.185388090417508
484.17,17.192998611533735
484.18,17.20064386208853
484.19,17.208323707751244
484.2,17.216038014979418
484.21,17.22378665101444
484.22,17.231569483877234
484.23,17.239386382363993
484.24,17.247237216041903
484.25,17.255121855244923
484.26,17.263040171069573
484.27,17.270992035370757
484.28,17.278977320757605
484.29,17.286995900589336
484.3,17.295047648971163
484.31,17.303132440750208
484.32,17.311250151511434
484.33,17.319400657573624
484.34,17.327583835985372
484.35,17.33579956452109
484.36,17.344047721677057
484.37,17.352328186667474
484.38,17.360640839420558
484.39,17.36898556057465
484.4,17.377362231474343
484.41,17.385770734166645
484.42,17.394210951397163
484.43,17.402682766606294
484.44,17.411186063925463
484.45,17.41972072817337
484.46,17.42828664485225
484.47,17.436883700144183
484.48,17.4455117809074
484.49,17.45417077467262
484.5,17.462860569639417
484.51,17.471581054672605
484.52,17.480332119298627
484.53,17.489113653702
484.54,17.497925548721746
484.55,17.506767695847874
484.56,17.51563998721786
484.57,17.524542315613168
484.58,17.533474574455774
484.59,17.54243665780472
484.6,17.5514284603527
484.61,17.560449877422638
484.62,17.569500804964317
484.63,17.578581139551012
484.64,17.58769077837614
484.65,17.596829619249938
484.66,17.605997560596172
484.67,17.615194501448844
484.68,17.624420341448925
484.69,17.633674980841118
484.7,17.642958320470633
484.71,17.652270261779982
484.72,17.661610706805796
484.73,17.670979558175652
484.74,17.68037671910494
484.75,17.689802093393727
484.76,17.69925558542364
484.77,17.708737100154796
484.78,17.718246543122717
484.79,17.727783820435288
484.8,17.737348838769716
484.81,17.746941505369513
484.82,17.756561728041508
484.83,17.76620941515286
484.84,17.77588447562811
484.85,17.78558681894622
484.86,17.79531635513767
484.87,17.805072994781526
484.88,17.81485664900258
484.89,17.824667229468453
484.9,17.834504648386762
484.91,17.84436881850227
484.92,17.85425965309407
484.93,17.86417706597278
484.94,17.87412097147777
484.95,17.88409128447438
484.96,17.894087920351183
484.97,17.904110795017232
484.98,17.91415982489936
484.99,17.924234926939477
485.0,17.93433601859187
485.01,17.94446301782056
485.02,17.954615843096626
485.03,17.964794413395584
485.04,17.974998648194767
485.05,17.985228467470716
485.06,17.995483791696596
485.07,18.00576454183963
485.08,18.016070639358524
485.09,18.026402006200957
485.1,18.036758564801026
485.11,18.04714023807676
485.12,18.057546949427618
485.13,18.067978622732003
485.14,18.078435182344812
485.15,18.08891655309498
485.16,18.099422660283047
485.17,18.10995342967875
485.18,18.120508787518606
485.19,18.131088660503533
485.2,18.14169297579647
485.21,18.15232166102003
485.22,18.16297464425413
485.23,18.1736518540337
485.24,18.18435321934633
485.25,18.19507866962999
485.26,18.20582813477073
485.27,18.21660154510042
485.28,18.227398831394485
485.29,18.238219924869657
485.3,18.249064757181745
485.31,18.25993326042342
485.32,18.27082536712201
485.33,18.28174101023731
485.34,18.292680123159407
485.35,18.30364263970651
485.36,18.314628494122807
485.37,18.325637621076332
485.38,18.336669955656827
485.39,18.34772543337365
485.4,18.358803990153664
485.41,18.369905562339163
485.42,18.381030086685794
485.43,18.392177500360503
485.44,18.403347740939488
485.45,18.414540746406164
485.46,18.42575645514915
485.47,18.43699480596025
485.48,18.448255738032472
485.49,18.459539190958036
485.5,18.470845104726408
485.51,18.482173419722333
485.52,18.493524076723908
485.53,18.504897016900628
485.54,18.51629218181148
485.55,18.52770951340302
485.56,18.539148954007494
485.57,18.55061044634093
485.58,18.562093933501277
485.59,18.573599358966543
485.6,18.585126666592945
485.61,18.59667580061306
485.62,18.608246705634013
485.63,18.619839326635645
485.64,18.631453608968727
485.65,18.643089498353145
485.66,18.654746940876134
485.67,18.666425882990502
485.68,18.678126271512873
485.69,18.689848053621933
485.7,18.7015911768567
485.71,18.713355589114784
485.72,18.72514123865069
485.73,18.7369480740741
485.74,18.748776044348183
485.75,18.76062509878791
485.76,18.77249518705838
485.77,18.78438625917316
485.78,18.796298265492638
485.79,18.80823115672237
485.8,18.820184883911466
485.81,18.832159398450948
485.82,18.844154652072156
485.83,18.856170596845146
485.84,18.86820718517709
485.85,18.880264369810714
485.86,18.892342103822706
485.87,18.904440340622177
485.88,18.916559033949095
485.89,18.92869813787276
485.9,18.94085760679026
485.91,18.95303739542496
485.92,18.96523745882499
485.93,18.977457752361737
485.94,18.989698231728365
485.95,19.001958852938323
485.96,19.014239572323877
485.97,19.02654034653465
485.98,19.038861132536162
485.99,19.051201887608396
486.0,19.06356256934435
486.01,19.075943135648618
486.02,19.088343544735977
486.03,19.100763755129975
486.04,19.113203725661535
486.05,19.125663415467564
486.06,19.13814278398957
486.07,19.150641790972298
486.08,19.163160396462366
486.09,19.175698560806904
486.1,19.188256244652216
486.11,19.200833408942444
486.12,19.213430014918238
486.13,19.22604602411544
486.14,19.238681398363767
486.15,19.25133609978552
486.16,19.264010090794276
486.17,19.27670333409362
486.18,19.289415792675864
486.19,19.302147429820767
486.2,19.314898209094284
486.21,19.327668094347324
486.22,19.34045704971449
486.23,19.353265039612857
486.24,19.36609202874073
486.25,19.378937982076447
486.26,19.391802864877146
486.27,19.404686642677575
486.28,19.417589281288897
486.29,19.4305107467975
486.3,19.44345100556381
486.31,19.45641002422113
486.32,19.469387769674487
486.33,19.482384209099447
486.34,19.49539930994099
486.35,19.50843303991236
486.36,19.52148536699394
486.37,19.53455625943211
486.38,19.547645685738157
486.39,19.560753614687133
486.4,19.573880015316778
486.41,19.587024856926405
486.42,19.600188109075823
486.43,19.613369741584258
486.44,19.626569724529272
486.45,19.6397880282457
486.46,19.65302462332459
486.47,19.666279480612154
486.48,19.679552571208717
486.49,19.692843866467687
486.5,19.70615333799452
486.51,19.719480957645697
486.52,19.732826697527706
486.53,19.746190529996035
486.54,19.759572427654163
486.55,19.772972363352576
486.56,19.786390310187766
486.57,19.799826241501254
486.58,19.813280130878614
486.59,19.826751952148502
486.6,19.8402416793817
486.61,19.853749286890142
486.62,19.867274749226
486.63,19.880818041180703
486.64,19.894379137784025
486.65,19.907958014303148
486.66,19.92155464624174
486.67,19.935169009339045
486.68,19.94880107956896
486.69,19.962450833139133
486.7,19.976118246490085
486.71,19.989803296294294
486.72,20.003505959455328
486.73,20.017226213106955
486.74,20.030964034612275
486.75,20.04471940156286
486.76,20.05849229177788
486.77,20.072282683303268
486.78,20.08609055441085
486.79,20.09991588359752
486.8,20.11375864958441
486.81,20.127618831316028
486.82,20.141496407959476
486.83,20.155391358903604
486.84,20.169303663758203
486.85,20.18323330235321
486.86,20.19718025473789
486.87,20.211144501180062
486.88,20.225126022165295
486.89,20.23912479839613
486.9,20.253140810791304
486.91,20.267174040484978
486.92,20.281224468825968
486.93,20.295292077376992
486.94,20.309376847913907
486.95,20.32347876242497
486.96,20.33759780311008
486.97,20.351733952380055
486.98,20.365887192855897
486.99,20.380057507368054
487.0,20.39424487895571
487.01,20.408449290866063
487.02,20.42267072655362
487.03,20.436909169679485
487.04,20.451164604110662
487.05,20.465437013919363
487.06,20.479726383382317
487.07,20.49403269698008
487.08,20.508355939396367
487.09,20.522696095517368
487.1,20.53705315043109
487.11,20.551427089426678
487.12,20.565817897993774
487.13,20.58022556182186
487.14,20.594650066799595
487.15,20.609091399014197
487.16,20.62354954475078
487.17,20.63802449049174
487.18,20.65251622291612
487.19,20.66702472889898
487.2,20.681549995510796
487.21,20.69609201001683
487.22,20.710650759876533
487.23,20.725226232742934
487.24,20.739818416462047
487.25,20.754427299072276
487.26,20.769052868803826
487.27,20.783695114078114
487.28,20.7983540235072
487.29,20.81302958589321
487.3,20.827721790227756
487.31,20.842430625691378
487.32,20.85715608165299
487.33,20.871898147669317
487.34,20.886656813484336
487.35,20.901432069028747
487.36,20.916223904419418
487.37,20.93103230995886
487.38,20.94585727613467
487.39,20.960698793619038
487.4,20.975556853268188
487.41,20.990431446121885
487.42,21.005322563402906
487.43,21.020230196516536
487.44,21.035154337050056
487.45,21.050094976772247
487.46,21.065052107632894
487.47,21.080025721762286
487.48,21.095015811470734
487.49,21.110022369248085
487.5,21.125045387763244
487.51,21.14008485986369
487.52,21.15514077857502
487.53,21.17021313710047
487.54,21.18530192882045
487.55,21.200407147292108
487.56,21.215528786248843
487.57,21.23066683959988
487.58,21.245821301429814
487.59,21.260992165998168
487.6,21.27617942773896
487.61,21.291383081260264
487.62,21.306603121343787
487.63,21.32183954294444
487.64,21.337092341189912
487.65,21.352361511380266
487.66,21.367647048987514
487.67,21.382948949655212
487.68,21.398267209198057
487.69,21.413601823601482
487.7,21.428952789021263
487.71,21.444320101783124
487.72,21.459703758382346
487.73,21.475103755483385
487.74,21.49052008991949
487.75,21.505952758692317
487.76,21.521401758971578
487.77,21.536867088094645
487.78,21.552348743566203
487.79,21.567846723057873
487.8,21.58336102440787
487.81,21.59889164562064
487.82,21.6144385848665
487.83,21.63000184048132
487.84,21.64558141096614
487.85,21.66117729498687
487.86,21.676789491373928
487.87,21.692417999121915
487.88,21.708062817389294
487.89,21.72372394549806
487.9,21.739401382933426
487.91,21.755095129343488
487.92,21.77080518453893
487.93,21.786531548492704
487.94,21.802274221339736
487.95,21.818033203376615
487.96,21.83380849506129
487.97,21.849600097012782
487.98,21.865408010010892
487.99,21.88123223499591
488.0,21.89707277306833
488.01,21.912929625488577
488.02,21.928802793676716
488.03,21.944692279212195
488.04,21.96059808383356
488.05,21.976520209438192
488.06,21.99245865808205
488.07,22.00841343197941
488.08,22.024384533502595
488.09,22.04037196518174
488.1,22.056375729704538
488.11,22.072395829915983
488.12,22.088432268818146
488.13,22.104485049569913
488.14,22.12055417548677
488.15,22.13663965004056
488.16,22.152741476859262
488.17,22.16885965972675
488.18,22.184994202582587
488.19,22.201145109521804
488.2,22.21731238479467
488.21,22.2334960328065
488.22,22.249696058117433
488.23,22.265912465442227
488.24,22.282145259650065
488.25,22.298394445764345
488.26,22.314660028962496
488.27,22.330942014575776
488.28,22.347240408089093
488.29,22.363555215140803
488.3,22.379886441522547
488.31,22.39623409317906
488.32,22.412598176207997
488.33,22.428978696859758
488.34,22.445375661537327
488.35,22.461789076796094
488.36,22.4782189493437
488.37,22.494665286039872
488.38,22.511128093896275
488.39,22.527607380076347
488.4,22.544103151895154
488.41,22.560615416819246
488.42,22.577144182466505
488.43,22.59368945660601
488.44,22.610251247157905
488.45,22.626829562193247
488.46,22.643424409933893
488.47,22.660035798752354
488.48,22.67666373717169
488.49,22.69330823386537
488.5,22.709969297657164
488.51,22.726646937521018
488.52,22.74334116258095
488.53,22.76005198211094
488.54,22.776779405534814
488.55,22.793523442426146
488.56,22.81028410250816
488.57,22.82706139565363
488.58,22.84385533188479
488.59,22.86066592137323
488.6,22.877493174439824
488.61,22.894337101554633
488.62,22.91119771333683
488.63,22.928075020554612
488.64,22.944969034125133
488.65,22.96187976511443
488.66,22.978807224737338
488.67,22.995751424357454
488.68,23.012712375487038
488.69,23.029690089786975
488.7,23.046684579066707
488.71,23.06369585528418
488.72,23.080723930545794
488.73,23.097768817106353
488.74,23.114830527369012
488.75,23.131909073885247
488.76,23.149004469354804
488.77,23.166116726625663
488.78,23.183245858694008
488.79,23.200391878704195
488.8,23.21755479994872
488.81,23.23473463586819
488.82,23.251931400051316
488.83,23.269145106234877
488.84,23.28637576830371
488.85,23.3036234002907
488.86,23.32088801637676
488.87,23.33816963089083
488.88,23.355468258309873
488.89,23.372783913258868
488.9,23.390116610510812
488.91,23.40746636498673
488.92,23.424833191755667
488.93,23.442217106034718
488.94,23.459618123189028
488.95,23.477036258731804
488.96,23.494471528324347
488.97,23.511923947776058
488.98,23.529393533044473
488.99,23.54688030023529
489.0,23.56438426560239
489.01,23.581905445547875
489.02,23.599443856622113
489.03,23.61699951552376
489.04,23.63457243909981
489.05,23.652162644345644
489.06,23.669770148405068
489.07,23.687394968570366
489.08,23.705037122282363
489.09,23.722696627130468
489.1,23.740373500852733
489.11,23.75806776133593
489.12,23.775779426615596
489.13,23.793508514876116
489.14,23.811255044450782
489.15,23.829019033821872
489.16,23.846800501620734
489.17,23.864599466627848
489.18,23.882415947772916
489.19,23.900249964134957
489.2,23.918101534942377
489.21,23.93597067957307
489.22,23.95385741755451
489.23,23.971761768563848
489.24,23.989683752428007
489.25,24.00762338912379
489.26,24.025580698777983
489.27,24.043555701667458
489.28,24.06154841821929
489.29,24.079558869010867
489.3,24.097587074770015
489.31,24.1156330563751
489.32,24.133696834855165
489.33,24.151778431390056
489.34,24.16987786731054
489.35,24.18799516409844
489.36,24.206130343386768
489.37,24.22428342695987
489.38,24.24245443675356
489.39,24.260643394855258
489.4,24.278850323504134
489.41,24.29707524509127
489.42,24.315318182159803
489.43,24.333579157405072
489.44,24.351858193674786
489.45,24.37015531396918
489.46,24.388470541441183
489.47,24.406803899396568
489.48,24.42515541129414
489.49,24.44352510074589
489.5,24.461912991517192
489.51,24.480319107526956
489.52,24.498743472847824
489.53,24.517186111706348
489.54,24.535647048483174
489.55,24.554126307713236
489.56,24.572623914085952
489.57,24.5911398924454
489.58,24.609674267790545
489.59,24.628227065275414
489.6,24.646798310209313
489.61,24.665388028057027
489.62,24.68399624443904
489.63,24.70262298513174
489.64,24.721268276067637
489.65,24.739932143335576
489.66,24.758614613180967
489.67,24.777315712006008
489.68,24.79603546636991
489.69,24.81477390298913
489.7,24.833531048737598
489.71,24.852306930646964
489.72,24.87110157590683
489.73,24.889915011865
489.74,24.908747266027714
489.75,24.927598366059907
489.76,24.94646833978546
489.77,24.96535721518745
489.78,24.984265020408404
489.79,25.003191783750573
489.8,25.022137533676187
489.81,25.04110229880772
489.82,25.06008610792816
489.83,25.079088989981297
489.84,25.09811097407198
489.85,25.117152089466398
489.86,25.136212365592378
489.87,25.155291832039655
489.88,25.174390518560163
489.89,25.19350845506833
489.9,25.212645671641372
489.91,25.23180219851959
489.92,25.25097806610667
489.93,25.270173304969987
489.94,25.289387945840915
489.95,25.308622019615132
489.96,25.32787555735294
489.97,25.347148590279573
489.98,25.366441149785526
489.99,25.38575326742687
490.0,25.405084974925582
490.01,25.42443630416987
490.02,25.443807287214515
490.03,25.463197956281196
490.04,25.482608343758834
490.05,25.502038482203933
490.06,25.521488404340925
490.07,25.540958143062518
490.08,25.56044773143005
490.09,25.579957202673835
490.1,25.59948659019354
490.11,25.619035927558524
490.12,25.63860524850822
490.13,25.658194586952494
490.14,25.677803976972015
490.15,25.697433452818636
490.16,25.71708304891577
490.17,25.736752799858774
490.18,25.756442740415316
490.19,25.776152905525787
490.2,25.79588333030368
490.21,25.81563405003599
490.22,25.835405100183593
490.23,25.855196516381678
490.24,25.87500833444013
490.25,25.89484059034394
490.26,25.914693320253626
490.27,25.934566560505644
490.28,25.954460347612795
490.29,25.974374718264663
490.3,25.994309709328032
490.31,26.014265357847318
490.32,26.034241701044994
490.33,26.054238776322034
490.34,26.074256621258346
490.35,26.094295273613223
490.36,26.114354771325775
490.37,26.134435152515394
490.38,26.154536455482194
490.39,26.17465871870748
490.4,26.194801980854198
490.41,26.214966280767403
490.42,26.235151657474724
490.43,26.25535815018684
490.44,26.275585798297953
490.45,26.29583464138626
490.46,26.316104719214447
490.47,26.33639607173016
490.48,26.356708739066505
490.49,26.377042761542537
490.5,26.397398179663757
490.51,26.41777503412261
490.52,26.438173365798992
490.53,26.45859321576076
490.54,26.479034625264237
490.55,26.499497635754725
490.56,26.519982288867038
490.57,26.54048862642601
490.58,26.561016690447037
490.59,26.58156652313658
490.6,26.602138166892733
490.61,26.622731664305732
490.62,26.643347058158522
490.63,26.66398439142728
490.64,26.68464370728198
490.65,26.70532504908694
490.66,26.726028460401377
490.67,26.74675398497998
490.68,26.767501666773455
490.69,26.78827154992912
490.7,26.809063678791457
490.71,26.829878097902697
490.72,26.850714852003403
490.73,26.87157398603305
490.74,26.89245554513062
490.75,26.91335957463519
490.76,26.93428612008654
490.77,26.955235227225735
490.78,26.97620694199575
490.79,26.997201310542064
490.8,27.01821837921329
490.81,27.039258194561786
490.82,27.060320803344265
490.83,27.08140625252244
490.84,27.10251458926365
490.85,27.12364586094148
490.86,27.144800115136423
490.87,27.165977399636507
490.88,27.187177762437948
490.89,27.208401251745798
490.9,27.229647915974613
490.91,27.250917803749097
490.92,27.272210963904783
490.93,27.293527445488685
490.94,27.31486729775999
490.95,27.336230570190722
490.96,27.35761731246643
490.97,27.379027574486884
490.98,27.40046140636674
490.99,27.42191885843627
491.0,27.44339998124204
491.01,27.46490482554762
491.02,27.48643344233429
491.03,27.50798588280177
491.04,27.529562198368918
491.05,27.551162440674467
491.06,27.57278666157775
491.07,27.594434913159432
491.08,27.61610724772224
491.09,27.637803717791723
491.1,27.65952437611698
491.11,27.681269275671422
491.12,27.703038469653528
491.13,27.724832011487603
491.14,27.746649954824548
491.15,27.768492353542623
491.16,27.79035926174823
491.17,27.81225073377669
491.18,27.834166824193037
491.19,27.856107587792792
491.2,27.87807307960277
491.21,27.900063354881887
491.22,27.922078469121942
491.23,27.944118478048452
491.24,27.966183437621456
491.25,27.988273404036335
491.26,28.01038843372464
491.27,28.032528583354924
491.28,28.054693909833578
491.29,28.07688447030566
491.3,28.09910032215577
491.31,28.12134152300887
491.32,28.143608130731153
491.33,28.16590020343092
491.34,28.18821779945942
491.35,28.210560977411745
491.36,28.2329297961277
491.37,28.255324314692682
491.38,28.27774459243858
491.39,28.300190688944657
491.4,28.322662664038457
491.41,28.34516057779671
491.42,28.36768449054625
491.43,28.390234462864914
491.44,28.412810555582475
491.45,28.435412829781576
491.46,28.458041346798648
491.47,28.480696168224863
491.48,28.503377355907073
491.49,28.52608497194876
491.5,28.548819078710988
491.51,28.57157973881338
491.52,28.59436701513507
491.53,28.61718097081568
491.54,28.64002166925631
491.55,28.66288917412051
491.56,28.685783549335284
491.57,28.708704859092073
491.58,28.731653167847774
491.59,28.754628540325744
491.6,28.777631041516806
491.61,28.80066073668029
491.62,28.82371769134504
491.63,28.846801971310462
491.64,28.869913642647568
491.65,28.893052771700003
491.66,28.91621942508512
491.67,28.93941366969503
491.68,28.962635572697653
491.69,28.985885201537826
491.7,29.009162623938344
491.71,29.032467907901065
491.72,29.055801121707997
491.73,29.079162333922397
491.74,29.102551613389874
491.75,29.1259690292395
491.76,29.149414650884925
491.77,29.17288854802551
491.78,29.196390790647452
491.79,29.21992144902492
491.8,29.2434805937212
491.81,29.26706829558985
491.82,29.290684625775864
491.83,29.314329655716822
491.84,29.338003457144072
491.85,29.36170610208391
491.86,29.385437662858763
491.87,29.409198212088377
491.88,29.432987822691032
491.89,29.45680656788474
491.9,29.480654521188455
491.91,29.504531756423305
491.92,29.528438347713813
491.93,29.55237436948914
491.94,29.576339896484324
491.95,29.600335003741538
491.96,29.624359766611335
491.97,29.64841426075393
491.98,29.67249856214047
491.99,29.696612747054296
492.0,29.720756892092265
492.01,29.74493107416602
492.02,29.769135370503303
492.03,29.793369858649275
492.04,29.817634616467817
492.05,29.841929722142876
492.06,29.86625525417979
492.07,29.890611291406636
492.08,29.914997912975576
492.09,29.939415198364223
492.1,29.963863227377008
492.11,29.988342080146545
492.12,30.012851837135027
492.13,30.037392579135613
492.14,30.061964387273825
492.15,30.086567343008966
492.16,30.111201528135528
492.17,30.135867024784616
492.18,30.160563915425392
492.19,30.18529228286651
492.2,30.210052210257558
492.21,30.23484378109054
492.22,30.25966707920132
492.23,30.284522188771117
492.24,30.309409194327976
492.25,30.334328180748276
492.26,30.359279233258224
492.27,30.38426243743537
492.28,30.409277879210126
492.29,30.4343256448673
492.3,30.459405821047632
492.31,30.48451849474934
492.32,30.50966375332969
492.33,30.534841684506542
492.34,30.56005237635995
492.35,30.585295917333724
492.36,30.61057239623705
492.37,30.635881902246066
492.38,30.6612245249055
492.39,30.686600354130285
492.4,30.712009480207186
492.41,30.737451993796455
492.42,30.762927985933473
492.43,30.788437548030416
492.44,30.813980771877937
492.45,30.83955774964683
492.46,30.865168573889736
492.47,30.89081333754285
492.48,30.916492133927612
492.49,30.942205056752453
492.5,30.96795220011452
492.51,30.993733658501416
492.52,31.019549526792957
492.53,31.04539990026294
492.54,31.071284874580908
492.55,31.09720454581395
492.56,31.12315901042848
492.57,31.149148365292067
492.58,31.175172707675227
492.59,31.201232135253274
492.6,31.227326746108144
492.61,31.253456638730253
492.62,31.27962191202036
492.63,31.305822665291437
492.64,31.332058998270554
492.65,31.358331011100777
492.66,31.384638804343066
492.67,31.41098247897821
492.68,31.437362136408737
492.69,31.463777878460874
492.7,31.49022980738649
492.71,31.51671802586506
492.72,31.543242637005644
492.73,31.569803744348878
492.74,31.596401451868974
492.75,31.62303586397573
492.76,31.64970708551656
492.77,31.67641522177852
492.78,31.703160378490374
492.79,31.729942661824637
492.8,31.75676217839967
492.81,31.783619035281742
492.82,31.810513339987153
492.83,31.837445200484336
492.84,31.864414725195974
492.85,31.89142202300115
492.86,31.918467203237498
492.87,31.945550375703352
492.88,31.972671650659937
492.89,31.999831138833553
492.9,32.02702895141778
492.91,32.0542652000757
492.92,32.081539996942105
492.93,32.10885345462577
492.94,32.13620568621171
492.95,32.16359680526341
492.96,32.19102692582515
492.97,32.2184961624243
492.98,32.24600463007362
492.99,32.273552444273584
493.0,32.301139721014735
493.01,32.32876657678004
493.02,32.35643312854725
493.03,32.38413949379129
493.04,32.41188579048664
493.05,32.4396721371098
493.06,32.46749865264165
493.07,32.49536545656994
493.08,32.523272668891735
493.09,32.55122041011589
493.1,32.57920880126553
493.11,32.60723796388057
493.12,32.63530802002022
493.13,32.663419092265514
493.14,32.69157130372189
493.15,32.71976477802172
493.16,32.74799963932693
493.17,32.77627601233154
493.18,32.804594022264354
493.19,32.83295379489152
493.2,32.86135545651923
493.21,32.889799133996334
493.22,32.91828495471706
493.23,32.94681304662369
493.24,32.975383538209265
493.25,33.003996558520335
493.26,33.032652237159695
493.27,33.06135070428915
493.28,33.09009209063227
493.29,33.118876527477234
493.3,33.147704146679615
493.31,33.176575080665216
493.32,33.20548946243292
493.33,33.23444742555756
493.34,33.26344910419281
493.35,33.29249463307408
493.36,33.321584147521435
493.37,33.350717783442555
493.38,33.37989567733567
493.39,33.40911796629254
493.4,33.43838478800148
493.41,33.46769628075033
493.42,33.49705258342952
493.43,33.52645383553511
493.44,33.55590017717186
493.45,33.585391749056335
493.46,33.614928692519996
493.47,33.64451114951235
493.48,33.674139262604065
493.49,33.70381317499019
493.5,33.733533030493305
493.51,33.76329897356674
493.52,33.79311114929782
493.53,33.82296970341109
493.54,33.852874782271606
493.55,33.88282653288822
493.56,33.912825102916884
493.57,33.942870640664
493.58,33.97296329508976
493.59,34.00310321581154
493.6,34.03329055310728
493.61,34.06352545791889
493.62,34.09380808185574
493.63,34.12413857719807
493.64,34.1545170969005
493.65,34.18494379459553
493.66,34.2154188245971
493.67,34.24594234190408
493.68,34.2765145022039
493.69,34.30713546187612
493.7,34.337805377996055
493.71,34.36852440833843
493.72,34.39929271138104
493.73,34.430110446308426
493.74,34.46097777301562
493.75,34.49189485211186
493.76,34.52286184492436
493.77,34.55387891350209
493.78,34.5849462206196
493.79,34.61606392978085
493.8,34.64723220522306
493.81,34.678451211920624
493.82,34.709721115588984
493.83,34.74104208268859
493.84,34.772414280428855
493.85,34.80383787677214
493.86,34.83531304043778
493.87,34.866839940906104
493.88,34.8984187484225
493.89,34.930049634001534
493.9,34.961732769431045
493.91,34.99346832727629
493.92,35.025256480884124
493.93,35.05709740438721
493.94,35.08899127270821
493.95,35.12093826156409
493.96,35.15293854747037
493.97,35.184992307745425
493.98,35.21709972051486
493.99,35.24926096471585
494.0,35.28147622010155
494.01,35.313745667245506
494.02,35.346069487546124
494.03,35.37844786323114
494.04,35.41088097736215
494.05,35.44336901383913
494.06,35.47591215740505
494.07,35.50851059365041
494.08,35.541164509017946
494.09,35.573874090807244
494.1,35.60663952717946
494.11,35.63946100716203
494.12,35.67233872065346
494.13,35.70527285842805
494.14,35.738263612140805
494.15,35.77131117433221
494.16,35.804415738433164
494.17,35.83757749876987
494.18,35.870796650568785
494.19,35.904073389961646
494.2,35.93740791399044
494.21,35.97080042061248
494.22,36.00425110870547
494.23,36.03776017807265
494.24,36.07132782944794
494.25,36.1049542645011
494.26,36.13863968584302
494.27,36.17238429703089
494.28,36.206188302573565
494.29,36.240051907936866
494.3,36.273975319548946
494.31,36.307958744805696
494.32,36.342002392076175
494.33,36.376106470708095
494.34,36.41027119103333
494.35,36.44449676437346
494.36,36.47878340304536
494.37,36.51313132036683
494.38,36.54754073066226
494.39,36.58201184926832
494.4,36.6165448925397
494.41,36.65114007785491
494.42,36.685797623622086
494.43,36.720517749284845
494.44,36.755300675328186
494.45,36.790146623284436
494.46,36.825055815739226
494.47,36.86002847633752
494.48,36.895064829789646
494.49,36.93016510187745
494.5,36.965329519460404
494.51,37.000558310481814
494.52,37.035851703975034
494.53,37.071209930069756
494.54,37.106633219998315
494.55,37.14212180610207
494.56,37.17767592183779
494.57,37.213295801784106
494.58,37.24898168164801
494.59,37.2847337982714
494.6,37.32055238963764
494.61,37.35643769487823
494.62,37.39238995427946
494.63,37.42840940928911
494.64,37.46449630252327
494.65,37.500650877773126
494.66,37.53687338001182
494.67,37.573164055401385
494.68,37.60952315129969
494.69,37.64595091626745
494.7,37.682447600075314
494.71,37.71901345371092
494.72,37.7556487293861
494.73,37.79235368054408
494.74,37.82912856186672
494.75,37.86597362928185
494.76,37.902889139970604
494.77,37.939875352374884
494.78,37.97693252620477
494.79,38.01406092244608
494.8,38.05126080336791
494.81,38.08853243253031
494.82,38.12587607479191
494.83,38.1632919963177
494.84,38.2007804645868
494.85,38.238341748400295
494.86,38.275976117889165
494.87,38.31368384452223
494.88,38.351465201114166
494.89,38.38932046183357
494.9,38.42724990221111
494.91,38.46525379914769
494.92,38.50333243092272
494.93,38.54148607720241
494.94,38.57971501904814
494.95,38.61801953892489
494.96,38.656399920709724
494.97,38.69485644970033
494.98,38.73338941262365
494.99,38.77199909764454
495.0,38.8106857943745
495.01,38.84944979388049
495.02,38.88829138869377
495.03,38.92721087281886
495.04,38.96620854174249
495.05,39.00528469244268
495.06,39.04443962339787
495.07,39.083673634596096
495.08,39.12298702754425
495.09,39.16238010527739
495.1,39.201853172368175
495.11,39.24140653493627
495.12,39.2810405006579
495.13,39.32075537877548
495.14,39.360551480107226
495.15,39.400429117056945
495.16,39.44038860362383
495.17,39.48043025541234
495.18,39.52055438964216
495.19,39.560761325158246
495.2,39.60105138244093
495.21,39.64142488361606
495.22,39.68188215246532
495.23,39.722423514436514
495.24,39.76304929665398
495.25,39.80375982792911
495.26,39.84455543877087
495.27,39.88543646139646
495.28,39.92640322974204
495.29,39.967456079473536
495.3,40.0085953479975
495.31,40.049821374472096
495.32,40.09113449981814
495.33,40.13253506673021
495.34,40.17402341968789
495.35,40.215599904967036
495.36,40.25726487065117
495.37,40.29901866664296
495.38,40.34086164467573
495.39,40.382794158325154
495.4,40.42481656302094
495.41,40.46692921605867
495.42,40.50913247661171
495.43,40.55142670574317
495.44,40.59381226641803
495.45,40.6362895235153
495.46,40.6788588438403
495.47,40.72152059613701
495.48,40.76427515110055
495.49,40.807122881389695
495.5,40.85006416163957
495.51,40.893099368474374
495.52,40.93622888052022
495.53,40.97945307841807
495.54,41.0227723448368
495.55,41.066187064486336
495.56,41.10969762413086
495.57,41.15330441260219
495.58,41.197007820813226
495.59,41.24080824177149
495.6,41.28470607059277
495.61,41.32870170451489
495.62,41.37279554291159
495.63,41.41698798730648
495.64,41.46127944138712
495.65,41.50567031101924
495.66,41.55016100426099
495.67,41.594751931377424
495.68,41.63944350485495
495.69,41.68423613941602
495.7,41.72913025203387
495.71,41.77412626194736
495.72,41.81922459067601
495.73,41.864425662035046
495.74,41.909729902150666
495.75,41.95513773947535
495.76,42.00064960480333
495.77,42.046265931286165
495.78,42.091987154448454
495.79,42.13781371220365
495.8,42.18374604487004
495.81,42.229784595186786
495.82,42.27592980833016
495.83,42.322182131929864
495.84,42.3685420160855
495.85,42.41500991338315
495.86,42.46158627891214
495.87,42.508271570281835
495.88,42.55506624763871
495.89,42.60197077368342
495.9,42.64898561368808
495.91,42.6961112355137
495.92,42.74334810962766
495.93,42.790696709121484
495.94,42.83815750972859
495.95,42.88573098984229
495.96,42.933417630533896
495.97,42.981217915571
495.98,43.02913233143585
495.99,43.07716136734391
496.0,43.125305515262596
496.01,43.17356526993008
496.02,43.22194112887434
496.03,43.270433592432305
496.04,43.31904316376918
496.05,43.36777034889791
496.06,43.41661565669883
496.07,43.46557959893944
496.08,43.51466269029437
496.09,43.563865448365505
496.1,43.61318839370224
496.11,43.66263204982196
496.12,43.71219694323064
496.13,43.761883603443614
496.14,43.811692563006574
496.15,43.86162435751665
496.16,43.91167952564373
496.17,43.961858609151946
496.18,44.01216215292133
496.19,44.062590704969615
496.2,44.113144816474296
496.21,44.16382504179478
496.22,44.2146319384948
496.23,44.26556606736495
496.24,44.316627992445476
496.25,44.36781828104919
496.26,44.419137503784604
496.27,44.47058623457928
496.28,44.52216505070332
496.29,44.57387453279311
496.3,44.62571526487523
496.31,44.677687834390554
496.32,44.729792832218585
496.33,44.782030852701986
496.34,44.8344024936713
496.35,44.88690835646987
496.36,44.93954904597902
496.37,44.99232517064341
496.38,45.0452373424966
496.39,45.09828617718682
496.4,45.151472294003035
496.41,45.204796315901135
496.42,45.258258869530394
496.43,45.31186058526016
496.44,45.365602097206754
496.45,45.4194840432606
496.46,45.473507065113616
496.47,45.52767180828677
496.48,45.58197892215796
496.49,45.63642905999007
496.5,45.69102287895929
496.51,45.745761040183666
496.52,45.800644208751926
496.53,45.855673053752504
496.54,45.91084824830287
496.55,45.96617046957907
496.56,46.02164039884555
496.57,46.07725872148521
496.58,46.13302612702975
496.59,46.18894330919026
496.6,46.245010965888056
496.61,46.301229799285856
496.62,46.35760051581912
496.63,46.41412382622777
496.64,46.47080044558812
496.65,46.52763109334509
496.66,46.58461649334475
496.67,46.64175737386706
496.68,46.699054467659025
496.69,46.756508511968
496.7,46.814120248575406
496.71,46.87189042383066
496.72,46.92981978868546
496.73,46.987909098728316
496.74,47.04615911421947
496.75,47.10457060012604
496.76,47.163144326157514
496.77,47.22188106680157
496.78,47.28078160136019
496.79,47.3398467139861
496.8,47.39907719371954
496.81,47.458473834525385
496.82,47.51803743533054
496.83,47.57776880006173
496.84,47.63766873768358
496.85,47.697738062237086
496.86,47.75797759287836
496.87,47.81838815391782
496.88,47.87897057485965
496.89,47.93972569044163
496.9,48.00065434067536
496.91,48.06175737088684
496.92,48.123035631757375
496.93,48.184489979364905
496.94,48.24612127522567
496.95,48.30793038633626
496.96,48.369918185216086
496.97,48.43208554995019
496.98,48.494433364232435
496.99,48.55696251740917
497.0,48.619673904523204
497.01,48.68256842635822
497.02,48.745646989483625
497.03,48.80891050629973
497.04,48.872359895083456
497.05,48.93599608003435
497.06,48.99981999132111
497.07,49.063832565128486
497.08,49.12803474370464
497.09,49.19242747540894
497.1,49.257011714760196
497.11,49.32178842248532
497.12,49.38675856556849
497.13,49.45192311730072
497.14,49.51728305732991
497.15,49.58283937171137
497.16,49.64859305295882
497.17,49.71454510009583
497.18,49.78069651870779
497.19,49.84704832099433
497.2,49.913601525822266
497.21,49.98035715877899
497.22,50.04731625222643
497.23,50.11447984535547
497.24,50.18184898424088
497.25,50.24942472189682
497.26,50.31720811833281
497.27,50.38520024061023
497.28,50.45340216289944
497.29,50.52181496653729
497.3,50.590439740085365
497.31,50.6592775793886
497.32,50.728329587634605
497.33,50.79759687541344
497.34,50.86708056077805
497.35,50.93678176930523
497.36,51.006701634157174
497.37,51.07684129614365
497.38,51.147201903784726
497.39,51.217784613374135
497.4,51.288590589043245
497.41,51.35962100282562
497.42,51.43087703472224
497.43,51.50235987276736
497.44,51.57407071309491
497.45,51.64601076000571
497.46,51.71818122603516
497.47,51.79058333202174
497.48,51.86321830717604
497.49,51.93608738915059
497.5,52.00919182411028
497.51,52.08253286680352
497.52,52.15611178063405
497.53,52.229929837733536
497.54,52.30398831903478
497.55,52.37828851434572
497.56,52.452831722424136
497.57,52.527619251053096
497.58,52.602652417117135
497.59,52.6779325466792
497.6,52.75346097505837
497.61,52.8292390469083
497.62,52.90526811629651
497.63,52.98154954678443
497.64,53.058084711508194
497.65,53.13487499326035
497.66,53.21192178457226
497.67,53.28922648779746
497.68,53.3667905151957
497.69,53.44461528901799
497.7,53.522702241592356
497.71,53.601052815410554
497.72,53.67966846321563
497.73,53.75855064809032
497.74,53.83770084354644
497.75,53.91712053361508
497.76,53.99681121293776
497.77,54.0767743868585
497.78,54.15701157151687
497.79,54.23752429394188
497.8,54.31831409214694
497.81,54.39938251522573
497.82,54.48073112344906
497.83,54.562361488362704
497.84,54.644275192886276
497.85,54.726473831413095
497.86,54.80895900991106
497.87,54.891732346024604
497.88,54.974795469177664
497.89,55.05815002067773
497.9,55.14179765382095
497.91,55.22574003399837
497.92,55.30997883880319
497.93,55.394515758139235
497.94,55.47935249433048
497.95,55.56449076223173
497.96,55.64993228934047
497.97,55.73567881590988
497.98,55.821732095063
497.99,55.90809389290815
498.0,55.99476598865548
498.01,56.08175017473483
498.02,56.16904825691475
498.03,56.256662054422826
498.04,56.344593400067254
498.05,56.432844140359705
498.06,56.52141613563948
498.07,56.61031126019897
498.08,56.699531402410486
498.09,56.789078464854384
498.1,56.878954364448596
498.11,56.969161032579514
498.12,57.059700415234275
498.13,57.150574473134476
498.14,57.241785181871286
498.15,57.33333453204203
498.16,57.425224529388245
498.17,57.51745719493519
498.18,57.610034565132885
498.19,57.70295869199864
498.2,57.79623164326115
498.21,57.88985550250615
498.22,57.983832369323615
498.23,58.07816435945657
498.24,58.172853604951534
498.25,58.26790225431056
498.26,58.363312472644985
498.27,58.45908644183079
498.28,58.55522636066572
498.29,58.65173444502806
498.3,58.74861292803722
498.31,58.845864060215995
498.32,58.943490109654704
498.33,59.04149336217705
498.34,59.139876121507854
498.35,59.23864070944263
498.36,59.33778946601902
498.37,59.43732474969014
498.38,59.537248937499854
498.39,59.63756442525995
498.4,59.73827362772936
498.41,59.839378978795295
498.42,59.94088293165645
498.43,60.042787959008244
498.44,60.14509655323011
498.45,60.247811226574925
498.46,60.3509345113605
498.47,60.4544689601633
498.48,60.55841714601426
498.49,60.66278166259688
498.5,60.76756512444751
498.51,60.8727701671579
498.52,60.97839944758009
498.53,61.08445564403351
498.54,61.19094145651459
498.55,61.297859606908595
498.56,61.405212839204
498.57,61.513003919709206
498.58,61.621235637271816
498.59,61.729910803500346
498.6,61.839032252988524
498.61,61.94860284354215
498.62,62.05862545640855
498.63,62.16910299650868
498.64,62.280038392671905
498.65,62.391434597873484
498.66,62.50329458947479
498.67,62.615621369466346
498.68,62.72841796471362
498.69,62.84168742720574
498.7,62.95543283430705
498.71,63.06965728901161
498.72,63.184363920200695
498.73,63.29955588290324
498.74,63.4152363585594
498.75,63.531408555287136
498.76,63.648075708152
498.77,63.76524107944001
498.78,63.8829079589338
498.79,64.00107966419199
498.8,64.11975954083191
498.81,64.23895096281555
498.82,64.35865733273906
498.83,64.47888208212554
498.84,64.59962867172136
498.85,64.72090059179608
498.86,64.84270136244581
498.87,64.96503453390027
498.88,65.08790368683353
498.89,65.21131243267844
498.9,65.33526441394484
498.91,65.45976330454158
498.92,65.58481281010246
498.93,65.71041666831601
498.94,65.83657864925935
498.95,65.96330255573602
498.96,66.09059222361792
498.97,66.21845152219136
498.98,66.34688435450738
498.99,66.4758946577363
499.0,66.60548640352657
499.01,66.73566359836796
499.02,66.86643028395933
499.03,66.99779053758074
499.04,67.1297484724702
499.05,67.26230823820505
499.06,67.395474021088
499.07,67.52925004453795
499.08,67.66364056948558
499.09,67.7986498947739
499.1,67.93428235756372
499.11,68.07054233374409
499.12,68.20743423834796
499.13,68.34496252597287
499.14,68.48313169120699
499.15,68.62194626906039
499.16,68.76141083540172
499.17,68.90153000740042
499.18,69.04230844397436
499.19,69.18375084624317
499.2,69.32586195798723
499.21,69.46864656611245
499.22,69.61210950112098
499.23,69.75625563758771
499.24,69.90108989464295
499.25,70.0466172364611
499.26,70.19284267275566
499.27,70.33977125928038
499.28,70.4874080983369
499.29,70.6357583392888
499.3,70.78482717908223
499.31,70.93461986277323
499.32,71.08514168406175
499.33,71.23639798583257
499.34,71.38839416070311
499.35,71.54113565157841
499.36,71.69462795221307
499.37,71.84887660778064
499.38,72.00388721545026
499.39,72.15966542497083
499.4,72.31621693926267
499.41,72.47354751501697
499.42,72.631662963303
499.43,72.79056915018317
499.44,72.95027199733629
499.45,73.11077748268873
499.46,73.2720916410541
499.47,73.43422056478117
499.48,73.59717040441032
499.49,73.76094736933867
499.5,73.92555772849393
499.51,74.0910078110172
499.52,74.25730400695477
499.53,74.42445276795904
499.54,74.5924606079988
499.55,74.76133410407895
499.56,74.93107989696973
499.57,75.10170469194571
499.58,75.27321525953468
499.59,75.44561843627649
499.6,75.61892112549207
499.61,75.7931302980628
499.62,75.96825299322033
499.63,76.14429631934696
499.64,76.32126745478696
499.65,76.49917364866866
499.66,76.6780222217378
499.67,76.85782056720213
499.68,77.03857615158735
499.69,77.22029651560487
499.7,77.40298927503125
499.71,77.58666212159959
499.72,77.77132282390328
499.73,77.95697922831184
499.74,78.14363925989954
499.75,78.33131092338661
499.76,78.52000230409338
499.77,78.70972156890767
499.78,78.90047696726538
499.79,79.09227683214466
499.8,79.28512958107387
499.81,79.47904371715339
499.82,79.6740278300917
499.83,79.87009059725581
499.84,80.06724078473628
499.85,80.26548724842718
499.86,80.46483893512092
499.87,80.66530488361863
499.88,80.8668942258559
499.89,81.06961618804438
499.9,81.27348009182941
499.91,81.47849535546392
499.92,81.68467149499887
499.93,81.89201812549048
499.94,82.10054496222456
499.95,82.31026182195811
499.96,82.52117862417855
499.97,82.73330539238086
499.98,82.94665225536284
499.99,83.1612294485388
500.0,83.3770473152721
